# z LM (E,E) abs(P1) alpha
0.000000 0.000309 1.000000 0.999964 -0.000000
1.000000 0.001234 1.000000 0.999858 -0.000001
2.000000 0.002777 1.000000 0.999680 -0.000001
3.000000 0.004933 1.000001 0.999432 -0.000003
4.000000 0.007703 1.000001 0.999114 -0.000004
5.000000 0.011083 1.000001 0.998725 -0.000006
6.000000 0.015070 1.000002 0.998267 -0.000008
7.000000 0.019660 1.000003 0.997739 -0.000011
8.000000 0.024849 1.000003 0.997143 -0.000014
9.000000 0.030633 1.000004 0.996480 -0.000017
10.000000 0.037005 1.000005 0.995749 -0.000020
11.000000 0.043960 1.000006 0.994952 -0.000024
12.000000 0.051492 1.000007 0.994089 -0.000028
13.000000 0.059595 1.000008 0.993162 -0.000033
14.000000 0.068260 1.000009 0.992172 -0.000038
15.000000 0.077480 1.000010 0.991119 -0.000043
16.000000 0.087247 1.000011 0.990006 -0.000048
17.000000 0.097553 1.000012 0.988832 -0.000054
18.000000 0.108389 1.000014 0.987599 -0.000060
19.000000 0.119745 1.000015 0.986308 -0.000066
20.000000 0.131613 1.000017 0.984962 -0.000073
21.000000 0.143982 1.000019 0.983560 -0.000080
22.000000 0.156842 1.000020 0.982105 -0.000088
23.000000 0.170184 1.000022 0.980598 -0.000095
24.000000 0.183996 1.000024 0.979039 -0.000103
25.000000 0.198268 1.000026 0.977432 -0.000112
26.000000 0.212988 1.000028 0.975777 -0.000120
27.000000 0.228147 1.000030 0.974076 -0.000129
28.000000 0.243732 1.000032 0.972329 -0.000138
29.000000 0.259732 1.000034 0.970540 -0.000148
30.000000 0.276135 1.000036 0.968709 -0.000158
31.000000 0.292931 1.000039 0.966837 -0.000168
32.000000 0.310108 1.000041 0.964927 -0.000179
33.000000 0.327654 1.000044 0.962980 -0.000189
34.000000 0.345557 1.000046 0.960997 -0.000201
35.000000 0.363806 1.000049 0.958980 -0.000212
36.000000 0.382389 1.000052 0.956931 -0.000224
37.000000 0.401294 1.000054 0.954850 -0.000236
38.000000 0.420511 1.000057 0.952740 -0.000248
39.000000 0.440028 1.000060 0.950602 -0.000261
40.000000 0.459833 1.000063 0.948437 -0.000274
41.000000 0.479915 1.000066 0.946246 -0.000287
42.000000 0.500262 1.000069 0.944032 -0.000301
43.000000 0.520865 1.000072 0.941796 -0.000314
44.000000 0.541712 1.000076 0.939538 -0.000329
45.000000 0.562791 1.000079 0.937261 -0.000343
46.000000 0.584093 1.000082 0.934965 -0.000358
47.000000 0.605608 1.000086 0.932652 -0.000373
48.000000 0.627324 1.000089 0.930323 -0.000388
49.000000 0.649231 1.000093 0.927980 -0.000404
50.000000 0.671320 1.000097 0.925623 -0.000420
51.000000 0.693581 1.000100 0.923253 -0.000436
52.000000 0.716004 1.000104 0.920873 -0.000452
53.000000 0.738580 1.000108 0.918483 -0.000469
54.000000 0.761299 1.000112 0.916083 -0.000486
55.000000 0.784153 1.000116 0.913676 -0.000503
56.000000 0.807133 1.000120 0.911262 -0.000521
57.000000 0.830230 1.000124 0.908842 -0.000539
58.000000 0.853435 1.000128 0.906417 -0.000557
59.000000 0.876741 1.000133 0.903989 -0.000575
60.000000 0.900139 1.000137 0.901557 -0.000594
61.000000 0.923622 1.000141 0.899123 -0.000613
62.000000 0.947182 1.000146 0.896687 -0.000632
63.000000 0.970812 1.000150 0.894251 -0.000652
64.000000 0.994504 1.000155 0.891815 -0.000672
65.000000 1.018251 1.000159 0.889380 -0.000692
66.000000 1.042047 1.000164 0.886947 -0.000712
67.000000 1.065885 1.000169 0.884516 -0.000732
68.000000 1.089758 1.000173 0.882088 -0.000753
69.000000 1.113661 1.000178 0.879664 -0.000774
70.000000 1.137587 1.000183 0.877245 -0.000796
71.000000 1.161530 1.000188 0.874830 -0.000817
72.000000 1.185485 1.000193 0.872420 -0.000839
73.000000 1.209446 1.000198 0.870017 -0.000861
74.000000 1.233408 1.000203 0.867620 -0.000883
75.000000 1.257365 1.000209 0.865230 -0.000906
76.000000 1.281314 1.000214 0.862848 -0.000928
77.000000 1.305248 1.000219 0.860474 -0.000951
78.000000 1.329163 1.000225 0.858108 -0.000975
79.000000 1.353056 1.000230 0.855751 -0.000998
80.000000 1.376920 1.000235 0.853403 -0.001022
81.000000 1.400753 1.000241 0.851064 -0.001046
82.000000 1.424550 1.000246 0.848736 -0.001070
83.000000 1.448308 1.000252 0.846417 -0.001094
84.000000 1.472022 1.000258 0.844110 -0.001119
85.000000 1.495688 1.000263 0.841813 -0.001144
86.000000 1.519305 1.000269 0.839527 -0.001169
87.000000 1.542867 1.000275 0.837253 -0.001194
88.000000 1.566373 1.000281 0.834990 -0.001220
89.000000 1.589818 1.000287 0.832739 -0.001245
90.000000 1.613200 1.000293 0.830501 -0.001271
91.000000 1.636516 1.000299 0.828274 -0.001297
92.000000 1.659763 1.000305 0.826061 -0.001324
93.000000 1.682939 1.000311 0.823859 -0.001350
94.000000 1.706040 1.000317 0.821671 -0.001377
95.000000 1.729066 1.000323 0.819496 -0.001404
96.000000 1.752013 1.000330 0.817334 -0.001431
97.000000 1.774878 1.000336 0.815185 -0.001458
98.000000 1.797661 1.000342 0.813049 -0.001485
99.000000 1.820359 1.000349 0.810928 -0.001513
100.000000 1.842969 1.000355 0.808819 -0.001541
101.000000 1.865491 1.000361 0.806725 -0.001569
102.000000 1.887922 1.000368 0.804644 -0.001597
103.000000 1.910261 1.000374 0.802577 -0.001625
104.000000 1.932505 1.000381 0.800525 -0.001654
105.000000 1.954654 1.000388 0.798486 -0.001683
106.000000 1.976706 1.000394 0.796461 -0.001711
107.000000 1.998660 1.000401 0.794451 -0.001741
108.000000 2.020514 1.000408 0.792454 -0.001770
109.000000 2.042267 1.000414 0.790472 -0.001799
110.000000 2.063917 1.000421 0.788504 -0.001828
111.000000 2.085464 1.000428 0.786551 -0.001858
112.000000 2.106907 1.000435 0.784611 -0.001888
113.000000 2.128244 1.000442 0.782686 -0.001918
114.000000 2.149475 1.000449 0.780776 -0.001948
115.000000 2.170598 1.000456 0.778879 -0.001978
116.000000 2.191613 1.000463 0.776997 -0.002009
117.000000 2.212518 1.000470 0.775129 -0.002039
118.000000 2.233314 1.000477 0.773276 -0.002070
119.000000 2.254000 1.000484 0.771436 -0.002100
120.000000 2.274574 1.000491 0.769611 -0.002131
121.000000 2.295036 1.000498 0.767800 -0.002162
122.000000 2.315385 1.000505 0.766003 -0.002193
123.000000 2.335622 1.000512 0.764221 -0.002225
124.000000 2.355745 1.000520 0.762452 -0.002256
125.000000 2.375753 1.000527 0.760698 -0.002287
126.000000 2.395648 1.000534 0.758958 -0.002319
127.000000 2.415427 1.000541 0.757231 -0.002351
128.000000 2.435091 1.000549 0.755519 -0.002382
129.000000 2.454639 1.000556 0.753821 -0.002414
130.000000 2.474071 1.000563 0.752136 -0.002446
131.000000 2.493387 1.000571 0.750465 -0.002478
132.000000 2.512586 1.000578 0.748808 -0.002510
133.000000 2.531668 1.000586 0.747165 -0.002543
134.000000 2.550634 1.000593 0.745535 -0.002575
135.000000 2.569482 1.000601 0.743919 -0.002607
136.000000 2.588213 1.000608 0.742317 -0.002640
137.000000 2.606826 1.000616 0.740728 -0.002672
138.000000 2.625321 1.000623 0.739152 -0.002705
139.000000 2.643699 1.000631 0.737590 -0.002738
140.000000 2.661959 1.000638 0.736041 -0.002770
141.000000 2.680101 1.000646 0.734505 -0.002803
142.000000 2.698125 1.000653 0.732983 -0.002836
143.000000 2.716031 1.000661 0.731473 -0.002869
144.000000 2.733819 1.000668 0.729977 -0.002902
145.000000 2.751489 1.000676 0.728493 -0.002935
146.000000 2.769041 1.000684 0.727023 -0.002968
147.000000 2.786475 1.000691 0.725565 -0.003001
148.000000 2.803791 1.000699 0.724120 -0.003034
149.000000 2.820989 1.000707 0.722687 -0.003068
150.000000 2.838070 1.000714 0.721268 -0.003101
151.000000 2.855033 1.000722 0.719860 -0.003134
152.000000 2.871879 1.000730 0.718466 -0.003167
153.000000 2.888607 1.000737 0.717083 -0.003201
154.000000 2.905217 1.000745 0.715713 -0.003234
155.000000 2.921711 1.000753 0.714356 -0.003267
156.000000 2.938087 1.000760 0.713010 -0.003301
157.000000 2.954347 1.000768 0.711677 -0.003334
158.000000 2.970489 1.000776 0.710355 -0.003367
159.000000 2.986516 1.000783 0.709046 -0.003401
160.000000 3.002425 1.000791 0.707748 -0.003434
161.000000 3.018219 1.000799 0.706462 -0.003467
162.000000 3.033897 1.000806 0.705188 -0.003501
163.000000 3.049458 1.000814 0.703926 -0.003534
164.000000 3.064904 1.000822 0.702675 -0.003568
165.000000 3.080235 1.000830 0.701436 -0.003601
166.000000 3.095450 1.000837 0.700209 -0.003634
167.000000 3.110551 1.000845 0.698992 -0.003667
168.000000 3.125537 1.000853 0.697787 -0.003701
169.000000 3.140408 1.000860 0.696594 -0.003734
170.000000 3.155164 1.000868 0.695411 -0.003767
171.000000 3.169807 1.000876 0.694240 -0.003800
172.000000 3.184336 1.000883 0.693080 -0.003833
173.000000 3.198751 1.000891 0.691930 -0.003867
174.000000 3.213053 1.000898 0.690792 -0.003900
175.000000 3.227242 1.000906 0.689665 -0.003933
176.000000 3.241318 1.000914 0.688548 -0.003966
177.000000 3.255282 1.000921 0.687442 -0.003999
178.000000 3.269133 1.000929 0.686346 -0.004031
179.000000 3.282872 1.000936 0.685262 -0.004064
180.000000 3.296499 1.000944 0.684187 -0.004097
181.000000 3.310015 1.000951 0.683124 -0.004130
182.000000 3.323419 1.000959 0.682070 -0.004162
183.000000 3.336712 1.000966 0.681027 -0.004195
184.000000 3.349895 1.000974 0.679994 -0.004227
185.000000 3.362967 1.000981 0.678972 -0.004260
186.000000 3.375929 1.000989 0.677959 -0.004292
187.000000 3.388781 1.000996 0.676957 -0.004324
188.000000 3.401523 1.001004 0.675964 -0.004356
189.000000 3.414156 1.001011 0.674982 -0.004388
190.000000 3.426680 1.001018 0.674009 -0.004420
191.000000 3.439095 1.001026 0.673047 -0.004452
192.000000 3.451401 1.001033 0.672094 -0.004484
193.000000 3.463599 1.001040 0.671151 -0.004515
194.000000 3.475690 1.001048 0.670217 -0.004547
195.000000 3.487672 1.001055 0.669293 -0.004578
196.000000 3.499547 1.001062 0.668379 -0.004610
197.000000 3.511314 1.001069 0.667474 -0.004641
198.000000 3.522975 1.001076 0.666578 -0.004672
199.000000 3.534529 1.001084 0.665692 -0.004703
200.000000 3.545976 1.001091 0.664816 -0.004734
201.000000 3.557318 1.001098 0.663948 -0.004764
202.000000 3.568553 1.001105 0.663090 -0.004795
203.000000 3.579683 1.001112 0.662241 -0.004825
204.000000 3.590707 1.001119 0.661401 -0.004856
205.000000 3.601627 1.001126 0.660570 -0.004886
206.000000 3.612442 1.001133 0.659748 -0.004916
207.000000 3.623152 1.001140 0.658935 -0.004946
208.000000 3.633758 1.001146 0.658131 -0.004976
209.000000 3.644259 1.001153 0.657335 -0.005005
210.000000 3.654657 1.001160 0.656549 -0.005035
211.000000 3.664952 1.001167 0.655771 -0.005064
212.000000 3.675143 1.001173 0.655002 -0.005093
213.000000 3.685231 1.001180 0.654242 -0.005122
214.000000 3.695217 1.001187 0.653490 -0.005151
215.000000 3.705100 1.001193 0.652747 -0.005179
216.000000 3.714880 1.001200 0.652013 -0.005208
217.000000 3.724559 1.001206 0.651286 -0.005236
218.000000 3.734136 1.001213 0.650569 -0.005264
219.000000 3.743611 1.001219 0.649859 -0.005292
220.000000 3.752986 1.001226 0.649158 -0.005320
221.000000 3.762259 1.001232 0.648466 -0.005348
222.000000 3.771431 1.001238 0.647781 -0.005375
223.000000 3.780503 1.001245 0.647105 -0.005402
224.000000 3.789474 1.001251 0.646437 -0.005429
225.000000 3.798345 1.001257 0.645777 -0.005456
226.000000 3.807117 1.001263 0.645125 -0.005483
227.000000 3.815788 1.001269 0.644482 -0.005509
228.000000 3.824361 1.001275 0.643846 -0.005536
229.000000 3.832834 1.001281 0.643218 -0.005562
230.000000 3.841208 1.001287 0.642598 -0.005587
231.000000 3.849484 1.001293 0.641986 -0.005613
232.000000 3.857660 1.001299 0.641382 -0.005638
233.000000 3.865739 1.001305 0.640786 -0.005664
234.000000 3.873719 1.001311 0.640198 -0.005689
235.000000 3.881602 1.001316 0.639617 -0.005713
236.000000 3.889387 1.001322 0.639044 -0.005738
237.000000 3.897074 1.001328 0.638479 -0.005762
238.000000 3.904664 1.001333 0.637921 -0.005786
239.000000 3.912157 1.001339 0.637371 -0.005810
240.000000 3.919553 1.001344 0.636828 -0.005834
241.000000 3.926853 1.001350 0.636293 -0.005857
242.000000 3.934055 1.001355 0.635766 -0.005881
243.000000 3.941162 1.001360 0.635246 -0.005903
244.000000 3.948173 1.001366 0.634733 -0.005926
245.000000 3.955087 1.001371 0.634228 -0.005949
246.000000 3.961906 1.001376 0.633731 -0.005971
247.000000 3.968629 1.001381 0.633240 -0.005993
248.000000 3.975257 1.001386 0.632757 -0.006015
249.000000 3.981790 1.001391 0.632282 -0.006036
250.000000 3.988227 1.001396 0.631813 -0.006057
251.000000 3.994570 1.001401 0.631352 -0.006078
252.000000 4.000818 1.001405 0.630898 -0.006099
253.000000 4.006972 1.001410 0.630451 -0.006120
254.000000 4.013031 1.001415 0.630011 -0.006140
255.000000 4.018996 1.001419 0.629579 -0.006160
256.000000 4.024867 1.001424 0.629154 -0.006179
257.000000 4.030644 1.001428 0.628735 -0.006199
258.000000 4.036327 1.001433 0.628324 -0.006218
259.000000 4.041917 1.001437 0.627920 -0.006237
260.000000 4.047414 1.001441 0.627523 -0.006256
261.000000 4.052817 1.001446 0.627132 -0.006274
262.000000 4.058127 1.001450 0.626749 -0.006292
263.000000 4.063344 1.001454 0.626373 -0.006310
264.000000 4.068468 1.001458 0.626003 -0.006327
265.000000 4.073500 1.001462 0.625641 -0.006345
266.000000 4.078438 1.001466 0.625285 -0.006362
267.000000 4.083285 1.001470 0.624936 -0.006378
268.000000 4.088039 1.001474 0.624594 -0.006395
269.000000 4.092701 1.001477 0.624259 -0.006411
270.000000 4.097271 1.001481 0.623931 -0.006427
271.000000 4.101749 1.001485 0.623609 -0.006442
272.000000 4.106136 1.001488 0.623294 -0.006457
273.000000 4.110430 1.001491 0.622986 -0.006472
274.000000 4.114633 1.001495 0.622685 -0.006487
275.000000 4.118745 1.001498 0.622390 -0.006501
276.000000 4.122765 1.001501 0.622102 -0.006516
277.000000 4.126694 1.001505 0.621821 -0.006529
278.000000 4.130532 1.001508 0.621546 -0.006543
279.000000 4.134279 1.001511 0.621278 -0.006556
280.000000 4.137935 1.001514 0.621017 -0.006569
281.000000 4.141500 1.001517 0.620762 -0.006582
282.000000 4.144975 1.001519 0.620514 -0.006594
283.000000 4.148359 1.001522 0.620272 -0.006606
284.000000 4.151652 1.001525 0.620037 -0.006618
285.000000 4.154855 1.001528 0.619808 -0.006629
286.000000 4.157968 1.001530 0.619586 -0.006640
287.000000 4.160990 1.001533 0.619370 -0.006651
288.000000 4.163922 1.001535 0.619161 -0.006661
289.000000 4.166764 1.001537 0.618959 -0.006671
290.000000 4.169516 1.001540 0.618763 -0.006681
291.000000 4.172178 1.001542 0.618573 -0.006691
292.000000 4.174750 1.001544 0.618390 -0.006700
293.000000 4.177232 1.001546 0.618213 -0.006709
294.000000 4.179625 1.001548 0.618043 -0.006717
295.000000 4.181927 1.001550 0.617879 -0.006726
296.000000 4.184141 1.001552 0.617722 -0.006734
297.000000 4.186264 1.001553 0.617571 -0.006741
298.000000 4.188298 1.001555 0.617426 -0.006749
299.000000 4.190243 1.001557 0.617288 -0.006756
300.000000 4.192098 1.001558 0.617156 -0.006762
301.000000 4.193864 1.001560 0.617031 -0.006769
302.000000 4.195541 1.001561 0.616912 -0.006775
303.000000 4.197128 1.001563 0.616799 -0.006780
304.000000 4.198627 1.001564 0.616692 -0.006786
305.000000 4.200036 1.001565 0.616592 -0.006791
306.000000 4.201356 1.001566 0.616499 -0.006796
307.000000 4.202586 1.001567 0.616411 -0.006800
308.000000 4.203728 1.001568 0.616330 -0.006804
309.000000 4.204781 1.001569 0.616256 -0.006808
310.000000 4.205745 1.001570 0.616187 -0.006811
311.000000 4.206619 1.001570 0.616125 -0.006814
312.000000 4.207405 1.001571 0.616070 -0.006817
313.000000 4.208102 1.001572 0.616020 -0.006820
314.000000 4.208710 1.001572 0.615977 -0.006822
315.000000 4.209229 1.001573 0.615940 -0.006824
316.000000 4.209659 1.001573 0.615910 -0.006825
317.000000 4.210001 1.001573 0.615885 -0.006826
318.000000 4.210253 1.001573 0.615868 -0.006827
319.000000 4.210417 1.001573 0.615856 -0.006828
320.000000 4.210492 1.001574 0.615851 -0.006828
321.000000 4.210478 1.001573 0.615852 -0.006828
322.000000 4.210375 1.001573 0.615859 -0.006827
323.000000 4.210183 1.001573 0.615873 -0.006827
324.000000 4.209902 1.001573 0.615892 -0.006826
325.000000 4.209533 1.001573 0.615919 -0.006824
326.000000 4.209075 1.001572 0.615951 -0.006822
327.000000 4.208528 1.001572 0.615990 -0.006820
328.000000 4.207891 1.001571 0.616035 -0.006818
329.000000 4.207166 1.001571 0.616086 -0.006815
330.000000 4.206353 1.001570 0.616144 -0.006812
331.000000 4.205450 1.001569 0.616208 -0.006809
332.000000 4.204458 1.001568 0.616279 -0.006805
333.000000 4.203377 1.001567 0.616355 -0.006801
334.000000 4.202207 1.001566 0.616438 -0.006797
335.000000 4.200948 1.001565 0.616528 -0.006792
336.000000 4.199600 1.001564 0.616623 -0.006787
337.000000 4.198163 1.001563 0.616725 -0.006782
338.000000 4.196636 1.001562 0.616834 -0.006776
339.000000 4.195021 1.001560 0.616949 -0.006770
340.000000 4.193316 1.001559 0.617070 -0.006764
341.000000 4.191522 1.001557 0.617197 -0.006757
342.000000 4.189638 1.001556 0.617331 -0.006750
343.000000 4.187665 1.001554 0.617471 -0.006743
344.000000 4.185603 1.001552 0.617618 -0.006736
345.000000 4.183451 1.001550 0.617771 -0.006728
346.000000 4.181209 1.001548 0.617930 -0.006720
347.000000 4.178878 1.001547 0.618096 -0.006711
348.000000 4.176457 1.001544 0.618269 -0.006702
349.000000 4.173947 1.001542 0.618447 -0.006693
350.000000 4.171346 1.001540 0.618632 -0.006684
351.000000 4.168656 1.001538 0.618824 -0.006674
352.000000 4.165876 1.001536 0.619022 -0.006664
353.000000 4.163005 1.001533 0.619227 -0.006653
354.000000 4.160045 1.001531 0.619438 -0.006643
355.000000 4.156994 1.001528 0.619655 -0.006632
356.000000 4.153853 1.001526 0.619880 -0.006620
357.000000 4.150622 1.001523 0.620110 -0.006609
358.000000 4.147300 1.001520 0.620347 -0.006597
359.000000 4.143888 1.001517 0.620591 -0.006585
360.000000 4.140385 1.001515 0.620842 -0.006572
361.000000 4.136791 1.001512 0.621098 -0.006559
362.000000 4.133106 1.001509 0.621362 -0.006546
363.000000 4.129331 1.001505 0.621632 -0.006533
364.000000 4.125464 1.001502 0.621909 -0.006519
365.000000 4.121506 1.001499 0.622192 -0.006505
366.000000 4.117457 1.001496 0.622482 -0.006491
367.000000 4.113317 1.001492 0.622779 -0.006476
368.000000 4.109085 1.001489 0.623083 -0.006461
369.000000 4.104762 1.001485 0.623393 -0.006446
370.000000 4.100346 1.001482 0.623710 -0.006431
371.000000 4.095839 1.001478 0.624034 -0.006415
372.000000 4.091241 1.001475 0.624364 -0.006399
373.000000 4.086550 1.001471 0.624701 -0.006382
374.000000 4.081766 1.001467 0.625046 -0.006366
375.000000 4.076891 1.001463 0.625397 -0.006349
376.000000 4.071923 1.001459 0.625754 -0.006332
377.000000 4.066862 1.001455 0.626119 -0.006314
378.000000 4.061709 1.001451 0.626491 -0.006297
379.000000 4.056463 1.001447 0.626869 -0.006279
380.000000 4.051124 1.001443 0.627255 -0.006260
381.000000 4.045691 1.001438 0.627647 -0.006242
382.000000 4.040166 1.001434 0.628046 -0.006223
383.000000 4.034547 1.001430 0.628453 -0.006204
384.000000 4.028834 1.001425 0.628866 -0.006184
385.000000 4.023028 1.001421 0.629287 -0.006165
386.000000 4.017127 1.001416 0.629714 -0.006145
387.000000 4.011133 1.001411 0.630149 -0.006125
388.000000 4.005044 1.001407 0.630591 -0.006104
389.000000 3.998861 1.001402 0.631040 -0.006084
390.000000 3.992584 1.001397 0.631496 -0.006063
391.000000 3.986211 1.001392 0.631960 -0.006042
392.000000 3.979744 1.001387 0.632430 -0.006020
393.000000 3.973182 1.001382 0.632908 -0.005998
394.000000 3.966524 1.001377 0.633394 -0.005977
395.000000 3.959771 1.001372 0.633886 -0.005954
396.000000 3.952923 1.001367 0.634386 -0.005932
397.000000 3.945978 1.001362 0.634894 -0.005909
398.000000 3.938938 1.001356 0.635409 -0.005886
399.000000 3.931802 1.001351 0.635931 -0.005863
400.000000 3.924569 1.001346 0.636461 -0.005840
401.000000 3.917239 1.001340 0.636998 -0.005816
402.000000 3.909813 1.001335 0.637543 -0.005793
403.000000 3.902290 1.001329 0.638095 -0.005768
404.000000 3.894670 1.001324 0.638655 -0.005744
405.000000 3.886952 1.001318 0.639223 -0.005720
406.000000 3.879137 1.001312 0.639798 -0.005695
407.000000 3.871225 1.001306 0.640381 -0.005670
408.000000 3.863214 1.001301 0.640972 -0.005645
409.000000 3.855105 1.001295 0.641571 -0.005620
410.000000 3.846898 1.001289 0.642178 -0.005594
411.000000 3.838592 1.001283 0.642792 -0.005568
412.000000 3.830187 1.001277 0.643414 -0.005542
413.000000 3.821684 1.001271 0.644044 -0.005516
414.000000 3.813081 1.001265 0.644683 -0.005490
415.000000 3.804378 1.001259 0.645329 -0.005463
416.000000 3.795576 1.001253 0.645983 -0.005436
417.000000 3.786674 1.001246 0.646646 -0.005409
418.000000 3.777672 1.001240 0.647316 -0.005382
419.000000 3.768570 1.001234 0.647995 -0.005355
420.000000 3.759366 1.001227 0.648682 -0.005327
421.000000 3.750062 1.001221 0.649377 -0.005299
422.000000 3.740657 1.001215 0.650080 -0.005272
423.000000 3.731151 1.001208 0.650792 -0.005243
424.000000 3.721543 1.001202 0.651513 -0.005215
425.000000 3.711833 1.001195 0.652241 -0.005187
426.000000 3.702021 1.001188 0.652979 -0.005158
427.000000 3.692107 1.001182 0.653724 -0.005129
428.000000 3.682090 1.001175 0.654479 -0.005100
429.000000 3.671971 1.001168 0.655242 -0.005071
430.000000 3.661748 1.001162 0.656013 -0.005042
431.000000 3.651422 1.001155 0.656794 -0.005013
432.000000 3.640993 1.001148 0.657583 -0.004983
433.000000 3.630460 1.001141 0.658381 -0.004953
434.000000 3.619822 1.001134 0.659187 -0.004924
435.000000 3.609081 1.001127 0.660003 -0.004894
436.000000 3.598234 1.001121 0.660828 -0.004863
437.000000 3.587283 1.001114 0.661661 -0.004833
438.000000 3.576227 1.001107 0.662504 -0.004803
439.000000 3.565065 1.001100 0.663356 -0.004772
440.000000 3.553798 1.001092 0.664217 -0.004742
441.000000 3.542425 1.001085 0.665087 -0.004711
442.000000 3.530945 1.001078 0.665967 -0.004680
443.000000 3.519360 1.001071 0.666856 -0.004649
444.000000 3.507667 1.001064 0.667754 -0.004618
445.000000 3.495868 1.001057 0.668662 -0.004586
446.000000 3.483961 1.001049 0.669579 -0.004555
447.000000 3.471946 1.001042 0.670506 -0.004523
448.000000 3.459824 1.001035 0.671442 -0.004492
449.000000 3.447594 1.001028 0.672389 -0.004460
450.000000 3.435256 1.001020 0.673344 -0.004428
451.000000 3.422808 1.001013 0.674310 -0.004396
452.000000 3.410252 1.001005 0.675285 -0.004364
453.000000 3.397587 1.000998 0.676271 -0.004332
454.000000 3.384813 1.000991 0.677266 -0.004300
455.000000 3.371928 1.000983 0.678272 -0.004268
456.000000 3.358934 1.000976 0.679287 -0.004235
457.000000 3.345829 1.000968 0.680313 -0.004203
458.000000 3.332614 1.000961 0.681348 -0.004171
459.000000 3.319289 1.000953 0.682395 -0.004138
460.000000 3.305852 1.000946 0.683451 -0.004105
461.000000 3.292304 1.000938 0.684518 -0.004073
462.000000 3.278644 1.000931 0.685595 -0.004040
463.000000 3.264873 1.000923 0.686683 -0.004007
464.000000 3.250989 1.000916 0.687782 -0.003974
465.000000 3.236993 1.000908 0.688891 -0.003941
466.000000 3.222885 1.000900 0.690011 -0.003908
467.000000 3.208663 1.000893 0.691141 -0.003875
468.000000 3.194329 1.000885 0.692283 -0.003842
469.000000 3.179881 1.000877 0.693435 -0.003809
470.000000 3.165320 1.000870 0.694599 -0.003776
471.000000 3.150645 1.000862 0.695773 -0.003742
472.000000 3.135856 1.000855 0.696959 -0.003709
473.000000 3.120952 1.000847 0.698156 -0.003676
474.000000 3.105934 1.000839 0.699364 -0.003643
475.000000 3.090801 1.000831 0.700584 -0.003609
476.000000 3.075554 1.000824 0.701814 -0.003576
477.000000 3.060191 1.000816 0.703057 -0.003543
478.000000 3.044712 1.000808 0.704311 -0.003509
479.000000 3.029118 1.000801 0.705576 -0.003476
480.000000 3.013409 1.000793 0.706854 -0.003443
481.000000 2.997583 1.000785 0.708143 -0.003409
482.000000 2.981641 1.000778 0.709444 -0.003376
483.000000 2.965583 1.000770 0.710757 -0.003343
484.000000 2.949408 1.000762 0.712081 -0.003309
485.000000 2.933117 1.000755 0.713418 -0.003276
486.000000 2.916709 1.000747 0.714767 -0.003242
487.000000 2.900184 1.000739 0.716128 -0.003209
488.000000 2.883542 1.000732 0.717502 -0.003176
489.000000 2.866782 1.000724 0.718887 -0.003143
490.000000 2.849905 1.000716 0.720286 -0.003109
491.000000 2.832911 1.000709 0.721696 -0.003076
492.000000 2.815800 1.000701 0.723119 -0.003043
493.000000 2.798570 1.000693 0.724555 -0.003010
494.000000 2.781223 1.000686 0.726004 -0.002977
495.000000 2.763758 1.000678 0.727465 -0.002944
496.000000 2.746176 1.000670 0.728939 -0.002910
497.000000 2.728476 1.000663 0.730426 -0.002877
498.000000 2.710657 1.000655 0.731926 -0.002845
499.000000 2.692721 1.000648 0.733439 -0.002812
500.000000 2.674668 1.000640 0.734965 -0.002779
501.000000 2.656496 1.000633 0.736504 -0.002746
502.000000 2.638207 1.000625 0.738057 -0.002713
503.000000 2.619800 1.000618 0.739622 -0.002681
504.000000 2.601276 1.000610 0.741201 -0.002648
505.000000 2.582634 1.000603 0.742794 -0.002616
506.000000 2.563875 1.000595 0.744400 -0.002583
507.000000 2.544999 1.000588 0.746019 -0.002551
508.000000 2.526006 1.000580 0.747652 -0.002519
509.000000 2.506896 1.000573 0.749299 -0.002487
510.000000 2.487670 1.000565 0.750959 -0.002454
511.000000 2.468327 1.000558 0.752634 -0.002422
512.000000 2.448869 1.000551 0.754322 -0.002391
513.000000 2.429294 1.000543 0.756023 -0.002359
514.000000 2.409605 1.000536 0.757739 -0.002327
515.000000 2.389800 1.000529 0.759469 -0.002295
516.000000 2.369881 1.000521 0.761213 -0.002264
517.000000 2.349848 1.000514 0.762970 -0.002233
518.000000 2.329701 1.000507 0.764742 -0.002201
519.000000 2.309441 1.000500 0.766528 -0.002170
520.000000 2.289069 1.000493 0.768328 -0.002139
521.000000 2.268584 1.000486 0.770142 -0.002108
522.000000 2.247989 1.000479 0.771970 -0.002078
523.000000 2.227282 1.000471 0.773813 -0.002047
524.000000 2.206465 1.000464 0.775670 -0.002016
525.000000 2.185539 1.000457 0.777541 -0.001986
526.000000 2.164505 1.000450 0.779426 -0.001956
527.000000 2.143363 1.000444 0.781325 -0.001926
528.000000 2.122114 1.000437 0.783239 -0.001896
529.000000 2.100760 1.000430 0.785167 -0.001866
530.000000 2.079300 1.000423 0.787109 -0.001836
531.000000 2.057737 1.000416 0.789066 -0.001807
532.000000 2.036072 1.000409 0.791036 -0.001777
533.000000 2.014305 1.000403 0.793021 -0.001748
534.000000 1.992438 1.000396 0.795020 -0.001719
535.000000 1.970472 1.000389 0.797033 -0.001690
536.000000 1.948408 1.000383 0.799060 -0.001661
537.000000 1.926248 1.000376 0.801102 -0.001633
538.000000 1.903994 1.000370 0.803157 -0.001604
539.000000 1.881647 1.000363 0.805226 -0.001576
540.000000 1.859208 1.000357 0.807309 -0.001548
541.000000 1.836680 1.000350 0.809405 -0.001520
542.000000 1.814064 1.000344 0.811515 -0.001493
543.000000 1.791362 1.000337 0.813639 -0.001465
544.000000 1.768577 1.000331 0.815776 -0.001438
545.000000 1.745709 1.000325 0.817927 -0.001411
546.000000 1.722762 1.000319 0.820091 -0.001384
547.000000 1.699738 1.000313 0.822267 -0.001357
548.000000 1.676638 1.000306 0.824457 -0.001330
549.000000 1.653467 1.000300 0.826660 -0.001304
550.000000 1.630225 1.000294 0.828874 -0.001278
551.000000 1.606916 1.000288 0.831102 -0.001252
552.000000 1.583542 1.000282 0.833341 -0.001226
553.000000 1.560107 1.000277 0.835593 -0.001201
554.000000 1.536613 1.000271 0.837856 -0.001175
555.000000 1.513064 1.000265 0.840131 -0.001150
556.000000 1.489463 1.000259 0.842416 -0.001125
557.000000 1.465813 1.000254 0.844713 -0.001101
558.000000 1.442118 1.000248 0.847021 -0.001076
559.000000 1.418381 1.000242 0.849339 -0.001052
560.000000 1.394607 1.000237 0.851667 -0.001028
561.000000 1.370799 1.000231 0.854004 -0.001004
562.000000 1.346961 1.000226 0.856351 -0.000981
563.000000 1.323097 1.000221 0.858707 -0.000957
564.000000 1.299213 1.000215 0.861072 -0.000934
565.000000 1.275312 1.000210 0.863444 -0.000912
566.000000 1.251399 1.000205 0.865825 -0.000889
567.000000 1.227479 1.000200 0.868213 -0.000867
568.000000 1.203558 1.000195 0.870607 -0.000845
569.000000 1.179639 1.000189 0.873008 -0.000823
570.000000 1.155729 1.000185 0.875414 -0.000801
571.000000 1.131834 1.000180 0.877826 -0.000780
572.000000 1.107958 1.000175 0.880242 -0.000759
573.000000 1.084108 1.000170 0.882662 -0.000738
574.000000 1.060290 1.000165 0.885086 -0.000717
575.000000 1.036511 1.000161 0.887512 -0.000697
576.000000 1.012775 1.000156 0.889941 -0.000677
577.000000 0.989092 1.000151 0.892371 -0.000657
578.000000 0.965466 1.000147 0.894801 -0.000637
579.000000 0.941906 1.000142 0.897232 -0.000618
580.000000 0.918418 1.000138 0.899661 -0.000599
581.000000 0.895010 1.000134 0.902089 -0.000580
582.000000 0.871689 1.000129 0.904514 -0.000562
583.000000 0.848464 1.000125 0.906936 -0.000544
584.000000 0.825343 1.000121 0.909354 -0.000526
585.000000 0.802333 1.000117 0.911766 -0.000508
586.000000 0.779443 1.000113 0.914172 -0.000491
587.000000 0.756682 1.000109 0.916571 -0.000473
588.000000 0.734058 1.000105 0.918961 -0.000457
589.000000 0.711581 1.000101 0.921342 -0.000440
590.000000 0.689259 1.000098 0.923713 -0.000424
591.000000 0.667103 1.000094 0.926072 -0.000408
592.000000 0.645122 1.000090 0.928419 -0.000392
593.000000 0.623325 1.000087 0.930752 -0.000377
594.000000 0.601723 1.000083 0.933069 -0.000362
595.000000 0.580325 1.000080 0.935371 -0.000347
596.000000 0.559142 1.000077 0.937655 -0.000332
597.000000 0.538184 1.000073 0.939920 -0.000318
598.000000 0.517462 1.000070 0.942165 -0.000304
599.000000 0.496987 1.000067 0.944388 -0.000291
600.000000 0.476769 1.000064 0.946589 -0.000277
601.000000 0.456820 1.000061 0.948766 -0.000264
602.000000 0.437150 1.000058 0.950917 -0.000251
603.000000 0.417770 1.000055 0.953041 -0.000239
604.000000 0.398693 1.000052 0.955136 -0.000227
605.000000 0.379929 1.000050 0.957202 -0.000215
606.000000 0.361490 1.000047 0.959236 -0.000204
607.000000 0.343387 1.000044 0.961237 -0.000192
608.000000 0.325632 1.000042 0.963204 -0.000181
609.000000 0.308236 1.000039 0.965135 -0.000171
610.000000 0.291211 1.000037 0.967029 -0.000161
611.000000 0.274568 1.000035 0.968884 -0.000151
612.000000 0.258318 1.000033 0.970698 -0.000141
613.000000 0.242474 1.000030 0.972470 -0.000132
614.000000 0.227046 1.000028 0.974199 -0.000123
615.000000 0.212046 1.000026 0.975883 -0.000114
616.000000 0.197484 1.000024 0.977520 -0.000105
617.000000 0.183372 1.000022 0.979110 -0.000097
618.000000 0.169721 1.000021 0.980650 -0.000090
619.000000 0.156540 1.000019 0.982139 -0.000082
620.000000 0.143841 1.000017 0.983576 -0.000075
621.000000 0.131634 1.000016 0.984959 -0.000068
622.000000 0.119928 1.000014 0.986288 -0.000062
623.000000 0.108734 1.000013 0.987560 -0.000056
624.000000 0.098061 1.000011 0.988774 -0.000050
625.000000 0.087917 1.000010 0.989929 -0.000044
626.000000 0.078312 1.000009 0.991025 -0.000039
627.000000 0.069253 1.000008 0.992059 -0.000034
628.000000 0.060749 1.000007 0.993030 -0.000029
629.000000 0.052808 1.000006 0.993939 -0.000025
630.000000 0.045436 1.000005 0.994783 -0.000021
631.000000 0.038640 1.000004 0.995561 -0.000018
632.000000 0.032427 1.000003 0.996274 -0.000014
633.000000 0.026802 1.000003 0.996919 -0.000012
634.000000 0.021770 1.000002 0.997497 -0.000009
635.000000 0.017336 1.000002 0.998006 -0.000007
636.000000 0.013505 1.000001 0.998446 -0.000005
637.000000 0.010280 1.000001 0.998817 -0.000003
638.000000 0.007664 1.000000 0.999118 -0.000002
639.000000 0.005660 1.000000 0.999349 -0.000001
640.000000 0.004270 1.000000 0.999509 -0.000000
641.000000 0.003495 1.000000 0.999598 0.000000
642.000000 0.003336 1.000000 0.999616 0.000000
643.000000 0.003794 1.000000 0.999563 -0.000000
644.000000 0.004867 1.000000 0.999440 -0.000001
645.000000 0.006556 1.000000 0.999245 -0.000002
646.000000 0.008859 1.000001 0.998981 -0.000003
647.000000 0.011773 1.000001 0.998645 -0.000005
648.000000 0.015297 1.000002 0.998240 -0.000007
649.000000 0.019426 1.000002 0.997766 -0.000009
650.000000 0.024158 1.000003 0.997223 -0.000012
651.000000 0.029487 1.000003 0.996611 -0.000014
652.000000 0.035410 1.000004 0.995932 -0.000018
653.000000 0.041920 1.000005 0.995185 -0.000021
654.000000 0.049013 1.000006 0.994373 -0.000025
655.000000 0.056681 1.000007 0.993496 -0.000029
656.000000 0.064917 1.000008 0.992554 -0.000034
657.000000 0.073716 1.000009 0.991549 -0.000039
658.000000 0.083068 1.000010 0.990482 -0.000044
659.000000 0.092966 1.000011 0.989354 -0.000050
660.000000 0.103401 1.000013 0.988166 -0.000055
661.000000 0.114364 1.000014 0.986920 -0.000062
662.000000 0.125847 1.000016 0.985616 -0.000068
663.000000 0.137840 1.000017 0.984256 -0.000075
664.000000 0.150332 1.000019 0.982841 -0.000082
665.000000 0.163314 1.000021 0.981373 -0.000089
666.000000 0.176776 1.000022 0.979854 -0.000097
667.000000 0.190706 1.000024 0.978283 -0.000105
668.000000 0.205094 1.000026 0.976664 -0.000114
669.000000 0.219929 1.000028 0.974998 -0.000122
670.000000 0.235200 1.000030 0.973285 -0.000131
671.000000 0.250895 1.000032 0.971528 -0.000141
672.000000 0.267004 1.000035 0.969728 -0.000150
673.000000 0.283514 1.000037 0.967886 -0.000160
674.000000 0.300414 1.000039 0.966005 -0.000171
675.000000 0.317692 1.000042 0.964085 -0.000181
676.000000 0.335337 1.000044 0.962129 -0.000192
677.000000 0.353337 1.000047 0.960137 -0.000203
678.000000 0.371680 1.000050 0.958111 -0.000215
679.000000 0.390355 1.000052 0.956054 -0.000227
680.000000 0.409351 1.000055 0.953965 -0.000239
681.000000 0.428654 1.000058 0.951847 -0.000251
682.000000 0.448255 1.000061 0.949702 -0.000264
683.000000 0.468141 1.000064 0.947530 -0.000277
684.000000 0.488301 1.000067 0.945333 -0.000290
685.000000 0.508725 1.000070 0.943113 -0.000304
686.000000 0.529401 1.000073 0.940871 -0.000318
687.000000 0.550317 1.000077 0.938608 -0.000332
688.000000 0.571464 1.000080 0.936325 -0.000347
689.000000 0.592831 1.000083 0.934025 -0.000361
690.000000 0.614407 1.000087 0.931708 -0.000377
691.000000 0.636182 1.000090 0.929375 -0.000392
692.000000 0.658145 1.000094 0.927028 -0.000408
693.000000 0.680287 1.000098 0.924668 -0.000424
694.000000 0.702598 1.000101 0.922295 -0.000440
695.000000 0.725069 1.000105 0.919913 -0.000456
696.000000 0.747689 1.000109 0.917520 -0.000473
697.000000 0.770450 1.000113 0.915119 -0.000490
698.000000 0.793343 1.000117 0.912710 -0.000508
699.000000 0.816359 1.000121 0.910295 -0.000525
700.000000 0.839490 1.000125 0.907874 -0.000543
701.000000 0.862726 1.000129 0.905448 -0.000561
702.000000 0.886060 1.000134 0.903019 -0.000580
703.000000 0.909484 1.000138 0.900587 -0.000599
704.000000 0.932990 1.000142 0.898153 -0.000618
705.000000 0.956570 1.000147 0.895718 -0.000637
706.000000 0.980218 1.000151 0.893283 -0.000657
707.000000 1.003925 1.000156 0.890848 -0.000676
708.000000 1.027686 1.000160 0.888415 -0.000696
709.000000 1.051492 1.000165 0.885983 -0.000717
710.000000 1.075339 1.000170 0.883554 -0.000737
711.000000 1.099218 1.000175 0.881128 -0.000758
712.000000 1.123125 1.000180 0.878706 -0.000779
713.000000 1.147053 1.000184 0.876289 -0.000801
714.000000 1.170996 1.000189 0.873877 -0.000822
715.000000 1.194949 1.000194 0.871470 -0.000844
716.000000 1.218906 1.000200 0.869070 -0.000866
717.000000 1.242861 1.000205 0.866676 -0.000889
718.000000 1.266811 1.000210 0.864290 -0.000911
719.000000 1.290750 1.000215 0.861911 -0.000934
720.000000 1.314672 1.000220 0.859541 -0.000957
721.000000 1.338575 1.000226 0.857178 -0.000980
722.000000 1.362452 1.000231 0.854825 -0.001004
723.000000 1.386300 1.000237 0.852482 -0.001028
724.000000 1.410115 1.000242 0.850147 -0.001052
725.000000 1.433893 1.000248 0.847823 -0.001076
726.000000 1.457629 1.000253 0.845510 -0.001100
727.000000 1.481321 1.000259 0.843207 -0.001125
728.000000 1.504964 1.000265 0.840914 -0.001150
729.000000 1.528556 1.000271 0.838634 -0.001175
730.000000 1.552092 1.000276 0.836364 -0.001200
731.000000 1.575570 1.000282 0.834107 -0.001226
732.000000 1.598986 1.000288 0.831861 -0.001252
733.000000 1.622339 1.000294 0.829627 -0.001277
734.000000 1.645624 1.000300 0.827406 -0.001304
735.000000 1.668839 1.000306 0.825198 -0.001330
736.000000 1.691982 1.000312 0.823002 -0.001357
737.000000 1.715051 1.000319 0.820819 -0.001383
738.000000 1.738041 1.000325 0.818649 -0.001410
739.000000 1.760953 1.000331 0.816493 -0.001437
740.000000 1.783782 1.000337 0.814350 -0.001465
741.000000 1.806528 1.000344 0.812220 -0.001492
742.000000 1.829188 1.000350 0.810104 -0.001520
743.000000 1.851760 1.000356 0.808001 -0.001548
744.000000 1.874243 1.000363 0.805912 -0.001576
745.000000 1.896634 1.000369 0.803838 -0.001604
746.000000 1.918932 1.000376 0.801777 -0.001632
747.000000 1.941136 1.000383 0.799730 -0.001661
748.000000 1.963243 1.000389 0.797697 -0.001690
749.000000 1.985253 1.000396 0.795678 -0.001719
750.000000 2.007164 1.000403 0.793673 -0.001748
751.000000 2.028975 1.000409 0.791683 -0.001777
752.000000 2.050684 1.000416 0.789707 -0.001806
753.000000 2.072291 1.000423 0.787745 -0.001836
754.000000 2.093793 1.000430 0.785797 -0.001865
755.000000 2.115191 1.000437 0.783863 -0.001895
756.000000 2.136483 1.000443 0.781944 -0.001925
757.000000 2.157669 1.000450 0.780039 -0.001955
758.000000 2.178746 1.000457 0.778149 -0.001985
759.000000 2.199715 1.000464 0.776273 -0.002016
760.000000 2.220575 1.000471 0.774411 -0.002046
761.000000 2.241324 1.000478 0.772563 -0.002077
762.000000 2.261963 1.000486 0.770729 -0.002108
763.000000 2.282490 1.000493 0.768910 -0.002139
764.000000 2.302905 1.000500 0.767105 -0.002170
765.000000 2.323207 1.000507 0.765314 -0.002201
766.000000 2.343396 1.000514 0.763537 -0.002232
767.000000 2.363472 1.000521 0.761774 -0.002264
768.000000 2.383433 1.000529 0.760026 -0.002295
769.000000 2.403279 1.000536 0.758291 -0.002327
770.000000 2.423011 1.000543 0.756571 -0.002358
771.000000 2.442627 1.000551 0.754864 -0.002390
772.000000 2.462127 1.000558 0.753171 -0.002422
773.000000 2.481511 1.000565 0.751492 -0.002454
774.000000 2.500778 1.000573 0.749827 -0.002486
775.000000 2.519929 1.000580 0.748176 -0.002518
776.000000 2.538964 1.000587 0.746538 -0.002550
777.000000 2.557881 1.000595 0.744914 -0.002583
778.000000 2.576681 1.000602 0.743303 -0.002615
779.000000 2.595363 1.000610 0.741706 -0.002648
780.000000 2.613928 1.000617 0.740123 -0.002680
781.000000 2.632375 1.000625 0.738552 -0.002713
782.000000 2.650705 1.000632 0.736995 -0.002746
783.000000 2.668916 1.000640 0.735452 -0.002778
784.000000 2.687010 1.000648 0.733921 -0.002811
785.000000 2.704986 1.000655 0.732404 -0.002844
786.000000 2.722844 1.000663 0.730900 -0.002877
787.000000 2.740584 1.000670 0.729408 -0.002910
788.000000 2.758206 1.000678 0.727930 -0.002943
789.000000 2.775710 1.000686 0.726465 -0.002976
790.000000 2.793096 1.000693 0.725012 -0.003009
791.000000 2.810365 1.000701 0.723572 -0.003042
792.000000 2.827516 1.000708 0.722145 -0.003076
793.000000 2.844549 1.000716 0.720730 -0.003109
794.000000 2.861464 1.000724 0.719328 -0.003142
795.000000 2.878262 1.000731 0.717938 -0.003175
796.000000 2.894943 1.000739 0.716560 -0.003209
797.000000 2.911507 1.000747 0.715195 -0.003242
798.000000 2.927953 1.000755 0.713842 -0.003275
799.000000 2.944282 1.000762 0.712502 -0.003309
800.000000 2.960495 1.000770 0.711173 -0.003342
801.000000 2.976591 1.000778 0.709856 -0.003375
802.000000 2.992571 1.000785 0.708552 -0.003409
803.000000 3.008434 1.000793 0.707259 -0.003442
804.000000 3.024181 1.000801 0.705978 -0.003476
805.000000 3.039813 1.000808 0.704708 -0.003509
806.000000 3.055328 1.000816 0.703451 -0.003542
807.000000 3.070728 1.000824 0.702204 -0.003576
808.000000 3.086013 1.000831 0.700970 -0.003609
809.000000 3.101183 1.000839 0.699747 -0.003642
810.000000 3.116238 1.000847 0.698535 -0.003676
811.000000 3.131178 1.000854 0.697334 -0.003709
812.000000 3.146004 1.000862 0.696145 -0.003742
813.000000 3.160715 1.000870 0.694967 -0.003775
814.000000 3.175313 1.000877 0.693800 -0.003808
815.000000 3.189797 1.000885 0.692644 -0.003842
816.000000 3.204167 1.000893 0.691499 -0.003875
817.000000 3.218425 1.000900 0.690365 -0.003908
818.000000 3.232569 1.000908 0.689242 -0.003941
819.000000 3.246601 1.000915 0.688129 -0.003974
820.000000 3.260520 1.000923 0.687027 -0.004006
821.000000 3.274327 1.000931 0.685936 -0.004039
822.000000 3.288022 1.000938 0.684855 -0.004072
823.000000 3.301606 1.000946 0.683785 -0.004105
824.000000 3.315078 1.000953 0.682725 -0.004137
825.000000 3.328439 1.000961 0.681676 -0.004170
826.000000 3.341689 1.000968 0.680637 -0.004203
827.000000 3.354828 1.000976 0.679608 -0.004235
828.000000 3.367857 1.000983 0.678590 -0.004267
829.000000 3.380776 1.000991 0.677581 -0.004300
830.000000 3.393585 1.000998 0.676582 -0.004332
831.000000 3.406285 1.001005 0.675594 -0.004364
832.000000 3.418876 1.001013 0.674615 -0.004396
833.000000 3.431357 1.001020 0.673647 -0.004428
834.000000 3.443730 1.001027 0.672688 -0.004460
835.000000 3.455994 1.001035 0.671739 -0.004491
836.000000 3.468150 1.001042 0.670799 -0.004523
837.000000 3.480198 1.001049 0.669869 -0.004554
838.000000 3.492139 1.001057 0.668949 -0.004586
839.000000 3.503972 1.001064 0.668038 -0.004617
840.000000 3.515699 1.001071 0.667137 -0.004648
841.000000 3.527318 1.001078 0.666245 -0.004679
842.000000 3.538831 1.001085 0.665363 -0.004710
843.000000 3.550237 1.001092 0.664490 -0.004741
844.000000 3.561538 1.001099 0.663626 -0.004772
845.000000 3.572733 1.001106 0.662771 -0.004802
846.000000 3.583822 1.001113 0.661925 -0.004833
847.000000 3.594806 1.001120 0.661089 -0.004863
848.000000 3.605685 1.001127 0.660261 -0.004893
849.000000 3.616460 1.001134 0.659443 -0.004923
850.000000 3.627130 1.001141 0.658633 -0.004953
851.000000 3.637696 1.001148 0.657832 -0.004983
852.000000 3.648158 1.001155 0.657040 -0.005012
853.000000 3.658516 1.001162 0.656257 -0.005042
854.000000 3.668771 1.001168 0.655483 -0.005071
855.000000 3.678923 1.001175 0.654717 -0.005100
856.000000 3.688972 1.001182 0.653960 -0.005129
857.000000 3.698918 1.001188 0.653212 -0.005158
858.000000 3.708762 1.001195 0.652472 -0.005186
859.000000 3.718504 1.001202 0.651741 -0.005215
860.000000 3.728144 1.001208 0.651018 -0.005243
861.000000 3.737682 1.001215 0.650303 -0.005271
862.000000 3.747119 1.001221 0.649597 -0.005299
863.000000 3.756454 1.001227 0.648899 -0.005327
864.000000 3.765689 1.001234 0.648210 -0.005354
865.000000 3.774823 1.001240 0.647528 -0.005382
866.000000 3.783857 1.001246 0.646855 -0.005409
867.000000 3.792790 1.001252 0.646190 -0.005436
868.000000 3.801624 1.001259 0.645534 -0.005463
869.000000 3.810357 1.001265 0.644885 -0.005489
870.000000 3.818991 1.001271 0.644244 -0.005516
871.000000 3.827526 1.001277 0.643611 -0.005542
872.000000 3.835962 1.001283 0.642987 -0.005568
873.000000 3.844298 1.001289 0.642370 -0.005594
874.000000 3.852537 1.001295 0.641761 -0.005619
875.000000 3.860676 1.001301 0.641160 -0.005645
876.000000 3.868718 1.001306 0.640566 -0.005670
877.000000 3.876661 1.001312 0.639981 -0.005695
878.000000 3.884507 1.001318 0.639403 -0.005719
879.000000 3.892255 1.001324 0.638833 -0.005744
880.000000 3.899906 1.001329 0.638270 -0.005768
881.000000 3.907459 1.001335 0.637716 -0.005792
882.000000 3.914916 1.001340 0.637168 -0.005816
883.000000 3.922275 1.001346 0.636629 -0.005840
884.000000 3.929538 1.001351 0.636097 -0.005863
885.000000 3.936705 1.001356 0.635572 -0.005886
886.000000 3.943776 1.001362 0.635055 -0.005909
887.000000 3.950750 1.001367 0.634545 -0.005932
888.000000 3.957629 1.001372 0.634043 -0.005954
889.000000 3.964411 1.001377 0.633548 -0.005976
890.000000 3.971099 1.001382 0.633060 -0.005998
891.000000 3.977691 1.001387 0.632580 -0.006020
892.000000 3.984188 1.001392 0.632107 -0.006041
893.000000 3.990590 1.001397 0.631641 -0.006062
894.000000 3.996898 1.001402 0.631183 -0.006083
895.000000 4.003110 1.001407 0.630731 -0.006104
896.000000 4.009228 1.001411 0.630287 -0.006124
897.000000 4.015252 1.001416 0.629850 -0.006145
898.000000 4.021182 1.001420 0.629421 -0.006165
899.000000 4.027018 1.001425 0.628998 -0.006184
900.000000 4.032760 1.001429 0.628582 -0.006204
901.000000 4.038409 1.001434 0.628173 -0.006223
902.000000 4.043964 1.001438 0.627772 -0.006241
903.000000 4.049425 1.001443 0.627377 -0.006260
904.000000 4.054794 1.001447 0.626990 -0.006278
905.000000 4.060069 1.001451 0.626609 -0.006296
906.000000 4.065251 1.001455 0.626235 -0.006314
907.000000 4.070341 1.001459 0.625868 -0.006332
908.000000 4.075338 1.001463 0.625508 -0.006349
909.000000 4.080243 1.001467 0.625155 -0.006366
910.000000 4.085055 1.001471 0.624809 -0.006382
911.000000 4.089775 1.001474 0.624470 -0.006399
912.000000 4.094403 1.001478 0.624137 -0.006415
913.000000 4.098938 1.001482 0.623811 -0.006430
914.000000 4.103382 1.001485 0.623492 -0.006446
915.000000 4.107735 1.001489 0.623180 -0.006461
916.000000 4.111995 1.001492 0.622874 -0.006476
917.000000 4.116164 1.001496 0.622575 -0.006491
918.000000 4.120242 1.001499 0.622283 -0.006505
919.000000 4.124229 1.001502 0.621997 -0.006519
920.000000 4.128124 1.001505 0.621719 -0.006533
921.000000 4.131928 1.001508 0.621446 -0.006546
922.000000 4.135641 1.001512 0.621181 -0.006559
923.000000 4.139263 1.001514 0.620922 -0.006572
924.000000 4.142795 1.001517 0.620669 -0.006585
925.000000 4.146236 1.001520 0.620423 -0.006597
926.000000 4.149586 1.001523 0.620184 -0.006609
927.000000 4.152846 1.001526 0.619951 -0.006620
928.000000 4.156015 1.001528 0.619725 -0.006632
929.000000 4.159095 1.001531 0.619506 -0.006643
930.000000 4.162083 1.001533 0.619293 -0.006653
931.000000 4.164982 1.001536 0.619086 -0.006664
932.000000 4.167791 1.001538 0.618886 -0.006674
933.000000 4.170509 1.001540 0.618692 -0.006684
934.000000 4.173138 1.001542 0.618505 -0.006693
935.000000 4.175677 1.001544 0.618324 -0.006702
936.000000 4.178126 1.001546 0.618150 -0.006711
937.000000 4.180485 1.001548 0.617982 -0.006719
938.000000 4.182755 1.001550 0.617820 -0.006728
939.000000 4.184935 1.001552 0.617665 -0.006735
940.000000 4.187026 1.001554 0.617517 -0.006743
941.000000 4.189027 1.001556 0.617374 -0.006750
942.000000 4.190938 1.001557 0.617239 -0.006757
943.000000 4.192761 1.001559 0.617109 -0.006764
944.000000 4.194494 1.001560 0.616986 -0.006770
945.000000 4.196137 1.001562 0.616869 -0.006776
946.000000 4.197692 1.001563 0.616759 -0.006782
947.000000 4.199157 1.001564 0.616655 -0.006787
948.000000 4.200533 1.001565 0.616557 -0.006792
949.000000 4.201820 1.001566 0.616466 -0.006797
950.000000 4.203018 1.001567 0.616381 -0.006801
951.000000 4.204127 1.001568 0.616302 -0.006805
952.000000 4.205147 1.001569 0.616230 -0.006809
953.000000 4.206078 1.001570 0.616164 -0.006812
954.000000 4.206920 1.001571 0.616104 -0.006815
955.000000 4.207673 1.001571 0.616051 -0.006818
956.000000 4.208337 1.001572 0.616003 -0.006820
957.000000 4.208912 1.001572 0.615963 -0.006822
958.000000 4.209398 1.001573 0.615928 -0.006824
959.000000 4.209796 1.001573 0.615900 -0.006826
960.000000 4.210104 1.001573 0.615878 -0.006827
961.000000 4.210324 1.001573 0.615863 -0.006827
962.000000 4.210455 1.001573 0.615853 -0.006828
963.000000 4.210497 1.001574 0.615850 -0.006828
964.000000 4.210450 1.001573 0.615854 -0.006828
965.000000 4.210314 1.001573 0.615863 -0.006827
966.000000 4.210090 1.001573 0.615879 -0.006826
967.000000 4.209777 1.001573 0.615901 -0.006825
968.000000 4.209374 1.001573 0.615930 -0.006824
969.000000 4.208883 1.001572 0.615965 -0.006822
970.000000 4.208303 1.001572 0.616006 -0.006820
971.000000 4.207634 1.001571 0.616053 -0.006817
972.000000 4.206876 1.001570 0.616107 -0.006815
973.000000 4.206030 1.001570 0.616167 -0.006811
974.000000 4.205094 1.001569 0.616233 -0.006808
975.000000 4.204069 1.001568 0.616306 -0.006804
976.000000 4.202955 1.001567 0.616385 -0.006800
977.000000 4.201753 1.001566 0.616471 -0.006796
978.000000 4.200461 1.001565 0.616562 -0.006791
979.000000 4.199080 1.001564 0.616660 -0.006786
980.000000 4.197610 1.001563 0.616765 -0.006780
981.000000 4.196050 1.001561 0.616875 -0.006775
982.000000 4.194402 1.001560 0.616993 -0.006769
983.000000 4.192664 1.001558 0.617116 -0.006762
984.000000 4.190837 1.001557 0.617246 -0.006756
985.000000 4.188920 1.001555 0.617382 -0.006749
986.000000 4.186914 1.001554 0.617525 -0.006741
987.000000 4.184819 1.001552 0.617674 -0.006734
988.000000 4.182634 1.001550 0.617829 -0.006726
989.000000 4.180359 1.001548 0.617991 -0.006717
990.000000 4.177995 1.001546 0.618159 -0.006709
991.000000 4.175541 1.001544 0.618334 -0.006700
992.000000 4.172997 1.001542 0.618515 -0.006691
993.000000 4.170363 1.001540 0.618702 -0.006681
994.000000 4.167640 1.001537 0.618896 -0.006671
995.000000 4.164826 1.001535 0.619097 -0.006661
996.000000 4.161922 1.001533 0.619304 -0.006651
997.000000 4.158928 1.001530 0.619518 -0.006640
998.000000 4.155844 1.001528 0.619738 -0.006629
999.000000 4.152670 1.001525 0.619964 -0.006618
1000.000000 4.149405 1.001522 0.620197 -0.006606
1001.000000 4.146050 1.001520 0.620437 -0.006594
1002.000000 4.142604 1.001517 0.620683 -0.006582
1003.000000 4.139067 1.001514 0.620936 -0.006569
1004.000000 4.135439 1.001511 0.621195 -0.006556
1005.000000 4.131721 1.001508 0.621461 -0.006543
1006.000000 4.127912 1.001505 0.621734 -0.006530
1007.000000 4.124011 1.001501 0.622013 -0.006516
1008.000000 4.120020 1.001498 0.622299 -0.006502
1009.000000 4.115937 1.001495 0.622591 -0.006487
1010.000000 4.111763 1.001492 0.622891 -0.006473
1011.000000 4.107497 1.001488 0.623197 -0.006458
1012.000000 4.103139 1.001485 0.623509 -0.006442
1013.000000 4.098690 1.001481 0.623829 -0.006427
1014.000000 4.094149 1.001477 0.624155 -0.006411
1015.000000 4.089516 1.001474 0.624488 -0.006395
1016.000000 4.084790 1.001470 0.624828 -0.006378
1017.000000 4.079973 1.001466 0.625175 -0.006362
1018.000000 4.075063 1.001462 0.625528 -0.006345
1019.000000 4.070061 1.001458 0.625888 -0.006328
1020.000000 4.064966 1.001454 0.626256 -0.006310
1021.000000 4.059778 1.001450 0.626630 -0.006292
1022.000000 4.054497 1.001446 0.627011 -0.006274
1023.000000 4.049123 1.001442 0.627399 -0.006256
1024.000000 4.043656 1.001437 0.627794 -0.006237
1025.000000 4.038095 1.001433 0.628196 -0.006218
1026.000000 4.032441 1.001428 0.628605 -0.006199
1027.000000 4.026694 1.001424 0.629021 -0.006180
1028.000000 4.020852 1.001419 0.629444 -0.006160
1029.000000 4.014917 1.001415 0.629875 -0.006140
1030.000000 4.008887 1.001410 0.630312 -0.006120
1031.000000 4.002763 1.001405 0.630757 -0.006099
1032.000000 3.996545 1.001401 0.631208 -0.006079
1033.000000 3.990232 1.001396 0.631667 -0.006058
1034.000000 3.983824 1.001391 0.632133 -0.006036
1035.000000 3.977321 1.001386 0.632607 -0.006015
1036.000000 3.970723 1.001381 0.633088 -0.005993
1037.000000 3.964030 1.001376 0.633576 -0.005971
1038.000000 3.957241 1.001371 0.634071 -0.005949
1039.000000 3.950357 1.001366 0.634574 -0.005926
1040.000000 3.943376 1.001360 0.635084 -0.005904
1041.000000 3.936300 1.001355 0.635602 -0.005881
1042.000000 3.929127 1.001350 0.636127 -0.005858
1043.000000 3.921858 1.001344 0.636659 -0.005834
1044.000000 3.914492 1.001339 0.637199 -0.005811
1045.000000 3.907030 1.001333 0.637747 -0.005787
1046.000000 3.899470 1.001328 0.638302 -0.005763
1047.000000 3.891813 1.001322 0.638865 -0.005738
1048.000000 3.884059 1.001317 0.639436 -0.005714
1049.000000 3.876207 1.001311 0.640014 -0.005689
1050.000000 3.868257 1.001305 0.640600 -0.005664
1051.000000 3.860210 1.001299 0.641194 -0.005639
1052.000000 3.852064 1.001293 0.641796 -0.005613
1053.000000 3.843819 1.001288 0.642405 -0.005588
1054.000000 3.835476 1.001282 0.643023 -0.005562
1055.000000 3.827034 1.001276 0.643648 -0.005536
1056.000000 3.818493 1.001269 0.644281 -0.005510
1057.000000 3.809852 1.001263 0.644922 -0.005483
1058.000000 3.801112 1.001257 0.645572 -0.005457
1059.000000 3.792272 1.001251 0.646229 -0.005430
1060.000000 3.783332 1.001245 0.646894 -0.005403
1061.000000 3.774292 1.001239 0.647568 -0.005375
1062.000000 3.765151 1.001232 0.648250 -0.005348
1063.000000 3.755910 1.001226 0.648940 -0.005320
1064.000000 3.746567 1.001219 0.649638 -0.005293
1065.000000 3.737123 1.001213 0.650345 -0.005265
1066.000000 3.727578 1.001207 0.651060 -0.005237
1067.000000 3.717932 1.001200 0.651784 -0.005208
1068.000000 3.708183 1.001193 0.652516 -0.005180
1069.000000 3.698332 1.001187 0.653256 -0.005151
1070.000000 3.688379 1.001180 0.654005 -0.005122
1071.000000 3.678323 1.001174 0.654763 -0.005093
1072.000000 3.668164 1.001167 0.655529 -0.005064
1073.000000 3.657902 1.001160 0.656304 -0.005035
1074.000000 3.647536 1.001153 0.657087 -0.005006
1075.000000 3.637067 1.001146 0.657880 -0.004976
1076.000000 3.626494 1.001140 0.658681 -0.004946
1077.000000 3.615817 1.001133 0.659491 -0.004916
1078.000000 3.605035 1.001126 0.660311 -0.004886
1079.000000 3.594148 1.001119 0.661139 -0.004856
1080.000000 3.583157 1.001112 0.661976 -0.004826
1081.000000 3.572060 1.001105 0.662822 -0.004795
1082.000000 3.560858 1.001098 0.663678 -0.004765
1083.000000 3.549550 1.001091 0.664542 -0.004734
1084.000000 3.538136 1.001084 0.665416 -0.004703
1085.000000 3.526615 1.001076 0.666299 -0.004672
1086.000000 3.514988 1.001069 0.667192 -0.004641
1087.000000 3.503254 1.001062 0.668094 -0.004610
1088.000000 3.491413 1.001055 0.669005 -0.004579
1089.000000 3.479465 1.001048 0.669926 -0.004547
1090.000000 3.467409 1.001040 0.670856 -0.004516
1091.000000 3.455245 1.001033 0.671797 -0.004484
1092.000000 3.442973 1.001026 0.672746 -0.004452
1093.000000 3.430592 1.001018 0.673706 -0.004421
1094.000000 3.418102 1.001011 0.674675 -0.004389
1095.000000 3.405504 1.001004 0.675655 -0.004357
1096.000000 3.392796 1.000996 0.676644 -0.004324
1097.000000 3.379979 1.000989 0.677643 -0.004292
1098.000000 3.367052 1.000981 0.678652 -0.004260
1099.000000 3.354014 1.000974 0.679672 -0.004228
1100.000000 3.340867 1.000966 0.680701 -0.004195
1101.000000 3.327608 1.000959 0.681741 -0.004163
1102.000000 3.314239 1.000951 0.682791 -0.004130
1103.000000 3.300759 1.000944 0.683852 -0.004097
1104.000000 3.287167 1.000936 0.684923 -0.004065
1105.000000 3.273464 1.000929 0.686004 -0.004032
1106.000000 3.259648 1.000921 0.687096 -0.003999
1107.000000 3.245720 1.000914 0.688199 -0.003966
1108.000000 3.231680 1.000906 0.689312 -0.003933
1109.000000 3.217527 1.000898 0.690436 -0.003900
1110.000000 3.203262 1.000891 0.691571 -0.003867
1111.000000 3.188882 1.000883 0.692717 -0.003834
1112.000000 3.174390 1.000876 0.693874 -0.003801
1113.000000 3.159783 1.000868 0.695042 -0.003768
1114.000000 3.145063 1.000860 0.696221 -0.003734
1115.000000 3.130229 1.000853 0.697411 -0.003701
1116.000000 3.115280 1.000845 0.698612 -0.003668
1117.000000 3.100216 1.000837 0.699825 -0.003635
1118.000000 3.085038 1.000830 0.701049 -0.003601
1119.000000 3.069744 1.000822 0.702284 -0.003568
1120.000000 3.054335 1.000814 0.703531 -0.003535
1121.000000 3.038811 1.000807 0.704790 -0.003501
1122.000000 3.023171 1.000799 0.706060 -0.003468
1123.000000 3.007415 1.000791 0.707342 -0.003435
1124.000000 2.991543 1.000784 0.708635 -0.003401
1125.000000 2.975555 1.000776 0.709941 -0.003368
1126.000000 2.959450 1.000768 0.711259 -0.003334
1127.000000 2.943228 1.000760 0.712588 -0.003301
1128.000000 2.926890 1.000753 0.713930 -0.003268
1129.000000 2.910435 1.000745 0.715284 -0.003234
1130.000000 2.893863 1.000737 0.716650 -0.003201
1131.000000 2.877173 1.000730 0.718028 -0.003168
1132.000000 2.860367 1.000722 0.719419 -0.003134
1133.000000 2.843442 1.000714 0.720822 -0.003101
1134.000000 2.826401 1.000707 0.722237 -0.003068
1135.000000 2.809241 1.000699 0.723666 -0.003035
1136.000000 2.791964 1.000691 0.725106 -0.003002
1137.000000 2.774570 1.000684 0.726560 -0.002969
1138.000000 2.757057 1.000676 0.728026 -0.002935
1139.000000 2.739427 1.000669 0.729506 -0.002902
1140.000000 2.721678 1.000661 0.730998 -0.002869
1141.000000 2.703812 1.000653 0.732503 -0.002837
1142.000000 2.685828 1.000646 0.734021 -0.002804
1143.000000 2.667727 1.000638 0.735552 -0.002771
1144.000000 2.649507 1.000631 0.737097 -0.002738
1145.000000 2.631170 1.000623 0.738655 -0.002705
1146.000000 2.612715 1.000616 0.740226 -0.002673
1147.000000 2.594142 1.000608 0.741810 -0.002640
1148.000000 2.575452 1.000601 0.743408 -0.002608
1149.000000 2.556645 1.000593 0.745020 -0.002575
1150.000000 2.537721 1.000586 0.746645 -0.002543
1151.000000 2.518679 1.000578 0.748283 -0.002511
1152.000000 2.499521 1.000571 0.749936 -0.002479
1153.000000 2.480247 1.000564 0.751602 -0.002447
1154.000000 2.460856 1.000556 0.753281 -0.002415
1155.000000 2.441350 1.000549 0.754975 -0.002383
1156.000000 2.421728 1.000542 0.756682 -0.002351
1157.000000 2.401990 1.000534 0.758404 -0.002319
1158.000000 2.382138 1.000527 0.760139 -0.002288
1159.000000 2.362172 1.000520 0.761889 -0.002256
1160.000000 2.342091 1.000513 0.763652 -0.002225
1161.000000 2.321897 1.000505 0.765429 -0.002194
1162.000000 2.301590 1.000498 0.767221 -0.002163
1163.000000 2.281170 1.000491 0.769027 -0.002132
1164.000000 2.260639 1.000484 0.770847 -0.002101
1165.000000 2.239996 1.000477 0.772681 -0.002070
1166.000000 2.219243 1.000470 0.774529 -0.002039
1167.000000 2.198381 1.000463 0.776392 -0.002009
1168.000000 2.177409 1.000456 0.778269 -0.001979
1169.000000 2.156329 1.000449 0.780160 -0.001948
1170.000000 2.135142 1.000442 0.782065 -0.001918
1171.000000 2.113848 1.000435 0.783985 -0.001888
1172.000000 2.092449 1.000428 0.785919 -0.001859
1173.000000 2.070945 1.000421 0.787867 -0.001829
1174.000000 2.049338 1.000414 0.789829 -0.001799
1175.000000 2.027629 1.000408 0.791806 -0.001770
1176.000000 2.005819 1.000401 0.793796 -0.001741
1177.000000 1.983909 1.000394 0.795801 -0.001712
1178.000000 1.961901 1.000388 0.797820 -0.001683
1179.000000 1.939796 1.000381 0.799853 -0.001654
1180.000000 1.917595 1.000374 0.801900 -0.001626
1181.000000 1.895301 1.000368 0.803961 -0.001598
1182.000000 1.872914 1.000361 0.806036 -0.001569
1183.000000 1.850436 1.000355 0.808124 -0.001541
1184.000000 1.827869 1.000349 0.810227 -0.001513
1185.000000 1.805216 1.000342 0.812343 -0.001486
1186.000000 1.782477 1.000336 0.814472 -0.001458
1187.000000 1.759655 1.000330 0.816615 -0.001431
1188.000000 1.736752 1.000323 0.818771 -0.001404
1189.000000 1.713770 1.000317 0.820940 -0.001377
1190.000000 1.690712 1.000311 0.823122 -0.001350
1191.000000 1.667580 1.000305 0.825317 -0.001324
1192.000000 1.644376 1.000299 0.827525 -0.001298
1193.000000 1.621104 1.000293 0.829745 -0.001272
1194.000000 1.597765 1.000287 0.831978 -0.001246
1195.000000 1.574363 1.000281 0.834222 -0.001220
1196.000000 1.550900 1.000275 0.836479 -0.001195
1197.000000 1.527380 1.000269 0.838747 -0.001169
1198.000000 1.503806 1.000264 0.841027 -0.001144
1199.000000 1.480181 1.000258 0.843317 -0.001119
1200.000000 1.456508 1.000252 0.845619 -0.001095
1201.000000 1.432792 1.000247 0.847931 -0.001070
1202.000000 1.409035 1.000241 0.850253 -0.001046
1203.000000 1.385243 1.000235 0.852585 -0.001022
1204.000000 1.361418 1.000230 0.854927 -0.000999
1205.000000 1.337565 1.000225 0.857278 -0.000975
1206.000000 1.313688 1.000219 0.859638 -0.000952
1207.000000 1.289791 1.000214 0.862006 -0.000929
1208.000000 1.265880 1.000209 0.864383 -0.000906
1209.000000 1.241959 1.000204 0.866766 -0.000884
1210.000000 1.218033 1.000198 0.869157 -0.000861
1211.000000 1.194106 1.000193 0.871555 -0.000839
1212.000000 1.170185 1.000188 0.873958 -0.000817
1213.000000 1.146275 1.000183 0.876368 -0.000796
1214.000000 1.122380 1.000178 0.878782 -0.000775
1215.000000 1.098508 1.000174 0.881200 -0.000753
1216.000000 1.074664 1.000169 0.883623 -0.000733
1217.000000 1.050854 1.000164 0.886048 -0.000712
1218.000000 1.027084 1.000159 0.888476 -0.000692
1219.000000 1.003361 1.000155 0.890906 -0.000672
1220.000000 0.979692 1.000150 0.893337 -0.000652
1221.000000 0.956083 1.000146 0.895769 -0.000633
1222.000000 0.932543 1.000141 0.898200 -0.000613
1223.000000 0.909077 1.000137 0.900630 -0.000594
1224.000000 0.885693 1.000133 0.903057 -0.000576
1225.000000 0.862400 1.000128 0.905482 -0.000557
1226.000000 0.839204 1.000124 0.907904 -0.000539
1227.000000 0.816115 1.000120 0.910320 -0.000521
1228.000000 0.793140 1.000116 0.912731 -0.000504
1229.000000 0.770288 1.000112 0.915136 -0.000486
1230.000000 0.747567 1.000108 0.917533 -0.000469
1231.000000 0.724986 1.000104 0.919921 -0.000453
1232.000000 0.702555 1.000100 0.922300 -0.000436
1233.000000 0.680282 1.000097 0.924668 -0.000420
1234.000000 0.658178 1.000093 0.927024 -0.000404
1235.000000 0.636251 1.000089 0.929367 -0.000388
1236.000000 0.614511 1.000086 0.931696 -0.000373
1237.000000 0.592969 1.000082 0.934010 -0.000358
1238.000000 0.571634 1.000079 0.936307 -0.000343
1239.000000 0.550516 1.000076 0.938586 -0.000329
1240.000000 0.529627 1.000073 0.940846 -0.000315
1241.000000 0.508977 1.000069 0.943086 -0.000301
1242.000000 0.488575 1.000066 0.945303 -0.000287
1243.000000 0.468434 1.000063 0.947498 -0.000274
1244.000000 0.448565 1.000060 0.949668 -0.000261
1245.000000 0.428977 1.000057 0.951812 -0.000248
1246.000000 0.409683 1.000054 0.953929 -0.000236
1247.000000 0.390693 1.000052 0.956016 -0.000224
1248.000000 0.372020 1.000049 0.958074 -0.000212
1249.000000 0.353674 1.000046 0.960100 -0.000201
1250.000000 0.335666 1.000044 0.962092 -0.000190
1251.000000 0.318009 1.000041 0.964050 -0.000179
1252.000000 0.300713 1.000039 0.965972 -0.000168
1253.000000 0.283790 1.000036 0.967855 -0.000158
1254.000000 0.267252 1.000034 0.969700 -0.000148
1255.000000 0.251110 1.000032 0.971504 -0.000139
1256.000000 0.235375 1.000030 0.973265 -0.000129
1257.000000 0.220058 1.000028 0.974983 -0.000120
1258.000000 0.205171 1.000026 0.976656 -0.000112
1259.000000 0.190725 1.000024 0.978281 -0.000103
1260.000000 0.176731 1.000022 0.979859 -0.000095
1261.000000 0.163198 1.000020 0.981387 -0.000088
1262.000000 0.150139 1.000019 0.982863 -0.000080
1263.000000 0.137563 1.000017 0.984287 -0.000073
1264.000000 0.125480 1.000015 0.985657 -0.000067
1265.000000 0.113900 1.000014 0.986972 -0.000060
1266.000000 0.102833 1.000013 0.988231 -0.000054
1267.000000 0.092289 1.000011 0.989431 -0.000048
1268.000000 0.082275 1.000010 0.990572 -0.000043
1269.000000 0.072802 1.000009 0.991653 -0.000038
1270.000000 0.063876 1.000008 0.992673 -0.000033
1271.000000 0.055507 1.000007 0.993630 -0.000028
1272.000000 0.047701 1.000006 0.994523 -0.000024
1273.000000 0.040466 1.000005 0.995352 -0.000020
1274.000000 0.033808 1.000004 0.996115 -0.000017
1275.000000 0.027734 1.000003 0.996812 -0.000014
1276.000000 0.022249 1.000003 0.997442 -0.000011
1277.000000 0.017358 1.000002 0.998004 -0.000008
1278.000000 0.013067 1.000001 0.998497 -0.000006
1279.000000 0.009379 1.000001 0.998921 -0.000004
1280.000000 0.006298 1.000001 0.999275 -0.000003
1281.000000 0.003828 1.000000 0.999559 -0.000002
1282.000000 0.001970 1.000000 0.999773 -0.000001
1283.000000 0.000727 1.000000 0.999916 -0.000000
1284.000000 0.000101 1.000000 0.999988 0.000000
1285.000000 0.000091 1.000000 0.999990 0.000000
1286.000000 0.000699 1.000000 0.999920 -0.000000
1287.000000 0.001924 1.000000 0.999779 -0.000001
1288.000000 0.003765 1.000001 0.999567 -0.000002
1289.000000 0.006221 1.000001 0.999284 -0.000003
1290.000000 0.009289 1.000001 0.998931 -0.000005
1291.000000 0.012968 1.000002 0.998508 -0.000007
1292.000000 0.017253 1.000002 0.998016 -0.000010
1293.000000 0.022141 1.000003 0.997454 -0.000012
1294.000000 0.027628 1.000004 0.996824 -0.000015
1295.000000 0.033708 1.000004 0.996127 -0.000019
1296.000000 0.040377 1.000005 0.995362 -0.000022
1297.000000 0.047629 1.000006 0.994531 -0.000026
1298.000000 0.055457 1.000007 0.993636 -0.000031
1299.000000 0.063854 1.000008 0.992675 -0.000035
1300.000000 0.072814 1.000009 0.991652 -0.000040
1301.000000 0.082327 1.000011 0.990567 -0.000045
1302.000000 0.092387 1.000012 0.989420 -0.000051
1303.000000 0.102984 1.000013 0.988214 -0.000057
1304.000000 0.114109 1.000015 0.986949 -0.000063
1305.000000 0.125754 1.000016 0.985626 -0.000070
1306.000000 0.137909 1.000018 0.984248 -0.000077
1307.000000 0.150563 1.000019 0.982815 -0.000084
1308.000000 0.163706 1.000021 0.981329 -0.000091
1309.000000 0.177328 1.000023 0.979791 -0.000099
1310.000000 0.191419 1.000025 0.978203 -0.000107
1311.000000 0.205966 1.000027 0.976566 -0.000116
1312.000000 0.220960 1.000029 0.974882 -0.000125
1313.000000 0.236389 1.000031 0.973152 -0.000134
1314.000000 0.252241 1.000033 0.971377 -0.000143
1315.000000 0.268505 1.000035 0.969560 -0.000153
1316.000000 0.285169 1.000038 0.967702 -0.000163
1317.000000 0.302222 1.000040 0.965804 -0.000173
1318.000000 0.319651 1.000042 0.963868 -0.000184
1319.000000 0.337446 1.000045 0.961895 -0.000195
1320.000000 0.355594 1.000048 0.959887 -0.000206
1321.000000 0.374083 1.000050 0.957846 -0.000218
1322.000000 0.392901 1.000053 0.955773 -0.000230
1323.000000 0.412038 1.000056 0.953670 -0.000242
1324.000000 0.431481 1.000059 0.951538 -0.000254
1325.000000 0.451218 1.000062 0.949378 -0.000267
1326.000000 0.471239 1.000065 0.947192 -0.000280
1327.000000 0.491532 1.000068 0.944982 -0.000294
1328.000000 0.512085 1.000071 0.942748 -0.000307
1329.000000 0.532887 1.000074 0.940493 -0.000321
1330.000000 0.553928 1.000077 0.938218 -0.000336
1331.000000 0.575196 1.000081 0.935923 -0.000350
1332.000000 0.596681 1.000084 0.933611 -0.000365
1333.000000 0.618373 1.000088 0.931282 -0.000380
1334.000000 0.640260 1.000091 0.928939 -0.000396
1335.000000 0.662333 1.000095 0.926581 -0.000411
1336.000000 0.684582 1.000098 0.924211 -0.000427
1337.000000 0.706997 1.000102 0.921829 -0.000444
1338.000000 0.729568 1.000106 0.919436 -0.000460
1339.000000 0.752286 1.000110 0.917035 -0.000477
1340.000000 0.775141 1.000114 0.914625 -0.000494
1341.000000 0.798126 1.000118 0.912208 -0.000512
1342.000000 0.821230 1.000122 0.909784 -0.000530
1343.000000 0.844446 1.000126 0.907356 -0.000548
1344.000000 0.867765 1.000130 0.904923 -0.000566
1345.000000 0.891178 1.000135 0.902487 -0.000584
1346.000000 0.914679 1.000139 0.900049 -0.000603
1347.000000 0.938258 1.000143 0.897609 -0.000622
1348.000000 0.961909 1.000148 0.895168 -0.000642
1349.000000 0.985624 1.000152 0.892727 -0.000661
1350.000000 1.009397 1.000157 0.890287 -0.000681
1351.000000 1.033219 1.000162 0.887849 -0.000701
1352.000000 1.057085 1.000166 0.885413 -0.000722
1353.000000 1.080988 1.000171 0.882979 -0.000742
1354.000000 1.104921 1.000176 0.880550 -0.000763
1355.000000 1.128879 1.000181 0.878124 -0.000785
1356.000000 1.152856 1.000186 0.875704 -0.000806
1357.000000 1.176845 1.000191 0.873289 -0.000828
1358.000000 1.200841 1.000196 0.870879 -0.000850
1359.000000 1.224839 1.000201 0.868476 -0.000872
1360.000000 1.248833 1.000206 0.866081 -0.000894
1361.000000 1.272819 1.000211 0.863692 -0.000917
1362.000000 1.296792 1.000216 0.861312 -0.000940
1363.000000 1.320746 1.000222 0.858940 -0.000963
1364.000000 1.344678 1.000227 0.856576 -0.000986
1365.000000 1.368583 1.000233 0.854222 -0.001010
1366.000000 1.392456 1.000238 0.851878 -0.001034
1367.000000 1.416294 1.000244 0.849543 -0.001058
1368.000000 1.440093 1.000249 0.847218 -0.001082
1369.000000 1.463849 1.000255 0.844904 -0.001106
1370.000000 1.487558 1.000261 0.842601 -0.001131
1371.000000 1.511216 1.000266 0.840309 -0.001156
1372.000000 1.534822 1.000272 0.838029 -0.001181
1373.000000 1.558370 1.000278 0.835760 -0.001206
1374.000000 1.581858 1.000284 0.833503 -0.001232
1375.000000 1.605284 1.000290 0.831258 -0.001258
1376.000000 1.628643 1.000296 0.829025 -0.001284
1377.000000 1.651934 1.000302 0.826805 -0.001310
1378.000000 1.675153 1.000308 0.824598 -0.001336
1379.000000 1.698299 1.000314 0.822404 -0.001363
1380.000000 1.721368 1.000320 0.820222 -0.001390
1381.000000 1.744359 1.000326 0.818054 -0.001417
1382.000000 1.767269 1.000333 0.815899 -0.001444
1383.000000 1.790096 1.000339 0.813758 -0.001471
1384.000000 1.812838 1.000345 0.811630 -0.001499
1385.000000 1.835492 1.000352 0.809516 -0.001527
1386.000000 1.858058 1.000358 0.807416 -0.001554
1387.000000 1.880533 1.000365 0.805329 -0.001583
1388.000000 1.902916 1.000371 0.803256 -0.001611
1389.000000 1.925205 1.000378 0.801198 -0.001639
1390.000000 1.947398 1.000384 0.799153 -0.001668
1391.000000 1.969494 1.000391 0.797123 -0.001697
1392.000000 1.991491 1.000397 0.795107 -0.001726
1393.000000 2.013389 1.000404 0.793105 -0.001755
1394.000000 2.035185 1.000411 0.791117 -0.001784
1395.000000 2.056880 1.000418 0.789144 -0.001813
1396.000000 2.078470 1.000424 0.787184 -0.001843
1397.000000 2.099957 1.000431 0.785240 -0.001873
1398.000000 2.121337 1.000438 0.783309 -0.001902
1399.000000 2.142611 1.000445 0.781393 -0.001932
1400.000000 2.163778 1.000452 0.779491 -0.001963
1401.000000 2.184836 1.000459 0.777604 -0.001993
1402.000000 2.205785 1.000466 0.775730 -0.002023
1403.000000 2.226623 1.000473 0.773871 -0.002054
1404.000000 2.247352 1.000480 0.772027 -0.002085
1405.000000 2.267968 1.000487 0.770197 -0.002115
1406.000000 2.288473 1.000494 0.768381 -0.002146
1407.000000 2.308865 1.000502 0.766579 -0.002177
1408.000000 2.329144 1.000509 0.764791 -0.002208
1409.000000 2.349309 1.000516 0.763018 -0.002240
1410.000000 2.369360 1.000523 0.761258 -0.002271
1411.000000 2.389296 1.000530 0.759513 -0.002303
1412.000000 2.409118 1.000538 0.757782 -0.002334
1413.000000 2.428823 1.000545 0.756064 -0.002366
1414.000000 2.448413 1.000552 0.754361 -0.002398
1415.000000 2.467887 1.000560 0.752672 -0.002430
1416.000000 2.487244 1.000567 0.750996 -0.002462
1417.000000 2.506485 1.000574 0.749335 -0.002494
1418.000000 2.525608 1.000582 0.747687 -0.002526
1419.000000 2.544615 1.000589 0.746052 -0.002558
1420.000000 2.563504 1.000597 0.744432 -0.002591
1421.000000 2.582275 1.000604 0.742825 -0.002623
1422.000000 2.600929 1.000612 0.741231 -0.002656
1423.000000 2.619465 1.000619 0.739651 -0.002688
1424.000000 2.637883 1.000627 0.738084 -0.002721
1425.000000 2.656183 1.000634 0.736531 -0.002754
1426.000000 2.674365 1.000642 0.734991 -0.002786
1427.000000 2.692429 1.000649 0.733464 -0.002819
1428.000000 2.710375 1.000657 0.731950 -0.002852
1429.000000 2.728203 1.000665 0.730449 -0.002885
1430.000000 2.745912 1.000672 0.728961 -0.002918
1431.000000 2.763504 1.000680 0.727486 -0.002951
1432.000000 2.780977 1.000687 0.726024 -0.002984
1433.000000 2.798333 1.000695 0.724575 -0.003017
1434.000000 2.815570 1.000703 0.723138 -0.003050
1435.000000 2.832690 1.000710 0.721715 -0.003084
1436.000000 2.849692 1.000718 0.720303 -0.003117
1437.000000 2.866576 1.000726 0.718904 -0.003150
1438.000000 2.883343 1.000733 0.717518 -0.003183
1439.000000 2.899992 1.000741 0.716144 -0.003217
1440.000000 2.916524 1.000749 0.714782 -0.003250
1441.000000 2.932938 1.000756 0.713433 -0.003283
1442.000000 2.949236 1.000764 0.712095 -0.003317
1443.000000 2.965417 1.000772 0.710770 -0.003350
1444.000000 2.981481 1.000779 0.709457 -0.003383
1445.000000 2.997428 1.000787 0.708155 -0.003417
1446.000000 3.013259 1.000795 0.706866 -0.003450
1447.000000 3.028974 1.000803 0.705588 -0.003484
1448.000000 3.044574 1.000810 0.704322 -0.003517
1449.000000 3.060057 1.000818 0.703068 -0.003550
1450.000000 3.075425 1.000826 0.701825 -0.003584
1451.000000 3.090677 1.000833 0.700594 -0.003617
1452.000000 3.105814 1.000841 0.699374 -0.003650
1453.000000 3.120837 1.000849 0.698165 -0.003684
1454.000000 3.135745 1.000856 0.696968 -0.003717
1455.000000 3.150538 1.000864 0.695782 -0.003750
1456.000000 3.165217 1.000872 0.694607 -0.003783
1457.000000 3.179782 1.000879 0.693443 -0.003816
1458.000000 3.194234 1.000887 0.692290 -0.003850
1459.000000 3.208572 1.000894 0.691149 -0.003883
1460.000000 3.222797 1.000902 0.690018 -0.003916
1461.000000 3.236908 1.000910 0.688897 -0.003949
1462.000000 3.250908 1.000917 0.687788 -0.003982
1463.000000 3.264794 1.000925 0.686689 -0.004014
1464.000000 3.278569 1.000932 0.685601 -0.004047
1465.000000 3.292232 1.000940 0.684524 -0.004080
1466.000000 3.305782 1.000947 0.683456 -0.004113
1467.000000 3.319222 1.000955 0.682400 -0.004145
1468.000000 3.332551 1.000963 0.681353 -0.004178
1469.000000 3.345768 1.000970 0.680317 -0.004210
1470.000000 3.358875 1.000977 0.679292 -0.004243
1471.000000 3.371872 1.000985 0.678276 -0.004275
1472.000000 3.384758 1.000992 0.677270 -0.004307
1473.000000 3.397535 1.001000 0.676275 -0.004340
1474.000000 3.410203 1.001007 0.675289 -0.004372
1475.000000 3.422761 1.001015 0.674314 -0.004404
1476.000000 3.435210 1.001022 0.673348 -0.004436
1477.000000 3.447551 1.001029 0.672392 -0.004467
1478.000000 3.459783 1.001037 0.671446 -0.004499
1479.000000 3.471907 1.001044 0.670509 -0.004531
1480.000000 3.483923 1.001051 0.669582 -0.004562
1481.000000 3.495831 1.001058 0.668665 -0.004593
1482.000000 3.507633 1.001066 0.667757 -0.004625
1483.000000 3.519327 1.001073 0.666858 -0.004656
1484.000000 3.530914 1.001080 0.665969 -0.004687
1485.000000 3.542395 1.001087 0.665090 -0.004718
1486.000000 3.553770 1.001094 0.664219 -0.004749
1487.000000 3.565039 1.001101 0.663358 -0.004779
1488.000000 3.576202 1.001108 0.662506 -0.004810
1489.000000 3.587259 1.001115 0.661663 -0.004840
1490.000000 3.598212 1.001122 0.660829 -0.004870
1491.000000 3.609059 1.001129 0.660005 -0.004900
1492.000000 3.619802 1.001136 0.659189 -0.004930
1493.000000 3.630440 1.001143 0.658382 -0.004960
1494.000000 3.640975 1.001150 0.657584 -0.004990
1495.000000 3.651405 1.001156 0.656795 -0.005019
1496.000000 3.661732 1.001163 0.656014 -0.005049
1497.000000 3.671956 1.001170 0.655243 -0.005078
1498.000000 3.682076 1.001177 0.654480 -0.005107
1499.000000 3.692094 1.001183 0.653725 -0.005136
1500.000000 3.702009 1.001190 0.652980 -0.005165
1501.000000 3.711822 1.001197 0.652242 -0.005193
1502.000000 3.721532 1.001203 0.651513 -0.005222
1503.000000 3.731141 1.001210 0.650793 -0.005250
1504.000000 3.740648 1.001216 0.650081 -0.005278
1505.000000 3.750054 1.001223 0.649378 -0.005306
1506.000000 3.759359 1.001229 0.648682 -0.005333
1507.000000 3.768563 1.001235 0.647995 -0.005361
1508.000000 3.777666 1.001242 0.647317 -0.005388
1509.000000 3.786669 1.001248 0.646646 -0.005415
1510.000000 3.795571 1.001254 0.645984 -0.005442
1511.000000 3.804374 1.001260 0.645329 -0.005469
1512.000000 3.813077 1.001266 0.644683 -0.005496
1513.000000 3.821680 1.001272 0.644045 -0.005522
1514.000000 3.830185 1.001278 0.643414 -0.005548
1515.000000 3.838590 1.001284 0.642792 -0.005574
1516.000000 3.846896 1.001290 0.642178 -0.005600
1517.000000 3.855104 1.001296 0.641571 -0.005625
1518.000000 3.863213 1.001302 0.640972 -0.005651
1519.000000 3.871224 1.001308 0.640382 -0.005676
1520.000000 3.879137 1.001314 0.639798 -0.005701
1521.000000 3.886953 1.001319 0.639223 -0.005725
1522.000000 3.894671 1.001325 0.638655 -0.005750
1523.000000 3.902291 1.001330 0.638095 -0.005774
1524.000000 3.909814 1.001336 0.637543 -0.005798
1525.000000 3.917241 1.001341 0.636998 -0.005822
1526.000000 3.924571 1.001347 0.636461 -0.005845
1527.000000 3.931804 1.001352 0.635931 -0.005869
1528.000000 3.938940 1.001358 0.635408 -0.005892
1529.000000 3.945981 1.001363 0.634894 -0.005914
1530.000000 3.952926 1.001368 0.634386 -0.005937
1531.000000 3.959774 1.001373 0.633886 -0.005959
1532.000000 3.966528 1.001378 0.633394 -0.005982
1533.000000 3.973185 1.001383 0.632908 -0.006003
1534.000000 3.979748 1.001388 0.632430 -0.006025
1535.000000 3.986215 1.001393 0.631959 -0.006046
1536.000000 3.992588 1.001398 0.631496 -0.006068
1537.000000 3.998865 1.001403 0.631040 -0.006088
1538.000000 4.005049 1.001408 0.630591 -0.006109
1539.000000 4.011137 1.001412 0.630149 -0.006129
1540.000000 4.017132 1.001417 0.629714 -0.006149
1541.000000 4.023032 1.001422 0.629286 -0.006169
1542.000000 4.028839 1.001426 0.628866 -0.006189
1543.000000 4.034552 1.001431 0.628452 -0.006208
1544.000000 4.040171 1.001435 0.628046 -0.006227
1545.000000 4.045696 1.001439 0.627647 -0.006246
1546.000000 4.051129 1.001444 0.627254 -0.006264
1547.000000 4.056468 1.001448 0.626869 -0.006283
1548.000000 4.061714 1.001452 0.626490 -0.006301
1549.000000 4.066868 1.001456 0.626119 -0.006318
1550.000000 4.071928 1.001460 0.625754 -0.006336
1551.000000 4.076896 1.001464 0.625396 -0.006353
1552.000000 4.081772 1.001468 0.625045 -0.006370
1553.000000 4.086555 1.001472 0.624701 -0.006386
1554.000000 4.091246 1.001475 0.624364 -0.006402
1555.000000 4.095845 1.001479 0.624033 -0.006418
1556.000000 4.100352 1.001483 0.623710 -0.006434
1557.000000 4.104767 1.001486 0.623393 -0.006450
1558.000000 4.109090 1.001490 0.623082 -0.006465
1559.000000 4.113322 1.001493 0.622779 -0.006480
1560.000000 4.117462 1.001496 0.622482 -0.006494
1561.000000 4.121511 1.001500 0.622192 -0.006508
1562.000000 4.125469 1.001503 0.621909 -0.006522
1563.000000 4.129336 1.001506 0.621632 -0.006536
1564.000000 4.133111 1.001509 0.621362 -0.006549
1565.000000 4.136796 1.001512 0.621098 -0.006562
1566.000000 4.140389 1.001515 0.620841 -0.006575
1567.000000 4.143892 1.001518 0.620591 -0.006588
1568.000000 4.147305 1.001521 0.620347 -0.006600
1569.000000 4.150626 1.001524 0.620110 -0.006612
1570.000000 4.153858 1.001526 0.619879 -0.006623
1571.000000 4.156999 1.001529 0.619655 -0.006634
1572.000000 4.160049 1.001531 0.619438 -0.006645
1573.000000 4.163010 1.001534 0.619226 -0.006656
1574.000000 4.165880 1.001536 0.619022 -0.006666
1575.000000 4.168660 1.001538 0.618824 -0.006676
1576.000000 4.171350 1.001541 0.618632 -0.006686
1577.000000 4.173951 1.001543 0.618447 -0.006695
1578.000000 4.176461 1.001545 0.618268 -0.006704
1579.000000 4.178882 1.001547 0.618096 -0.006713
1580.000000 4.181213 1.001549 0.617930 -0.006721
1581.000000 4.183454 1.001551 0.617771 -0.006730
1582.000000 4.185606 1.001553 0.617618 -0.006737
1583.000000 4.187668 1.001554 0.617471 -0.006745
1584.000000 4.189641 1.001556 0.617331 -0.006752
1585.000000 4.191525 1.001558 0.617197 -0.006759
1586.000000 4.193319 1.001559 0.617069 -0.006765
1587.000000 4.195023 1.001560 0.616948 -0.006772
1588.000000 4.196639 1.001562 0.616834 -0.006777
1589.000000 4.198165 1.001563 0.616725 -0.006783
1590.000000 4.199602 1.001564 0.616623 -0.006788
1591.000000 4.200950 1.001565 0.616528 -0.006793
1592.000000 4.202209 1.001567 0.616438 -0.006798
1593.000000 4.203379 1.001568 0.616355 -0.006802
1594.000000 4.204459 1.001568 0.616279 -0.006806
1595.000000 4.205451 1.001569 0.616208 -0.006810
1596.000000 4.206354 1.001570 0.616144 -0.006813
1597.000000 4.207168 1.001571 0.616086 -0.006816
1598.000000 4.207893 1.001571 0.616035 -0.006819
1599.000000 4.208529 1.001572 0.615990 -0.006821
1600.000000 4.209076 1.001572 0.615951 -0.006823
1601.000000 4.209534 1.001573 0.615919 -0.006825
1602.000000 4.209903 1.001573 0.615892 -0.006826
1603.000000 4.210183 1.001573 0.615873 -0.006827
1604.000000 4.210375 1.001573 0.615859 -0.006828
1605.000000 4.210478 1.001573 0.615852 -0.006828
1606.000000 4.210492 1.001573 0.615851 -0.006828
1607.000000 4.210417 1.001573 0.615856 -0.006828
1608.000000 4.210253 1.001573 0.615868 -0.006827
1609.000000 4.210000 1.001573 0.615886 -0.006826
1610.000000 4.209659 1.001573 0.615910 -0.006825
1611.000000 4.209228 1.001572 0.615940 -0.006823
1612.000000 4.208709 1.001572 0.615977 -0.006821
1613.000000 4.208101 1.001571 0.616020 -0.006819
1614.000000 4.207404 1.001571 0.616070 -0.006817
1615.000000 4.206618 1.001570 0.616125 -0.006814
1616.000000 4.205743 1.001569 0.616187 -0.006811
1617.000000 4.204779 1.001569 0.616256 -0.006807
1618.000000 4.203726 1.001568 0.616331 -0.006803
1619.000000 4.202585 1.001567 0.616412 -0.006799
1620.000000 4.201354 1.001566 0.616499 -0.006794
1621.000000 4.200034 1.001565 0.616593 -0.006790
1622.000000 4.198624 1.001563 0.616693 -0.006785
1623.000000 4.197126 1.001562 0.616799 -0.006779
1624.000000 4.195538 1.001561 0.616912 -0.006773
1625.000000 4.193862 1.001559 0.617031 -0.006767
1626.000000 4.192096 1.001558 0.617156 -0.006761
1627.000000 4.190240 1.001556 0.617288 -0.006754
1628.000000 4.188295 1.001555 0.617426 -0.006747
1629.000000 4.186261 1.001553 0.617571 -0.006739
1630.000000 4.184137 1.001551 0.617722 -0.006732
1631.000000 4.181924 1.001549 0.617880 -0.006724
1632.000000 4.179621 1.001548 0.618043 -0.006715
1633.000000 4.177228 1.001546 0.618214 -0.006707
1634.000000 4.174746 1.001543 0.618390 -0.006698
1635.000000 4.172174 1.001541 0.618574 -0.006689
1636.000000 4.169512 1.001539 0.618763 -0.006679
1637.000000 4.166760 1.001537 0.618959 -0.006669
1638.000000 4.163918 1.001534 0.619162 -0.006659
1639.000000 4.160985 1.001532 0.619371 -0.006648
1640.000000 4.157963 1.001530 0.619586 -0.006637
1641.000000 4.154851 1.001527 0.619808 -0.006626
1642.000000 4.151648 1.001524 0.620037 -0.006615
1643.000000 4.148354 1.001522 0.620272 -0.006603
1644.000000 4.144970 1.001519 0.620514 -0.006591
1645.000000 4.141496 1.001516 0.620762 -0.006579
1646.000000 4.137930 1.001513 0.621017 -0.006566
1647.000000 4.134274 1.001510 0.621278 -0.006553
1648.000000 4.130527 1.001507 0.621547 -0.006540
1649.000000 4.126689 1.001504 0.621821 -0.006526
1650.000000 4.122760 1.001501 0.622103 -0.006512
1651.000000 4.118740 1.001497 0.622391 -0.006498
1652.000000 4.114628 1.001494 0.622685 -0.006484
1653.000000 4.110425 1.001491 0.622987 -0.006469
1654.000000 4.106130 1.001487 0.623295 -0.006454
1655.000000 4.101744 1.001484 0.623610 -0.006439
1656.000000 4.097266 1.001480 0.623931 -0.006423
1657.000000 4.092696 1.001476 0.624260 -0.006407
1658.000000 4.088034 1.001473 0.624595 -0.006391
1659.000000 4.083280 1.001469 0.624937 -0.006374
1660.000000 4.078433 1.001465 0.625285 -0.006358
1661.000000 4.073494 1.001461 0.625641 -0.006341
1662.000000 4.068463 1.001457 0.626004 -0.006323
1663.000000 4.063339 1.001453 0.626373 -0.006306
1664.000000 4.058122 1.001449 0.626749 -0.006288
1665.000000 4.052812 1.001445 0.627133 -0.006270
1666.000000 4.047409 1.001440 0.627523 -0.006251
1667.000000 4.041912 1.001436 0.627920 -0.006233
1668.000000 4.036322 1.001432 0.628324 -0.006214
1669.000000 4.030639 1.001427 0.628736 -0.006194
1670.000000 4.024862 1.001423 0.629154 -0.006175
1671.000000 4.018991 1.001418 0.629579 -0.006155
1672.000000 4.013026 1.001414 0.630012 -0.006135
1673.000000 4.006967 1.001409 0.630451 -0.006115
1674.000000 4.000814 1.001404 0.630898 -0.006094
1675.000000 3.994566 1.001400 0.631352 -0.006074
1676.000000 3.988223 1.001395 0.631813 -0.006052
1677.000000 3.981786 1.001390 0.632282 -0.006031
1678.000000 3.975253 1.001385 0.632758 -0.006010
1679.000000 3.968626 1.001380 0.633241 -0.005988
1680.000000 3.961903 1.001375 0.633731 -0.005966
1681.000000 3.955084 1.001370 0.634229 -0.005943
1682.000000 3.948170 1.001364 0.634734 -0.005921
1683.000000 3.941160 1.001359 0.635246 -0.005898
1684.000000 3.934053 1.001354 0.635766 -0.005875
1685.000000 3.926851 1.001348 0.636293 -0.005852
1686.000000 3.919552 1.001343 0.636828 -0.005828
1687.000000 3.912156 1.001338 0.637371 -0.005805
1688.000000 3.904663 1.001332 0.637921 -0.005781
1689.000000 3.897073 1.001326 0.638479 -0.005757
1690.000000 3.889386 1.001321 0.639044 -0.005732
1691.000000 3.881602 1.001315 0.639617 -0.005708
1692.000000 3.873720 1.001309 0.640198 -0.005683
1693.000000 3.865740 1.001304 0.640786 -0.005658
1694.000000 3.857662 1.001298 0.641382 -0.005633
1695.000000 3.849485 1.001292 0.641986 -0.005607
1696.000000 3.841210 1.001286 0.642598 -0.005581
1697.000000 3.832837 1.001280 0.643218 -0.005556
1698.000000 3.824364 1.001274 0.643846 -0.005529
1699.000000 3.815792 1.001268 0.644481 -0.005503
1700.000000 3.807121 1.001262 0.645125 -0.005477
1701.000000 3.798350 1.001256 0.645777 -0.005450
1702.000000 3.789479 1.001250 0.646437 -0.005423
1703.000000 3.780509 1.001243 0.647105 -0.005396
1704.000000 3.771438 1.001237 0.647781 -0.005369
1705.000000 3.762266 1.001231 0.648465 -0.005341
1706.000000 3.752994 1.001224 0.649158 -0.005314
1707.000000 3.743620 1.001218 0.649859 -0.005286
1708.000000 3.734146 1.001211 0.650568 -0.005258
1709.000000 3.724569 1.001205 0.651286 -0.005230
1710.000000 3.714892 1.001198 0.652012 -0.005201
1711.000000 3.705112 1.001192 0.652746 -0.005173
1712.000000 3.695230 1.001185 0.653489 -0.005144
1713.000000 3.685245 1.001179 0.654241 -0.005115
1714.000000 3.675158 1.001172 0.655001 -0.005086
1715.000000 3.664968 1.001165 0.655770 -0.005057
1716.000000 3.654674 1.001158 0.656548 -0.005028
1717.000000 3.644277 1.001152 0.657334 -0.004998
1718.000000 3.633777 1.001145 0.658129 -0.004969
1719.000000 3.623172 1.001138 0.658933 -0.004939
1720.000000 3.612463 1.001131 0.659746 -0.004909
1721.000000 3.601649 1.001124 0.660568 -0.004879
1722.000000 3.590731 1.001117 0.661399 -0.004849
1723.000000 3.579708 1.001110 0.662239 -0.004818
1724.000000 3.568580 1.001103 0.663088 -0.004788
1725.000000 3.557345 1.001096 0.663946 -0.004757
1726.000000 3.546006 1.001089 0.664813 -0.004727
1727.000000 3.534560 1.001082 0.665690 -0.004696
1728.000000 3.523007 1.001075 0.666576 -0.004665
1729.000000 3.511348 1.001068 0.667471 -0.004634
1730.000000 3.499582 1.001060 0.668376 -0.004602
1731.000000 3.487709 1.001053 0.669290 -0.004571
1732.000000 3.475729 1.001046 0.670214 -0.004540
1733.000000 3.463641 1.001039 0.671147 -0.004508
1734.000000 3.451444 1.001031 0.672091 -0.004476
1735.000000 3.439140 1.001024 0.673043 -0.004445
1736.000000 3.426727 1.001017 0.674006 -0.004413
1737.000000 3.414205 1.001009 0.674978 -0.004381
1738.000000 3.401575 1.001002 0.675960 -0.004349
1739.000000 3.388835 1.000994 0.676953 -0.004317
1740.000000 3.375985 1.000987 0.677955 -0.004284
1741.000000 3.363026 1.000980 0.678967 -0.004252
1742.000000 3.349956 1.000972 0.679989 -0.004220
1743.000000 3.336776 1.000965 0.681022 -0.004187
1744.000000 3.323485 1.000957 0.682065 -0.004155
1745.000000 3.310084 1.000950 0.683118 -0.004122
1746.000000 3.296571 1.000942 0.684182 -0.004089
1747.000000 3.282946 1.000935 0.685256 -0.004057
1748.000000 3.269211 1.000927 0.686340 -0.004024
1749.000000 3.255363 1.000919 0.687435 -0.003991
1750.000000 3.241402 1.000912 0.688541 -0.003958
1751.000000 3.227330 1.000904 0.689658 -0.003925
1752.000000 3.213144 1.000897 0.690785 -0.003892
1753.000000 3.198846 1.000889 0.691923 -0.003859
1754.000000 3.184434 1.000881 0.693072 -0.003826
1755.000000 3.169909 1.000874 0.694232 -0.003793
1756.000000 3.155271 1.000866 0.695403 -0.003760
1757.000000 3.140518 1.000858 0.696585 -0.003726
1758.000000 3.125651 1.000851 0.697778 -0.003693
1759.000000 3.110670 1.000843 0.698983 -0.003660
1760.000000 3.095574 1.000835 0.700199 -0.003627
1761.000000 3.080363 1.000828 0.701426 -0.003593
1762.000000 3.065037 1.000820 0.702665 -0.003560
1763.000000 3.049596 1.000812 0.703915 -0.003527
1764.000000 3.034040 1.000805 0.705177 -0.003493
1765.000000 3.018367 1.000797 0.706450 -0.003460
1766.000000 3.002579 1.000789 0.707736 -0.003426
1767.000000 2.986675 1.000782 0.709033 -0.003393
1768.000000 2.970655 1.000774 0.710342 -0.003360
1769.000000 2.954518 1.000766 0.711663 -0.003326
1770.000000 2.938265 1.000759 0.712995 -0.003293
1771.000000 2.921895 1.000751 0.714340 -0.003260
1772.000000 2.905408 1.000743 0.715698 -0.003226
1773.000000 2.888804 1.000736 0.717067 -0.003193
1774.000000 2.872084 1.000728 0.718449 -0.003160
1775.000000 2.855246 1.000720 0.719843 -0.003126
1776.000000 2.838290 1.000713 0.721249 -0.003093
1777.000000 2.821217 1.000705 0.722669 -0.003060
1778.000000 2.804027 1.000697 0.724100 -0.003027
1779.000000 2.786719 1.000690 0.725544 -0.002994
1780.000000 2.769294 1.000682 0.727002 -0.002961
1781.000000 2.751751 1.000674 0.728471 -0.002927
1782.000000 2.734090 1.000667 0.729954 -0.002894
1783.000000 2.716312 1.000659 0.731450 -0.002862
1784.000000 2.698415 1.000652 0.732958 -0.002829
1785.000000 2.680402 1.000644 0.734480 -0.002796
1786.000000 2.662270 1.000636 0.736015 -0.002763
1787.000000 2.644021 1.000629 0.737563 -0.002730
1788.000000 2.625655 1.000621 0.739124 -0.002698
1789.000000 2.607171 1.000614 0.740698 -0.002665
1790.000000 2.588570 1.000606 0.742286 -0.002632
1791.000000 2.569852 1.000599 0.743888 -0.002600
1792.000000 2.551016 1.000591 0.745503 -0.002568
1793.000000 2.532064 1.000584 0.747131 -0.002535
1794.000000 2.512995 1.000577 0.748773 -0.002503
1795.000000 2.493810 1.000569 0.750429 -0.002471
1796.000000 2.474509 1.000562 0.752098 -0.002439
1797.000000 2.455092 1.000554 0.753781 -0.002407
1798.000000 2.435559 1.000547 0.755478 -0.002375
1799.000000 2.415912 1.000540 0.757189 -0.002343
1800.000000 2.396149 1.000533 0.758914 -0.002312
1801.000000 2.376272 1.000525 0.760653 -0.002280
1802.000000 2.356281 1.000518 0.762405 -0.002249
1803.000000 2.336176 1.000511 0.764172 -0.002217
1804.000000 2.315959 1.000504 0.765953 -0.002186
1805.000000 2.295628 1.000496 0.767748 -0.002155
1806.000000 2.275186 1.000489 0.769557 -0.002124
1807.000000 2.254633 1.000482 0.771380 -0.002093
1808.000000 2.233969 1.000475 0.773217 -0.002063
1809.000000 2.213195 1.000468 0.775069 -0.002032
1810.000000 2.192312 1.000461 0.776934 -0.002002
1811.000000 2.171321 1.000454 0.778814 -0.001971
1812.000000 2.150222 1.000447 0.780708 -0.001941
1813.000000 2.129017 1.000440 0.782617 -0.001911
1814.000000 2.107706 1.000433 0.784539 -0.001881
1815.000000 2.086290 1.000426 0.786476 -0.001851
1816.000000 2.064770 1.000420 0.788427 -0.001822
1817.000000 2.043148 1.000413 0.790392 -0.001792
1818.000000 2.021425 1.000406 0.792371 -0.001763
1819.000000 1.999601 1.000399 0.794365 -0.001734
1820.000000 1.977679 1.000393 0.796372 -0.001705
1821.000000 1.955659 1.000386 0.798394 -0.001676
1822.000000 1.933543 1.000379 0.800429 -0.001647
1823.000000 1.911332 1.000373 0.802478 -0.001619
1824.000000 1.889029 1.000366 0.804542 -0.001591
1825.000000 1.866634 1.000360 0.806619 -0.001563
1826.000000 1.844150 1.000353 0.808709 -0.001535
1827.000000 1.821578 1.000347 0.810814 -0.001507
1828.000000 1.798920 1.000341 0.812932 -0.001479
1829.000000 1.776178 1.000334 0.815063 -0.001452
1830.000000 1.753354 1.000328 0.817207 -0.001425
1831.000000 1.730451 1.000322 0.819365 -0.001398
1832.000000 1.707470 1.000316 0.821536 -0.001371
1833.000000 1.684414 1.000310 0.823719 -0.001344
1834.000000 1.661285 1.000303 0.825916 -0.001318
1835.000000 1.638086 1.000297 0.828125 -0.001291
1836.000000 1.614820 1.000291 0.830346 -0.001265
1837.000000 1.591489 1.000285 0.832579 -0.001239
1838.000000 1.568097 1.000280 0.834824 -0.001214
1839.000000 1.544645 1.000274 0.837081 -0.001188
1840.000000 1.521138 1.000268 0.839350 -0.001163
1841.000000 1.497579 1.000262 0.841630 -0.001138
1842.000000 1.473970 1.000256 0.843920 -0.001113
1843.000000 1.450316 1.000251 0.846222 -0.001089
1844.000000 1.426620 1.000245 0.848534 -0.001065
1845.000000 1.402886 1.000240 0.850855 -0.001040
1846.000000 1.379117 1.000234 0.853187 -0.001017
1847.000000 1.355318 1.000229 0.855528 -0.000993
1848.000000 1.331494 1.000223 0.857878 -0.000969
1849.000000 1.307647 1.000218 0.860236 -0.000946
1850.000000 1.283783 1.000213 0.862603 -0.000923
1851.000000 1.259907 1.000207 0.864977 -0.000901
1852.000000 1.236023 1.000202 0.867359 -0.000878
1853.000000 1.212136 1.000197 0.869748 -0.000856
1854.000000 1.188251 1.000192 0.872142 -0.000834
1855.000000 1.164374 1.000187 0.874543 -0.000812
1856.000000 1.140510 1.000182 0.876949 -0.000791
1857.000000 1.116665 1.000177 0.879360 -0.000769
1858.000000 1.092845 1.000172 0.881775 -0.000748
1859.000000 1.069055 1.000168 0.884193 -0.000728
1860.000000 1.045302 1.000163 0.886615 -0.000707
1861.000000 1.021592 1.000158 0.889038 -0.000687
1862.000000 0.997931 1.000154 0.891463 -0.000667
1863.000000 0.974327 1.000149 0.893889 -0.000647
1864.000000 0.950787 1.000145 0.896315 -0.000628
1865.000000 0.927316 1.000140 0.898740 -0.000609
1866.000000 0.903924 1.000136 0.901164 -0.000590
1867.000000 0.880617 1.000132 0.903585 -0.000571
1868.000000 0.857403 1.000127 0.906003 -0.000553
1869.000000 0.834290 1.000123 0.908418 -0.000535
1870.000000 0.811286 1.000119 0.910827 -0.000517
1871.000000 0.788399 1.000115 0.913230 -0.000499
1872.000000 0.765638 1.000111 0.915626 -0.000482
1873.000000 0.743011 1.000107 0.918014 -0.000465
1874.000000 0.720527 1.000103 0.920394 -0.000449
1875.000000 0.698196 1.000100 0.922763 -0.000432
1876.000000 0.676027 1.000096 0.925121 -0.000416
1877.000000 0.654028 1.000092 0.927467 -0.000400
1878.000000 0.632209 1.000089 0.929800 -0.000385
1879.000000 0.610581 1.000085 0.932118 -0.000369
1880.000000 0.589153 1.000082 0.934420 -0.000354
1881.000000 0.567936 1.000078 0.936706 -0.000340
1882.000000 0.546938 1.000075 0.938973 -0.000325
1883.000000 0.526172 1.000072 0.941221 -0.000311
1884.000000 0.505647 1.000069 0.943447 -0.000298
1885.000000 0.485374 1.000065 0.945652 -0.000284
1886.000000 0.465363 1.000062 0.947833 -0.000271
1887.000000 0.445627 1.000059 0.949989 -0.000258
1888.000000 0.426175 1.000057 0.952119 -0.000245
1889.000000 0.407018 1.000054 0.954221 -0.000233
1890.000000 0.388169 1.000051 0.956294 -0.000221
1891.000000 0.369638 1.000048 0.958337 -0.000209
1892.000000 0.351436 1.000046 0.960347 -0.000198
1893.000000 0.333575 1.000043 0.962324 -0.000187
1894.000000 0.316066 1.000041 0.964266 -0.000176
1895.000000 0.298920 1.000038 0.966171 -0.000166
1896.000000 0.282149 1.000036 0.968038 -0.000156
1897.000000 0.265764 1.000034 0.969866 -0.000146
1898.000000 0.249777 1.000031 0.971653 -0.000136
1899.000000 0.234198 1.000029 0.973397 -0.000127
1900.000000 0.219038 1.000027 0.975098 -0.000118
1901.000000 0.204310 1.000025 0.976752 -0.000110
1902.000000 0.190023 1.000023 0.978360 -0.000102
1903.000000 0.176189 1.000022 0.979920 -0.000094
1904.000000 0.162817 1.000020 0.981430 -0.000086
1905.000000 0.149919 1.000018 0.982888 -0.000079
1906.000000 0.137505 1.000017 0.984294 -0.000072
1907.000000 0.125584 1.000015 0.985646 -0.000065
1908.000000 0.114167 1.000014 0.986942 -0.000059
1909.000000 0.103263 1.000012 0.988182 -0.000053
1910.000000 0.092881 1.000011 0.989364 -0.000047
1911.000000 0.083030 1.000010 0.990486 -0.000042
1912.000000 0.073719 1.000008 0.991549 -0.000037
1913.000000 0.064956 1.000007 0.992550 -0.000032
1914.000000 0.056748 1.000006 0.993488 -0.000027
1915.000000 0.049103 1.000005 0.994363 -0.000023
1916.000000 0.042029 1.000005 0.995173 -0.000020
1917.000000 0.035531 1.000004 0.995918 -0.000016
1918.000000 0.029616 1.000003 0.996596 -0.000013
1919.000000 0.024290 1.000002 0.997207 -0.000010
1920.000000 0.019557 1.000002 0.997751 -0.000008
1921.000000 0.015423 1.000001 0.998226 -0.000006
1922.000000 0.011891 1.000001 0.998632 -0.000004
1923.000000 0.008965 1.000001 0.998968 -0.000002
1924.000000 0.006649 1.000000 0.999235 -0.000001
1925.000000 0.004944 1.000000 0.999431 -0.000000
1926.000000 0.003854 1.000000 0.999556 0.000000
1927.000000 0.003378 1.000000 0.999611 0.000000
1928.000000 0.003518 1.000000 0.999595 0.000000
1929.000000 0.004275 1.000000 0.999508 -0.000000
1930.000000 0.005647 1.000000 0.999350 -0.000001
1931.000000 0.007635 1.000001 0.999121 -0.000002
1932.000000 0.010236 1.000001 0.998822 -0.000004
1933.000000 0.013448 1.000001 0.998453 -0.000006
1934.000000 0.017270 1.000002 0.998014 -0.000008
1935.000000 0.021696 1.000002 0.997505 -0.000010
1936.000000 0.026725 1.000003 0.996928 -0.000013
1937.000000 0.032352 1.000004 0.996282 -0.000016
1938.000000 0.038571 1.000005 0.995569 -0.000019
1939.000000 0.045377 1.000005 0.994789 -0.000023
1940.000000 0.052764 1.000006 0.993944 -0.000027
1941.000000 0.060727 1.000007 0.993033 -0.000032
1942.000000 0.069258 1.000008 0.992058 -0.000036
1943.000000 0.078349 1.000010 0.991020 -0.000041
1944.000000 0.087993 1.000011 0.989921 -0.000047
1945.000000 0.098182 1.000012 0.988760 -0.000052
1946.000000 0.108907 1.000014 0.987540 -0.000058
1947.000000 0.120160 1.000015 0.986261 -0.000065
1948.000000 0.131930 1.000016 0.984926 -0.000071
1949.000000 0.144208 1.000018 0.983535 -0.000078
1950.000000 0.156984 1.000020 0.982089 -0.000086
1951.000000 0.170248 1.000022 0.980590 -0.000093
1952.000000 0.183989 1.000023 0.979040 -0.000101
1953.000000 0.198197 1.000025 0.977440 -0.000109
1954.000000 0.212860 1.000027 0.975791 -0.000118
1955.000000 0.227967 1.000029 0.974096 -0.000127
1956.000000 0.243507 1.000031 0.972355 -0.000136
1957.000000 0.259469 1.000034 0.970569 -0.000145
1958.000000 0.275840 1.000036 0.968742 -0.000155
1959.000000 0.292610 1.000038 0.966873 -0.000165
1960.000000 0.309765 1.000041 0.964965 -0.000176
1961.000000 0.327296 1.000043 0.963020 -0.000187
1962.000000 0.345189 1.000046 0.961038 -0.000198
1963.000000 0.363432 1.000048 0.959022 -0.000209
1964.000000 0.382015 1.000051 0.956972 -0.000221
1965.000000 0.400924 1.000054 0.954891 -0.000233
1966.000000 0.420150 1.000056 0.952780 -0.000245
1967.000000 0.439678 1.000059 0.950640 -0.000257
1968.000000 0.459499 1.000062 0.948473 -0.000270
1969.000000 0.479600 1.000065 0.946281 -0.000283
1970.000000 0.499970 1.000068 0.944064 -0.000297
1971.000000 0.520598 1.000072 0.941825 -0.000311
1972.000000 0.541472 1.000075 0.939564 -0.000325
1973.000000 0.562582 1.000078 0.937283 -0.000339
1974.000000 0.583917 1.000082 0.934984 -0.000354
1975.000000 0.605465 1.000085 0.932667 -0.000369
1976.000000 0.627217 1.000088 0.930335 -0.000384
1977.000000 0.649162 1.000092 0.927987 -0.000399
1978.000000 0.671290 1.000096 0.925626 -0.000415
1979.000000 0.693590 1.000099 0.923252 -0.000431
1980.000000 0.716054 1.000103 0.920868 -0.000448
1981.000000 0.738671 1.000107 0.918473 -0.000464
1982.000000 0.761432 1.000111 0.916069 -0.000481
1983.000000 0.784328 1.000115 0.913658 -0.000499
1984.000000 0.807350 1.000119 0.911239 -0.000516
1985.000000 0.830490 1.000123 0.908815 -0.000534
1986.000000 0.853737 1.000127 0.906386 -0.000552
1987.000000 0.877086 1.000131 0.903953 -0.000570
1988.000000 0.900526 1.000136 0.901517 -0.000589
1989.000000 0.924050 1.000140 0.899078 -0.000608
1990.000000 0.947651 1.000144 0.896639 -0.000627
1991.000000 0.971321 1.000149 0.894199 -0.000646
1992.000000 0.995053 1.000153 0.891759 -0.000666
1993.000000 1.018839 1.000158 0.889320 -0.000686
1994.000000 1.042673 1.000163 0.886883 -0.000706
1995.000000 1.066549 1.000167 0.884449 -0.000727
1996.000000 1.090458 1.000172 0.882017 -0.000747
1997.000000 1.114397 1.000177 0.879590 -0.000768
1998.000000 1.138357 1.000182 0.877167 -0.000790
