# z LM (E,E) abs(P1) alpha
0.000000 0.000601 1.000000 0.999931 -0.000000
1.000000 0.002404 1.000000 0.999723 -0.000001
2.000000 0.005407 1.000001 0.999378 -0.000002
3.000000 0.009605 1.000001 0.998895 -0.000004
4.000000 0.014992 1.000002 0.998275 -0.000006
5.000000 0.021562 1.000002 0.997521 -0.000009
6.000000 0.029305 1.000003 0.996632 -0.000012
7.000000 0.038212 1.000004 0.995610 -0.000016
8.000000 0.048271 1.000005 0.994458 -0.000020
9.000000 0.059467 1.000006 0.993177 -0.000025
10.000000 0.071787 1.000007 0.991769 -0.000030
11.000000 0.085215 1.000008 0.990237 -0.000035
12.000000 0.099733 1.000010 0.988583 -0.000041
13.000000 0.115324 1.000011 0.986811 -0.000048
14.000000 0.131966 1.000013 0.984922 -0.000055
15.000000 0.149641 1.000014 0.982920 -0.000062
16.000000 0.168325 1.000016 0.980807 -0.000070
17.000000 0.187997 1.000018 0.978589 -0.000079
18.000000 0.208633 1.000020 0.976266 -0.000087
19.000000 0.230208 1.000022 0.973844 -0.000097
20.000000 0.252698 1.000025 0.971326 -0.000107
21.000000 0.276078 1.000027 0.968715 -0.000117
22.000000 0.300321 1.000029 0.966015 -0.000128
23.000000 0.325400 1.000032 0.963230 -0.000139
24.000000 0.351288 1.000035 0.960363 -0.000150
25.000000 0.377959 1.000037 0.957419 -0.000162
26.000000 0.405384 1.000040 0.954401 -0.000175
27.000000 0.433535 1.000043 0.951313 -0.000188
28.000000 0.462386 1.000046 0.948158 -0.000202
29.000000 0.491907 1.000050 0.944941 -0.000216
30.000000 0.522071 1.000053 0.941665 -0.000230
31.000000 0.552850 1.000056 0.938334 -0.000245
32.000000 0.584215 1.000060 0.934952 -0.000260
33.000000 0.616141 1.000064 0.931522 -0.000276
34.000000 0.648598 1.000067 0.928047 -0.000292
35.000000 0.681561 1.000071 0.924532 -0.000309
36.000000 0.715002 1.000075 0.920979 -0.000326
37.000000 0.748894 1.000079 0.917393 -0.000343
38.000000 0.783212 1.000083 0.913775 -0.000361
39.000000 0.817931 1.000088 0.910130 -0.000380
40.000000 0.853025 1.000092 0.906460 -0.000399
41.000000 0.888469 1.000096 0.902769 -0.000418
42.000000 0.924239 1.000101 0.899059 -0.000438
43.000000 0.960312 1.000105 0.895333 -0.000458
44.000000 0.996664 1.000110 0.891593 -0.000478
45.000000 1.033274 1.000115 0.887843 -0.000499
46.000000 1.070120 1.000120 0.884085 -0.000521
47.000000 1.107179 1.000125 0.880321 -0.000543
48.000000 1.144432 1.000130 0.876553 -0.000565
49.000000 1.181858 1.000135 0.872785 -0.000588
50.000000 1.219438 1.000141 0.869017 -0.000611
51.000000 1.257153 1.000146 0.865251 -0.000634
52.000000 1.294986 1.000152 0.861491 -0.000658
53.000000 1.332917 1.000157 0.857737 -0.000683
54.000000 1.370931 1.000163 0.853991 -0.000708
55.000000 1.409011 1.000169 0.850255 -0.000733
56.000000 1.447142 1.000175 0.846531 -0.000758
57.000000 1.485307 1.000181 0.842820 -0.000784
58.000000 1.523493 1.000187 0.839122 -0.000811
59.000000 1.561686 1.000193 0.835441 -0.000838
60.000000 1.599872 1.000199 0.831776 -0.000865
61.000000 1.638039 1.000206 0.828129 -0.000892
62.000000 1.676173 1.000212 0.824501 -0.000920
63.000000 1.714264 1.000219 0.820893 -0.000949
64.000000 1.752301 1.000225 0.817307 -0.000978
65.000000 1.790271 1.000232 0.813741 -0.001007
66.000000 1.828166 1.000239 0.810199 -0.001036
67.000000 1.865976 1.000246 0.806680 -0.001066
68.000000 1.903691 1.000253 0.803185 -0.001096
69.000000 1.941302 1.000260 0.799714 -0.001127
70.000000 1.978801 1.000267 0.796269 -0.001158
71.000000 2.016181 1.000274 0.792850 -0.001189
72.000000 2.053433 1.000281 0.789457 -0.001221
73.000000 2.090551 1.000289 0.786090 -0.001253
74.000000 2.127527 1.000296 0.782751 -0.001286
75.000000 2.164357 1.000304 0.779439 -0.001318
76.000000 2.201033 1.000311 0.776155 -0.001352
77.000000 2.237550 1.000319 0.772899 -0.001385
78.000000 2.273902 1.000327 0.769671 -0.001419
79.000000 2.310085 1.000335 0.766471 -0.001453
80.000000 2.346095 1.000343 0.763300 -0.001488
81.000000 2.381926 1.000351 0.760158 -0.001522
82.000000 2.417575 1.000359 0.757044 -0.001558
83.000000 2.453037 1.000367 0.753960 -0.001593
84.000000 2.488310 1.000375 0.750904 -0.001629
85.000000 2.523390 1.000384 0.747878 -0.001665
86.000000 2.558274 1.000392 0.744880 -0.001701
87.000000 2.592959 1.000400 0.741911 -0.001738
88.000000 2.627443 1.000409 0.738972 -0.001775
89.000000 2.661723 1.000418 0.736061 -0.001813
90.000000 2.695797 1.000426 0.733179 -0.001850
91.000000 2.729663 1.000435 0.730326 -0.001888
92.000000 2.763319 1.000444 0.727502 -0.001927
93.000000 2.796764 1.000453 0.724706 -0.001965
94.000000 2.829997 1.000462 0.721938 -0.002004
95.000000 2.863015 1.000471 0.719199 -0.002043
96.000000 2.895818 1.000480 0.716488 -0.002083
97.000000 2.928405 1.000489 0.713805 -0.002122
98.000000 2.960774 1.000498 0.711150 -0.002162
99.000000 2.992926 1.000507 0.708523 -0.002202
100.000000 3.024859 1.000517 0.705923 -0.002243
101.000000 3.056573 1.000526 0.703350 -0.002284
102.000000 3.088068 1.000536 0.700804 -0.002325
103.000000 3.119344 1.000545 0.698285 -0.002366
104.000000 3.150399 1.000555 0.695793 -0.002407
105.000000 3.181234 1.000564 0.693327 -0.002449
106.000000 3.211850 1.000574 0.690888 -0.002491
107.000000 3.242245 1.000584 0.688474 -0.002533
108.000000 3.272421 1.000593 0.686087 -0.002576
109.000000 3.302377 1.000603 0.683725 -0.002619
110.000000 3.332114 1.000613 0.681388 -0.002662
111.000000 3.361632 1.000623 0.679076 -0.002705
112.000000 3.390932 1.000633 0.676789 -0.002748
113.000000 3.420014 1.000643 0.674527 -0.002792
114.000000 3.448878 1.000653 0.672289 -0.002835
115.000000 3.477525 1.000663 0.670075 -0.002879
116.000000 3.505957 1.000673 0.667886 -0.002924
117.000000 3.534172 1.000684 0.665720 -0.002968
118.000000 3.562173 1.000694 0.663577 -0.003013
119.000000 3.589960 1.000704 0.661458 -0.003057
120.000000 3.617534 1.000715 0.659361 -0.003102
121.000000 3.644895 1.000725 0.657287 -0.003147
122.000000 3.672044 1.000735 0.655236 -0.003193
123.000000 3.698983 1.000746 0.653207 -0.003238
124.000000 3.725712 1.000756 0.651200 -0.003284
125.000000 3.752232 1.000767 0.649215 -0.003329
126.000000 3.778544 1.000778 0.647251 -0.003375
127.000000 3.804650 1.000788 0.645309 -0.003421
128.000000 3.830549 1.000799 0.643387 -0.003468
129.000000 3.856244 1.000810 0.641487 -0.003514
130.000000 3.881735 1.000820 0.639607 -0.003561
131.000000 3.907023 1.000831 0.637748 -0.003607
132.000000 3.932109 1.000842 0.635908 -0.003654
133.000000 3.956994 1.000853 0.634089 -0.003701
134.000000 3.981680 1.000863 0.632290 -0.003748
135.000000 4.006167 1.000874 0.630509 -0.003795
136.000000 4.030457 1.000885 0.628749 -0.003842
137.000000 4.054551 1.000896 0.627007 -0.003890
138.000000 4.078449 1.000907 0.625284 -0.003937
139.000000 4.102154 1.000918 0.623580 -0.003985
140.000000 4.125665 1.000929 0.621895 -0.004032
141.000000 4.148984 1.000940 0.620227 -0.004080
142.000000 4.172113 1.000951 0.618578 -0.004128
143.000000 4.195052 1.000962 0.616946 -0.004176
144.000000 4.217803 1.000973 0.615332 -0.004224
145.000000 4.240366 1.000984 0.613736 -0.004272
146.000000 4.262743 1.000995 0.612157 -0.004320
147.000000 4.284935 1.001006 0.610595 -0.004368
148.000000 4.306943 1.001018 0.609050 -0.004417
149.000000 4.328768 1.001029 0.607521 -0.004465
150.000000 4.350411 1.001040 0.606010 -0.004513
151.000000 4.371874 1.001051 0.604514 -0.004562
152.000000 4.393156 1.001062 0.603035 -0.004610
153.000000 4.414261 1.001073 0.601571 -0.004659
154.000000 4.435188 1.001085 0.600123 -0.004707
155.000000 4.455939 1.001096 0.598691 -0.004756
156.000000 4.476514 1.001107 0.597275 -0.004804
157.000000 4.496915 1.001118 0.595874 -0.004853
158.000000 4.517144 1.001129 0.594488 -0.004901
159.000000 4.537200 1.001140 0.593117 -0.004950
160.000000 4.557085 1.001152 0.591760 -0.004998
161.000000 4.576800 1.001163 0.590419 -0.005047
162.000000 4.596347 1.001174 0.589091 -0.005095
163.000000 4.615726 1.001185 0.587779 -0.005144
164.000000 4.634938 1.001196 0.586480 -0.005193
165.000000 4.653984 1.001208 0.585195 -0.005241
166.000000 4.672865 1.001219 0.583925 -0.005290
167.000000 4.691582 1.001230 0.582668 -0.005338
168.000000 4.710137 1.001241 0.581424 -0.005386
169.000000 4.728530 1.001252 0.580194 -0.005435
170.000000 4.746762 1.001263 0.578978 -0.005483
171.000000 4.764835 1.001275 0.577774 -0.005531
172.000000 4.782748 1.001286 0.576584 -0.005580
173.000000 4.800503 1.001297 0.575407 -0.005628
174.000000 4.818102 1.001308 0.574242 -0.005676
175.000000 4.835544 1.001319 0.573090 -0.005724
176.000000 4.852832 1.001330 0.571950 -0.005772
177.000000 4.869965 1.001341 0.570823 -0.005820
178.000000 4.886945 1.001352 0.569709 -0.005868
179.000000 4.903772 1.001363 0.568606 -0.005915
180.000000 4.920448 1.001374 0.567515 -0.005963
181.000000 4.936973 1.001385 0.566437 -0.006010
182.000000 4.953348 1.001396 0.565370 -0.006058
183.000000 4.969575 1.001407 0.564315 -0.006105
184.000000 4.985653 1.001418 0.563271 -0.006152
185.000000 5.001585 1.001429 0.562239 -0.006200
186.000000 5.017370 1.001439 0.561218 -0.006247
187.000000 5.033009 1.001450 0.560208 -0.006293
188.000000 5.048503 1.001461 0.559210 -0.006340
189.000000 5.063854 1.001472 0.558222 -0.006387
190.000000 5.079062 1.001482 0.557246 -0.006433
191.000000 5.094127 1.001493 0.556280 -0.006480
192.000000 5.109051 1.001504 0.555325 -0.006526
193.000000 5.123834 1.001514 0.554381 -0.006572
194.000000 5.138477 1.001525 0.553447 -0.006618
195.000000 5.152980 1.001536 0.552524 -0.006663
196.000000 5.167345 1.001546 0.551611 -0.006709
197.000000 5.181573 1.001557 0.550708 -0.006754
198.000000 5.195663 1.001567 0.549815 -0.006800
199.000000 5.209617 1.001577 0.548933 -0.006845
200.000000 5.223436 1.001588 0.548060 -0.006890
201.000000 5.237119 1.001598 0.547197 -0.006934
202.000000 5.250669 1.001608 0.546344 -0.006979
203.000000 5.264084 1.001619 0.545501 -0.007023
204.000000 5.277367 1.001629 0.544668 -0.007067
205.000000 5.290518 1.001639 0.543844 -0.007111
206.000000 5.303538 1.001649 0.543029 -0.007155
207.000000 5.316426 1.001659 0.542224 -0.007198
208.000000 5.329184 1.001669 0.541428 -0.007242
209.000000 5.341813 1.001679 0.540641 -0.007285
210.000000 5.354313 1.001689 0.539864 -0.007328
211.000000 5.366684 1.001699 0.539096 -0.007370
212.000000 5.378928 1.001708 0.538336 -0.007413
213.000000 5.391045 1.001718 0.537586 -0.007455
214.000000 5.403035 1.001728 0.536844 -0.007497
215.000000 5.414900 1.001737 0.536111 -0.007538
216.000000 5.426639 1.001747 0.535387 -0.007580
217.000000 5.438253 1.001756 0.534672 -0.007621
218.000000 5.449743 1.001766 0.533965 -0.007662
219.000000 5.461110 1.001775 0.533267 -0.007703
220.000000 5.472354 1.001785 0.532577 -0.007743
221.000000 5.483475 1.001794 0.531895 -0.007783
222.000000 5.494474 1.001803 0.531222 -0.007823
223.000000 5.505352 1.001812 0.530557 -0.007863
224.000000 5.516109 1.001821 0.529901 -0.007902
225.000000 5.526746 1.001830 0.529252 -0.007941
226.000000 5.537263 1.001839 0.528612 -0.007980
227.000000 5.547660 1.001848 0.527979 -0.008018
228.000000 5.557939 1.001857 0.527355 -0.008056
229.000000 5.568099 1.001866 0.526738 -0.008094
230.000000 5.578141 1.001874 0.526130 -0.008132
231.000000 5.588067 1.001883 0.525529 -0.008169
232.000000 5.597875 1.001891 0.524936 -0.008206
233.000000 5.607567 1.001900 0.524350 -0.008243
234.000000 5.617142 1.001908 0.523773 -0.008279
235.000000 5.626603 1.001917 0.523203 -0.008315
236.000000 5.635948 1.001925 0.522640 -0.008351
237.000000 5.645179 1.001933 0.522085 -0.008386
238.000000 5.654295 1.001941 0.521537 -0.008422
239.000000 5.663298 1.001949 0.520997 -0.008456
240.000000 5.672188 1.001957 0.520464 -0.008491
241.000000 5.680964 1.001965 0.519938 -0.008525
242.000000 5.689628 1.001973 0.519420 -0.008559
243.000000 5.698180 1.001980 0.518909 -0.008592
244.000000 5.706620 1.001988 0.518405 -0.008625
245.000000 5.714950 1.001996 0.517908 -0.008658
246.000000 5.723168 1.002003 0.517418 -0.008690
247.000000 5.731275 1.002010 0.516935 -0.008722
248.000000 5.739273 1.002018 0.516460 -0.008754
249.000000 5.747161 1.002025 0.515991 -0.008785
250.000000 5.754939 1.002032 0.515529 -0.008816
251.000000 5.762608 1.002039 0.515074 -0.008846
252.000000 5.770169 1.002046 0.514626 -0.008877
253.000000 5.777621 1.002053 0.514184 -0.008906
254.000000 5.784966 1.002060 0.513750 -0.008936
255.000000 5.792202 1.002066 0.513322 -0.008965
256.000000 5.799332 1.002073 0.512901 -0.008994
257.000000 5.806354 1.002080 0.512486 -0.009022
258.000000 5.813270 1.002086 0.512078 -0.009050
259.000000 5.820080 1.002092 0.511677 -0.009077
260.000000 5.826783 1.002099 0.511282 -0.009104
261.000000 5.833381 1.002105 0.510894 -0.009131
262.000000 5.839873 1.002111 0.510512 -0.009157
263.000000 5.846261 1.002117 0.510137 -0.009183
264.000000 5.852543 1.002123 0.509768 -0.009209
265.000000 5.858721 1.002129 0.509406 -0.009234
266.000000 5.864795 1.002134 0.509050 -0.009259
267.000000 5.870765 1.002140 0.508700 -0.009283
268.000000 5.876631 1.002145 0.508357 -0.009307
269.000000 5.882394 1.002151 0.508019 -0.009330
270.000000 5.888054 1.002156 0.507688 -0.009353
271.000000 5.893610 1.002161 0.507364 -0.009376
272.000000 5.899065 1.002166 0.507045 -0.009398
273.000000 5.904416 1.002171 0.506733 -0.009420
274.000000 5.909666 1.002176 0.506427 -0.009441
275.000000 5.914814 1.002181 0.506127 -0.009462
276.000000 5.919860 1.002186 0.505833 -0.009483
277.000000 5.924805 1.002191 0.505545 -0.009503
278.000000 5.929649 1.002195 0.505263 -0.009523
279.000000 5.934392 1.002200 0.504987 -0.009542
280.000000 5.939034 1.002204 0.504717 -0.009561
281.000000 5.943575 1.002208 0.504454 -0.009579
282.000000 5.948017 1.002212 0.504196 -0.009597
283.000000 5.952358 1.002216 0.503944 -0.009614
284.000000 5.956599 1.002220 0.503698 -0.009631
285.000000 5.960741 1.002224 0.503458 -0.009648
286.000000 5.964784 1.002228 0.503223 -0.009664
287.000000 5.968727 1.002231 0.502995 -0.009680
288.000000 5.972570 1.002235 0.502772 -0.009695
289.000000 5.976316 1.002238 0.502556 -0.009710
290.000000 5.979962 1.002242 0.502345 -0.009724
291.000000 5.983510 1.002245 0.502140 -0.009738
292.000000 5.986959 1.002248 0.501940 -0.009751
293.000000 5.990310 1.002251 0.501747 -0.009764
294.000000 5.993564 1.002254 0.501559 -0.009777
295.000000 5.996719 1.002257 0.501377 -0.009789
296.000000 5.999777 1.002259 0.501200 -0.009800
297.000000 6.002737 1.002262 0.501029 -0.009811
298.000000 6.005600 1.002264 0.500864 -0.009822
299.000000 6.008365 1.002267 0.500705 -0.009832
300.000000 6.011034 1.002269 0.500551 -0.009842
301.000000 6.013605 1.002271 0.500403 -0.009851
302.000000 6.016080 1.002273 0.500260 -0.009860
303.000000 6.018458 1.002275 0.500123 -0.009868
304.000000 6.020739 1.002277 0.499992 -0.009876
305.000000 6.022924 1.002278 0.499866 -0.009884
306.000000 6.025012 1.002280 0.499746 -0.009891
307.000000 6.027005 1.002282 0.499631 -0.009897
308.000000 6.028901 1.002283 0.499522 -0.009903
309.000000 6.030701 1.002284 0.499419 -0.009909
310.000000 6.032405 1.002285 0.499321 -0.009914
311.000000 6.034014 1.002286 0.499228 -0.009918
312.000000 6.035527 1.002287 0.499141 -0.009922
313.000000 6.036944 1.002288 0.499060 -0.009926
314.000000 6.038266 1.002289 0.498984 -0.009929
315.000000 6.039492 1.002290 0.498914 -0.009932
316.000000 6.040624 1.002290 0.498849 -0.009934
317.000000 6.041659 1.002290 0.498789 -0.009936
318.000000 6.042600 1.002291 0.498735 -0.009937
319.000000 6.043446 1.002291 0.498687 -0.009938
320.000000 6.044197 1.002291 0.498644 -0.009938
321.000000 6.044852 1.002291 0.498606 -0.009938
322.000000 6.045413 1.002291 0.498574 -0.009937
323.000000 6.045879 1.002291 0.498547 -0.009936
324.000000 6.046251 1.002290 0.498526 -0.009935
325.000000 6.046527 1.002290 0.498510 -0.009933
326.000000 6.046709 1.002289 0.498499 -0.009930
327.000000 6.046797 1.002288 0.498494 -0.009927
328.000000 6.046790 1.002288 0.498495 -0.009924
329.000000 6.046688 1.002287 0.498501 -0.009920
330.000000 6.046492 1.002286 0.498512 -0.009915
331.000000 6.046201 1.002285 0.498528 -0.009910
332.000000 6.045816 1.002283 0.498551 -0.009905
333.000000 6.045337 1.002282 0.498578 -0.009899
334.000000 6.044764 1.002281 0.498611 -0.009893
335.000000 6.044096 1.002279 0.498649 -0.009886
336.000000 6.043334 1.002277 0.498693 -0.009879
337.000000 6.042477 1.002276 0.498742 -0.009871
338.000000 6.041526 1.002274 0.498797 -0.009863
339.000000 6.040481 1.002272 0.498857 -0.009854
340.000000 6.039342 1.002270 0.498922 -0.009845
341.000000 6.038109 1.002267 0.498993 -0.009836
342.000000 6.036781 1.002265 0.499069 -0.009826
343.000000 6.035359 1.002263 0.499151 -0.009815
344.000000 6.033843 1.002260 0.499238 -0.009804
345.000000 6.032233 1.002257 0.499331 -0.009793
346.000000 6.030528 1.002255 0.499429 -0.009781
347.000000 6.028729 1.002252 0.499532 -0.009768
348.000000 6.026836 1.002249 0.499641 -0.009756
349.000000 6.024849 1.002246 0.499755 -0.009742
350.000000 6.022767 1.002243 0.499875 -0.009729
351.000000 6.020591 1.002239 0.500001 -0.009714
352.000000 6.018320 1.002236 0.500131 -0.009700
353.000000 6.015956 1.002233 0.500267 -0.009685
354.000000 6.013496 1.002229 0.500409 -0.009669
355.000000 6.010942 1.002225 0.500556 -0.009653
356.000000 6.008294 1.002221 0.500709 -0.009637
357.000000 6.005551 1.002218 0.500867 -0.009620
358.000000 6.002714 1.002214 0.501031 -0.009603
359.000000 5.999781 1.002210 0.501200 -0.009585
360.000000 5.996755 1.002205 0.501375 -0.009567
361.000000 5.993633 1.002201 0.501555 -0.009548
362.000000 5.990416 1.002197 0.501741 -0.009529
363.000000 5.987105 1.002192 0.501932 -0.009509
364.000000 5.983699 1.002188 0.502129 -0.009490
365.000000 5.980197 1.002183 0.502331 -0.009469
366.000000 5.976601 1.002178 0.502539 -0.009448
367.000000 5.972909 1.002173 0.502753 -0.009427
368.000000 5.969122 1.002168 0.502972 -0.009405
369.000000 5.965240 1.002163 0.503197 -0.009383
370.000000 5.961263 1.002158 0.503427 -0.009361
371.000000 5.957190 1.002153 0.503664 -0.009338
372.000000 5.953021 1.002147 0.503905 -0.009315
373.000000 5.948757 1.002142 0.504153 -0.009291
374.000000 5.944397 1.002136 0.504406 -0.009267
375.000000 5.939941 1.002130 0.504665 -0.009242
376.000000 5.935389 1.002125 0.504929 -0.009217
377.000000 5.930741 1.002119 0.505200 -0.009192
378.000000 5.925997 1.002113 0.505476 -0.009166
379.000000 5.921157 1.002107 0.505757 -0.009140
380.000000 5.916220 1.002101 0.506045 -0.009113
381.000000 5.911187 1.002094 0.506338 -0.009086
382.000000 5.906057 1.002088 0.506637 -0.009059
383.000000 5.900831 1.002082 0.506942 -0.009031
384.000000 5.895507 1.002075 0.507253 -0.009003
385.000000 5.890087 1.002069 0.507570 -0.008974
386.000000 5.884570 1.002062 0.507892 -0.008945
387.000000 5.878955 1.002055 0.508221 -0.008916
388.000000 5.873243 1.002048 0.508555 -0.008886
389.000000 5.867434 1.002041 0.508895 -0.008856
390.000000 5.861527 1.002034 0.509241 -0.008826
391.000000 5.855522 1.002027 0.509594 -0.008795
392.000000 5.849419 1.002020 0.509952 -0.008764
393.000000 5.843218 1.002013 0.510316 -0.008733
394.000000 5.836919 1.002005 0.510686 -0.008701
395.000000 5.830522 1.001998 0.511062 -0.008668
396.000000 5.824026 1.001991 0.511445 -0.008636
397.000000 5.817431 1.001983 0.511833 -0.008603
398.000000 5.810738 1.001975 0.512228 -0.008570
399.000000 5.803945 1.001968 0.512628 -0.008536
400.000000 5.797054 1.001960 0.513035 -0.008502
401.000000 5.790063 1.001952 0.513448 -0.008468
402.000000 5.782972 1.001944 0.513868 -0.008433
403.000000 5.775782 1.001936 0.514293 -0.008398
404.000000 5.768492 1.001928 0.514725 -0.008363
405.000000 5.761103 1.001919 0.515163 -0.008327
406.000000 5.753612 1.001911 0.515608 -0.008291
407.000000 5.746022 1.001903 0.516058 -0.008255
408.000000 5.738331 1.001894 0.516516 -0.008218
409.000000 5.730539 1.001886 0.516979 -0.008182
410.000000 5.722646 1.001877 0.517449 -0.008144
411.000000 5.714652 1.001868 0.517926 -0.008107
412.000000 5.706557 1.001860 0.518409 -0.008069
413.000000 5.698360 1.001851 0.518898 -0.008031
414.000000 5.690061 1.001842 0.519394 -0.007993
415.000000 5.681661 1.001833 0.519897 -0.007954
416.000000 5.673158 1.001824 0.520406 -0.007915
417.000000 5.664553 1.001815 0.520922 -0.007876
418.000000 5.655846 1.001806 0.521444 -0.007836
419.000000 5.647035 1.001797 0.521973 -0.007796
420.000000 5.638122 1.001788 0.522509 -0.007756
421.000000 5.629105 1.001778 0.523052 -0.007716
422.000000 5.619985 1.001769 0.523601 -0.007675
423.000000 5.610762 1.001760 0.524158 -0.007635
424.000000 5.601434 1.001750 0.524721 -0.007593
425.000000 5.592002 1.001741 0.525291 -0.007552
426.000000 5.582466 1.001731 0.525868 -0.007510
427.000000 5.572826 1.001721 0.526452 -0.007469
428.000000 5.563081 1.001712 0.527043 -0.007427
429.000000 5.553230 1.001702 0.527641 -0.007384
430.000000 5.543275 1.001692 0.528246 -0.007342
431.000000 5.533214 1.001682 0.528858 -0.007299
432.000000 5.523047 1.001672 0.529478 -0.007256
433.000000 5.512774 1.001662 0.530104 -0.007213
434.000000 5.502395 1.001652 0.530738 -0.007169
435.000000 5.491910 1.001642 0.531379 -0.007126
436.000000 5.481318 1.001632 0.532028 -0.007082
437.000000 5.470619 1.001622 0.532683 -0.007038
438.000000 5.459813 1.001612 0.533346 -0.006993
439.000000 5.448899 1.001601 0.534017 -0.006949
440.000000 5.437878 1.001591 0.534695 -0.006904
441.000000 5.426749 1.001581 0.535381 -0.006860
442.000000 5.415511 1.001570 0.536074 -0.006815
443.000000 5.404166 1.001560 0.536774 -0.006769
444.000000 5.392711 1.001550 0.537483 -0.006724
445.000000 5.381148 1.001539 0.538199 -0.006679
446.000000 5.369475 1.001529 0.538922 -0.006633
447.000000 5.357693 1.001518 0.539654 -0.006587
448.000000 5.345801 1.001507 0.540393 -0.006541
449.000000 5.333799 1.001497 0.541141 -0.006495
450.000000 5.321687 1.001486 0.541896 -0.006449
451.000000 5.309464 1.001475 0.542659 -0.006402
452.000000 5.297131 1.001465 0.543430 -0.006356
453.000000 5.284687 1.001454 0.544209 -0.006309
454.000000 5.272131 1.001443 0.544996 -0.006262
455.000000 5.259464 1.001432 0.545792 -0.006215
456.000000 5.246686 1.001421 0.546595 -0.006168
457.000000 5.233795 1.001410 0.547407 -0.006121
458.000000 5.220792 1.001400 0.548227 -0.006074
459.000000 5.207676 1.001389 0.549055 -0.006026
460.000000 5.194448 1.001378 0.549892 -0.005979
461.000000 5.181106 1.001367 0.550738 -0.005931
462.000000 5.167651 1.001356 0.551591 -0.005883
463.000000 5.154083 1.001345 0.552454 -0.005836
464.000000 5.140401 1.001334 0.553325 -0.005788
465.000000 5.126605 1.001323 0.554204 -0.005740
466.000000 5.112694 1.001312 0.555092 -0.005692
467.000000 5.098669 1.001300 0.555989 -0.005644
468.000000 5.084530 1.001289 0.556895 -0.005596
469.000000 5.070275 1.001278 0.557810 -0.005547
470.000000 5.055905 1.001267 0.558734 -0.005499
471.000000 5.041420 1.001256 0.559666 -0.005451
472.000000 5.026819 1.001245 0.560608 -0.005402
473.000000 5.012102 1.001234 0.561558 -0.005354
474.000000 4.997269 1.001222 0.562518 -0.005306
475.000000 4.982319 1.001211 0.563487 -0.005257
476.000000 4.967253 1.001200 0.564465 -0.005209
477.000000 4.952071 1.001189 0.565453 -0.005160
478.000000 4.936771 1.001178 0.566450 -0.005112
479.000000 4.921354 1.001167 0.567456 -0.005063
480.000000 4.905820 1.001155 0.568472 -0.005014
481.000000 4.890169 1.001144 0.569497 -0.004966
482.000000 4.874399 1.001133 0.570532 -0.004917
483.000000 4.858512 1.001122 0.571577 -0.004869
484.000000 4.842507 1.001111 0.572631 -0.004820
485.000000 4.826384 1.001099 0.573695 -0.004772
486.000000 4.810142 1.001088 0.574768 -0.004723
487.000000 4.793782 1.001077 0.575852 -0.004675
488.000000 4.777304 1.001066 0.576946 -0.004626
489.000000 4.760707 1.001055 0.578049 -0.004578
490.000000 4.743991 1.001044 0.579163 -0.004529
491.000000 4.727156 1.001032 0.580286 -0.004481
492.000000 4.710202 1.001021 0.581420 -0.004433
493.000000 4.693129 1.001010 0.582564 -0.004384
494.000000 4.675937 1.000999 0.583718 -0.004336
495.000000 4.658626 1.000988 0.584883 -0.004288
496.000000 4.641196 1.000977 0.586057 -0.004240
497.000000 4.623646 1.000966 0.587243 -0.004192
498.000000 4.605977 1.000955 0.588439 -0.004144
499.000000 4.588190 1.000944 0.589645 -0.004096
500.000000 4.570283 1.000933 0.590862 -0.004048
501.000000 4.552256 1.000922 0.592089 -0.004001
502.000000 4.534111 1.000911 0.593327 -0.003953
503.000000 4.515847 1.000900 0.594576 -0.003906
504.000000 4.497464 1.000889 0.595836 -0.003858
505.000000 4.478963 1.000878 0.597107 -0.003811
506.000000 4.460342 1.000867 0.598388 -0.003764
507.000000 4.441604 1.000856 0.599680 -0.003717
508.000000 4.422747 1.000845 0.600984 -0.003670
509.000000 4.403772 1.000835 0.602298 -0.003623
510.000000 4.384679 1.000824 0.603623 -0.003576
511.000000 4.365469 1.000813 0.604960 -0.003530
512.000000 4.346141 1.000802 0.606308 -0.003483
513.000000 4.326696 1.000792 0.607666 -0.003437
514.000000 4.307135 1.000781 0.609036 -0.003391
515.000000 4.287458 1.000771 0.610418 -0.003345
516.000000 4.267665 1.000760 0.611810 -0.003299
517.000000 4.247757 1.000749 0.613214 -0.003253
518.000000 4.227733 1.000739 0.614629 -0.003208
519.000000 4.207596 1.000729 0.616056 -0.003162
520.000000 4.187344 1.000718 0.617494 -0.003117
521.000000 4.166979 1.000708 0.618944 -0.003072
522.000000 4.146502 1.000697 0.620404 -0.003027
523.000000 4.125913 1.000687 0.621877 -0.002983
524.000000 4.105212 1.000677 0.623361 -0.002938
525.000000 4.084401 1.000667 0.624856 -0.002894
526.000000 4.063481 1.000657 0.626363 -0.002850
527.000000 4.042451 1.000646 0.627881 -0.002806
528.000000 4.021314 1.000636 0.629411 -0.002763
529.000000 4.000070 1.000626 0.630952 -0.002719
530.000000 3.978720 1.000616 0.632505 -0.002676
531.000000 3.957265 1.000607 0.634069 -0.002633
532.000000 3.935706 1.000597 0.635645 -0.002590
533.000000 3.914044 1.000587 0.637232 -0.002548
534.000000 3.892282 1.000577 0.638831 -0.002505
535.000000 3.870419 1.000567 0.640441 -0.002463
536.000000 3.848458 1.000558 0.642062 -0.002421
537.000000 3.826399 1.000548 0.643695 -0.002380
538.000000 3.804245 1.000539 0.645339 -0.002338
539.000000 3.781996 1.000529 0.646994 -0.002297
540.000000 3.759656 1.000520 0.648660 -0.002257
541.000000 3.737224 1.000510 0.650338 -0.002216
542.000000 3.714704 1.000501 0.652026 -0.002176
543.000000 3.692096 1.000492 0.653725 -0.002136
544.000000 3.669404 1.000483 0.655435 -0.002096
545.000000 3.646629 1.000474 0.657156 -0.002056
546.000000 3.623773 1.000465 0.658888 -0.002017
547.000000 3.600839 1.000456 0.660630 -0.001978
548.000000 3.577828 1.000447 0.662382 -0.001939
549.000000 3.554744 1.000438 0.664145 -0.001901
550.000000 3.531589 1.000429 0.665918 -0.001863
551.000000 3.508366 1.000420 0.667701 -0.001825
552.000000 3.485077 1.000412 0.669493 -0.001788
553.000000 3.461725 1.000403 0.671295 -0.001751
554.000000 3.438314 1.000395 0.673107 -0.001714
555.000000 3.414847 1.000386 0.674928 -0.001677
556.000000 3.391326 1.000378 0.676758 -0.001641
557.000000 3.367756 1.000370 0.678597 -0.001605
558.000000 3.344139 1.000362 0.680445 -0.001569
559.000000 3.320480 1.000353 0.682301 -0.001534
560.000000 3.296782 1.000345 0.684165 -0.001499
561.000000 3.273049 1.000337 0.686037 -0.001465
562.000000 3.249285 1.000329 0.687917 -0.001430
563.000000 3.225495 1.000322 0.689803 -0.001396
564.000000 3.201683 1.000314 0.691697 -0.001363
565.000000 3.177853 1.000306 0.693597 -0.001329
566.000000 3.154011 1.000299 0.695504 -0.001297
567.000000 3.130160 1.000291 0.697416 -0.001264
568.000000 3.106307 1.000284 0.699334 -0.001232
569.000000 3.082456 1.000276 0.701257 -0.001200
570.000000 3.058612 1.000269 0.703185 -0.001168
571.000000 3.034782 1.000262 0.705117 -0.001137
572.000000 3.010971 1.000255 0.707052 -0.001107
573.000000 2.987184 1.000248 0.708991 -0.001076
574.000000 2.963428 1.000241 0.710933 -0.001046
575.000000 2.939710 1.000234 0.712877 -0.001016
576.000000 2.916035 1.000227 0.714823 -0.000987
577.000000 2.892411 1.000221 0.716769 -0.000958
578.000000 2.868844 1.000214 0.718717 -0.000930
579.000000 2.845341 1.000208 0.720664 -0.000902
580.000000 2.821910 1.000201 0.722611 -0.000874
581.000000 2.798557 1.000195 0.724556 -0.000847
582.000000 2.775291 1.000189 0.726500 -0.000820
583.000000 2.752120 1.000183 0.728440 -0.000793
584.000000 2.729051 1.000177 0.730378 -0.000767
585.000000 2.706093 1.000171 0.732311 -0.000741
586.000000 2.683254 1.000165 0.734239 -0.000716
587.000000 2.660542 1.000159 0.736161 -0.000691
588.000000 2.637968 1.000154 0.738077 -0.000667
589.000000 2.615538 1.000148 0.739985 -0.000642
590.000000 2.593264 1.000143 0.741885 -0.000619
591.000000 2.571154 1.000137 0.743776 -0.000595
592.000000 2.549218 1.000132 0.745657 -0.000573
593.000000 2.527465 1.000127 0.747527 -0.000550
594.000000 2.505906 1.000122 0.749384 -0.000528
595.000000 2.484551 1.000117 0.751229 -0.000506
596.000000 2.463409 1.000112 0.753060 -0.000485
597.000000 2.442492 1.000107 0.754876 -0.000465
598.000000 2.421810 1.000102 0.756675 -0.000444
599.000000 2.401373 1.000098 0.758458 -0.000424
600.000000 2.381193 1.000093 0.760222 -0.000405
601.000000 2.361281 1.000089 0.761967 -0.000386
602.000000 2.341647 1.000085 0.763691 -0.000367
603.000000 2.322303 1.000081 0.765394 -0.000349
604.000000 2.303259 1.000076 0.767074 -0.000332
605.000000 2.284529 1.000072 0.768730 -0.000314
606.000000 2.266122 1.000069 0.770360 -0.000298
607.000000 2.248051 1.000065 0.771965 -0.000281
608.000000 2.230326 1.000061 0.773542 -0.000265
609.000000 2.212960 1.000058 0.775090 -0.000250
610.000000 2.195963 1.000054 0.776608 -0.000235
611.000000 2.179348 1.000051 0.778095 -0.000220
612.000000 2.163126 1.000048 0.779550 -0.000206
613.000000 2.147307 1.000044 0.780970 -0.000193
614.000000 2.131905 1.000041 0.782357 -0.000179
615.000000 2.116929 1.000038 0.783707 -0.000167
616.000000 2.102390 1.000036 0.785020 -0.000154
617.000000 2.088301 1.000033 0.786294 -0.000143
618.000000 2.074671 1.000030 0.787529 -0.000131
619.000000 2.061512 1.000028 0.788723 -0.000120
620.000000 2.048833 1.000025 0.789875 -0.000110
621.000000 2.036645 1.000023 0.790984 -0.000100
622.000000 2.024957 1.000021 0.792049 -0.000091
623.000000 2.013780 1.000019 0.793069 -0.000081
624.000000 2.003123 1.000017 0.794043 -0.000073
625.000000 1.992995 1.000015 0.794969 -0.000065
626.000000 1.983404 1.000013 0.795847 -0.000057
627.000000 1.974359 1.000012 0.796677 -0.000050
628.000000 1.965868 1.000010 0.797456 -0.000043
629.000000 1.957939 1.000009 0.798184 -0.000037
630.000000 1.950578 1.000007 0.798861 -0.000032
631.000000 1.943793 1.000006 0.799485 -0.000026
632.000000 1.937589 1.000005 0.800056 -0.000021
633.000000 1.931972 1.000004 0.800574 -0.000017
634.000000 1.926948 1.000003 0.801037 -0.000013
635.000000 1.922521 1.000002 0.801445 -0.000010
636.000000 1.918696 1.000002 0.801798 -0.000007
637.000000 1.915476 1.000001 0.802096 -0.000005
638.000000 1.912864 1.000001 0.802337 -0.000003
639.000000 1.910863 1.000000 0.802522 -0.000001
640.000000 1.909475 1.000000 0.802650 -0.000000
641.000000 1.908702 1.000000 0.802722 0.000000
642.000000 1.908543 1.000000 0.802736 0.000000
643.000000 1.909001 1.000000 0.802694 -0.000000
644.000000 1.910073 1.000000 0.802595 -0.000001
645.000000 1.911760 1.000001 0.802439 -0.000002
646.000000 1.914060 1.000001 0.802227 -0.000004
647.000000 1.916970 1.000002 0.801958 -0.000007
648.000000 1.920489 1.000002 0.801633 -0.000009
649.000000 1.924613 1.000003 0.801252 -0.000013
650.000000 1.929338 1.000004 0.800817 -0.000016
651.000000 1.934660 1.000005 0.800326 -0.000021
652.000000 1.940574 1.000006 0.799781 -0.000025
653.000000 1.947075 1.000007 0.799183 -0.000031
654.000000 1.954158 1.000008 0.798532 -0.000036
655.000000 1.961815 1.000010 0.797828 -0.000042
656.000000 1.970039 1.000011 0.797073 -0.000049
657.000000 1.978825 1.000013 0.796267 -0.000056
658.000000 1.988163 1.000015 0.795411 -0.000064
659.000000 1.998047 1.000017 0.794507 -0.000072
660.000000 2.008466 1.000019 0.793554 -0.000080
661.000000 2.019414 1.000021 0.792555 -0.000089
662.000000 2.030879 1.000023 0.791509 -0.000098
663.000000 2.042853 1.000025 0.790419 -0.000108
664.000000 2.055327 1.000027 0.789285 -0.000119
665.000000 2.068289 1.000030 0.788108 -0.000129
666.000000 2.081729 1.000032 0.786889 -0.000141
667.000000 2.095638 1.000035 0.785630 -0.000152
668.000000 2.110003 1.000038 0.784332 -0.000165
669.000000 2.124815 1.000041 0.782996 -0.000177
670.000000 2.140061 1.000044 0.781622 -0.000190
671.000000 2.155731 1.000047 0.780214 -0.000204
672.000000 2.171813 1.000050 0.778770 -0.000218
673.000000 2.188295 1.000054 0.777294 -0.000232
674.000000 2.205167 1.000057 0.775785 -0.000247
675.000000 2.222416 1.000061 0.774246 -0.000263
676.000000 2.240031 1.000064 0.772678 -0.000278
677.000000 2.258000 1.000068 0.771081 -0.000295
678.000000 2.276312 1.000072 0.769457 -0.000311
679.000000 2.294954 1.000076 0.767807 -0.000329
680.000000 2.313915 1.000080 0.766133 -0.000346
681.000000 2.333184 1.000084 0.764435 -0.000364
682.000000 2.352749 1.000088 0.762715 -0.000383
683.000000 2.372599 1.000093 0.760974 -0.000402
684.000000 2.392722 1.000097 0.759213 -0.000421
685.000000 2.413107 1.000102 0.757434 -0.000441
686.000000 2.433743 1.000106 0.755636 -0.000461
687.000000 2.454620 1.000111 0.753822 -0.000482
688.000000 2.475726 1.000116 0.751993 -0.000503
689.000000 2.497050 1.000121 0.750149 -0.000524
690.000000 2.518583 1.000126 0.748292 -0.000546
691.000000 2.540314 1.000131 0.746422 -0.000569
692.000000 2.562232 1.000136 0.744541 -0.000592
693.000000 2.584328 1.000142 0.742649 -0.000615
694.000000 2.606593 1.000147 0.740748 -0.000638
695.000000 2.629015 1.000153 0.738838 -0.000662
696.000000 2.651587 1.000158 0.736921 -0.000687
697.000000 2.674298 1.000164 0.734996 -0.000712
698.000000 2.697141 1.000170 0.733066 -0.000737
699.000000 2.720105 1.000176 0.731130 -0.000763
700.000000 2.743183 1.000182 0.729190 -0.000789
701.000000 2.766366 1.000188 0.727247 -0.000815
702.000000 2.789645 1.000194 0.725300 -0.000842
703.000000 2.813014 1.000200 0.723351 -0.000869
704.000000 2.836463 1.000207 0.721401 -0.000897
705.000000 2.859986 1.000213 0.719450 -0.000925
706.000000 2.883576 1.000220 0.717499 -0.000954
707.000000 2.907224 1.000226 0.715548 -0.000982
708.000000 2.930924 1.000233 0.713598 -0.001012
709.000000 2.954669 1.000240 0.711650 -0.001041
710.000000 2.978453 1.000247 0.709704 -0.001071
711.000000 3.002270 1.000254 0.707761 -0.001101
712.000000 3.026112 1.000261 0.705821 -0.001132
713.000000 3.049975 1.000268 0.703884 -0.001163
714.000000 3.073852 1.000275 0.701952 -0.001195
715.000000 3.097737 1.000283 0.700024 -0.001226
716.000000 3.121626 1.000290 0.698102 -0.001259
717.000000 3.145512 1.000297 0.696185 -0.001291
718.000000 3.169392 1.000305 0.694273 -0.001324
719.000000 3.193259 1.000313 0.692368 -0.001357
720.000000 3.217110 1.000320 0.690470 -0.001391
721.000000 3.240939 1.000328 0.688578 -0.001425
722.000000 3.264742 1.000336 0.686693 -0.001459
723.000000 3.288515 1.000344 0.684817 -0.001493
724.000000 3.312254 1.000352 0.682947 -0.001528
725.000000 3.335954 1.000360 0.681087 -0.001563
726.000000 3.359612 1.000368 0.679234 -0.001599
727.000000 3.383224 1.000377 0.677390 -0.001635
728.000000 3.406787 1.000385 0.675555 -0.001671
729.000000 3.430297 1.000393 0.673729 -0.001708
730.000000 3.453751 1.000402 0.671912 -0.001744
731.000000 3.477145 1.000410 0.670105 -0.001782
732.000000 3.500477 1.000419 0.668307 -0.001819
733.000000 3.523744 1.000428 0.666519 -0.001857
734.000000 3.546942 1.000436 0.664742 -0.001895
735.000000 3.570070 1.000445 0.662974 -0.001933
736.000000 3.593124 1.000454 0.661217 -0.001972
737.000000 3.616102 1.000463 0.659470 -0.002011
738.000000 3.639002 1.000472 0.657733 -0.002050
739.000000 3.661821 1.000481 0.656008 -0.002089
740.000000 3.684558 1.000490 0.654293 -0.002129
741.000000 3.707209 1.000500 0.652589 -0.002169
742.000000 3.729774 1.000509 0.650896 -0.002209
743.000000 3.752249 1.000518 0.649213 -0.002250
744.000000 3.774634 1.000528 0.647543 -0.002291
745.000000 3.796927 1.000537 0.645883 -0.002332
746.000000 3.819125 1.000547 0.644234 -0.002373
747.000000 3.841228 1.000556 0.642597 -0.002414
748.000000 3.863233 1.000566 0.640971 -0.002456
749.000000 3.885140 1.000575 0.639356 -0.002498
750.000000 3.906947 1.000585 0.637753 -0.002541
751.000000 3.928652 1.000595 0.636162 -0.002583
752.000000 3.950255 1.000605 0.634581 -0.002626
753.000000 3.971754 1.000615 0.633013 -0.002669
754.000000 3.993147 1.000625 0.631455 -0.002712
755.000000 4.014435 1.000635 0.629910 -0.002755
756.000000 4.035616 1.000645 0.628375 -0.002799
757.000000 4.056689 1.000655 0.626853 -0.002843
758.000000 4.077653 1.000665 0.625342 -0.002887
759.000000 4.098507 1.000675 0.623842 -0.002931
760.000000 4.119251 1.000685 0.622354 -0.002975
761.000000 4.139883 1.000696 0.620877 -0.003020
762.000000 4.160403 1.000706 0.619412 -0.003065
763.000000 4.180811 1.000716 0.617959 -0.003110
764.000000 4.201105 1.000727 0.616517 -0.003155
765.000000 4.221286 1.000737 0.615086 -0.003200
766.000000 4.241351 1.000748 0.613667 -0.003246
767.000000 4.261302 1.000758 0.612259 -0.003291
768.000000 4.281138 1.000769 0.610862 -0.003337
769.000000 4.300857 1.000779 0.609477 -0.003383
770.000000 4.320460 1.000790 0.608103 -0.003429
771.000000 4.339947 1.000801 0.606740 -0.003475
772.000000 4.359316 1.000811 0.605389 -0.003522
773.000000 4.378568 1.000822 0.604048 -0.003568
774.000000 4.397703 1.000833 0.602719 -0.003615
775.000000 4.416719 1.000844 0.601401 -0.003662
776.000000 4.435618 1.000854 0.600094 -0.003709
777.000000 4.454398 1.000865 0.598798 -0.003756
778.000000 4.473059 1.000876 0.597513 -0.003803
779.000000 4.491602 1.000887 0.596238 -0.003850
780.000000 4.510025 1.000898 0.594975 -0.003898
781.000000 4.528330 1.000909 0.593722 -0.003945
782.000000 4.546516 1.000920 0.592481 -0.003993
783.000000 4.564583 1.000931 0.591250 -0.004040
784.000000 4.582530 1.000942 0.590029 -0.004088
785.000000 4.600358 1.000953 0.588819 -0.004136
786.000000 4.618067 1.000964 0.587620 -0.004184
787.000000 4.635656 1.000975 0.586431 -0.004232
788.000000 4.653126 1.000986 0.585253 -0.004280
789.000000 4.670477 1.000997 0.584085 -0.004328
790.000000 4.687709 1.001008 0.582928 -0.004376
791.000000 4.704821 1.001019 0.581780 -0.004425
792.000000 4.721815 1.001031 0.580643 -0.004473
793.000000 4.738689 1.001042 0.579516 -0.004521
794.000000 4.755444 1.001053 0.578399 -0.004570
795.000000 4.772080 1.001064 0.577293 -0.004618
796.000000 4.788598 1.001075 0.576196 -0.004667
797.000000 4.804996 1.001086 0.575109 -0.004715
798.000000 4.821277 1.001098 0.574032 -0.004764
799.000000 4.837438 1.001109 0.572965 -0.004812
800.000000 4.853482 1.001120 0.571908 -0.004861
801.000000 4.869407 1.001131 0.570860 -0.004909
802.000000 4.885215 1.001142 0.569822 -0.004958
803.000000 4.900904 1.001154 0.568794 -0.005006
804.000000 4.916477 1.001165 0.567775 -0.005055
805.000000 4.931931 1.001176 0.566766 -0.005104
806.000000 4.947268 1.001187 0.565766 -0.005152
807.000000 4.962489 1.001198 0.564775 -0.005201
808.000000 4.977592 1.001209 0.563794 -0.005249
809.000000 4.992579 1.001221 0.562822 -0.005298
810.000000 5.007449 1.001232 0.561859 -0.005346
811.000000 5.022203 1.001243 0.560906 -0.005394
812.000000 5.036841 1.001254 0.559961 -0.005443
813.000000 5.051364 1.001265 0.559026 -0.005491
814.000000 5.065770 1.001276 0.558099 -0.005539
815.000000 5.080062 1.001288 0.557182 -0.005588
816.000000 5.094238 1.001299 0.556273 -0.005636
817.000000 5.108299 1.001310 0.555373 -0.005684
818.000000 5.122246 1.001321 0.554482 -0.005732
819.000000 5.136079 1.001332 0.553600 -0.005780
820.000000 5.149797 1.001343 0.552726 -0.005828
821.000000 5.163401 1.001354 0.551861 -0.005876
822.000000 5.176892 1.001365 0.551005 -0.005923
823.000000 5.190269 1.001376 0.550157 -0.005971
824.000000 5.203533 1.001387 0.549317 -0.006018
825.000000 5.216685 1.001398 0.548486 -0.006066
826.000000 5.229723 1.001409 0.547664 -0.006113
827.000000 5.242650 1.001420 0.546849 -0.006160
828.000000 5.255464 1.001430 0.546043 -0.006207
829.000000 5.268166 1.001441 0.545245 -0.006254
830.000000 5.280757 1.001452 0.544455 -0.006301
831.000000 5.293236 1.001463 0.543674 -0.006348
832.000000 5.305604 1.001474 0.542900 -0.006395
833.000000 5.317862 1.001484 0.542134 -0.006441
834.000000 5.330009 1.001495 0.541377 -0.006487
835.000000 5.342045 1.001506 0.540627 -0.006533
836.000000 5.353971 1.001516 0.539885 -0.006579
837.000000 5.365788 1.001527 0.539151 -0.006625
838.000000 5.377495 1.001537 0.538425 -0.006671
839.000000 5.389093 1.001548 0.537707 -0.006717
840.000000 5.400582 1.001558 0.536996 -0.006762
841.000000 5.411962 1.001569 0.536293 -0.006807
842.000000 5.423233 1.001579 0.535597 -0.006852
843.000000 5.434396 1.001589 0.534909 -0.006897
844.000000 5.445451 1.001600 0.534229 -0.006942
845.000000 5.456399 1.001610 0.533556 -0.006986
846.000000 5.467239 1.001620 0.532891 -0.007030
847.000000 5.477971 1.001630 0.532233 -0.007075
848.000000 5.488597 1.001640 0.531582 -0.007118
849.000000 5.499116 1.001651 0.530939 -0.007162
850.000000 5.509528 1.001661 0.530302 -0.007206
851.000000 5.519834 1.001671 0.529674 -0.007249
852.000000 5.530034 1.001680 0.529052 -0.007292
853.000000 5.540128 1.001690 0.528437 -0.007335
854.000000 5.550116 1.001700 0.527830 -0.007377
855.000000 5.560000 1.001710 0.527230 -0.007420
856.000000 5.569778 1.001720 0.526637 -0.007462
857.000000 5.579451 1.001729 0.526051 -0.007504
858.000000 5.589020 1.001739 0.525471 -0.007545
859.000000 5.598484 1.001748 0.524899 -0.007587
860.000000 5.607844 1.001758 0.524334 -0.007628
861.000000 5.617100 1.001767 0.523775 -0.007669
862.000000 5.626253 1.001777 0.523224 -0.007709
863.000000 5.635302 1.001786 0.522679 -0.007750
864.000000 5.644248 1.001795 0.522141 -0.007790
865.000000 5.653090 1.001805 0.521609 -0.007830
866.000000 5.661830 1.001814 0.521085 -0.007869
867.000000 5.670467 1.001823 0.520567 -0.007908
868.000000 5.679002 1.001832 0.520056 -0.007947
869.000000 5.687434 1.001841 0.519551 -0.007986
870.000000 5.695765 1.001850 0.519053 -0.008025
871.000000 5.703994 1.001858 0.518562 -0.008063
872.000000 5.712121 1.001867 0.518077 -0.008101
873.000000 5.720146 1.001876 0.517598 -0.008138
874.000000 5.728071 1.001884 0.517126 -0.008175
875.000000 5.735894 1.001893 0.516661 -0.008212
876.000000 5.743617 1.001901 0.516201 -0.008249
877.000000 5.751239 1.001910 0.515749 -0.008285
878.000000 5.758761 1.001918 0.515302 -0.008321
879.000000 5.766182 1.001926 0.514862 -0.008357
880.000000 5.773503 1.001934 0.514428 -0.008392
881.000000 5.780724 1.001942 0.514001 -0.008427
882.000000 5.787846 1.001950 0.513580 -0.008462
883.000000 5.794868 1.001958 0.513164 -0.008496
884.000000 5.801791 1.001966 0.512756 -0.008530
885.000000 5.808614 1.001974 0.512353 -0.008564
886.000000 5.815339 1.001982 0.511957 -0.008597
887.000000 5.821964 1.001989 0.511566 -0.008630
888.000000 5.828491 1.001997 0.511182 -0.008663
889.000000 5.834919 1.002004 0.510804 -0.008695
890.000000 5.841249 1.002012 0.510432 -0.008727
891.000000 5.847481 1.002019 0.510066 -0.008759
892.000000 5.853614 1.002026 0.509705 -0.008790
893.000000 5.859650 1.002033 0.509351 -0.008821
894.000000 5.865587 1.002040 0.509003 -0.008851
895.000000 5.871427 1.002047 0.508661 -0.008882
896.000000 5.877170 1.002054 0.508325 -0.008911
897.000000 5.882815 1.002061 0.507995 -0.008941
898.000000 5.888363 1.002068 0.507670 -0.008970
899.000000 5.893814 1.002074 0.507352 -0.008998
900.000000 5.899167 1.002081 0.507039 -0.009026
901.000000 5.904424 1.002087 0.506733 -0.009054
902.000000 5.909584 1.002093 0.506432 -0.009082
903.000000 5.914648 1.002100 0.506136 -0.009109
904.000000 5.919615 1.002106 0.505847 -0.009135
905.000000 5.924485 1.002112 0.505564 -0.009162
906.000000 5.929259 1.002118 0.505286 -0.009188
907.000000 5.933938 1.002124 0.505014 -0.009213
908.000000 5.938520 1.002129 0.504747 -0.009238
909.000000 5.943005 1.002135 0.504487 -0.009263
910.000000 5.947396 1.002141 0.504232 -0.009287
911.000000 5.951690 1.002146 0.503983 -0.009311
912.000000 5.955889 1.002152 0.503739 -0.009334
913.000000 5.959992 1.002157 0.503501 -0.009357
914.000000 5.963999 1.002162 0.503269 -0.009380
915.000000 5.967911 1.002167 0.503042 -0.009402
916.000000 5.971728 1.002172 0.502821 -0.009424
917.000000 5.975449 1.002177 0.502606 -0.009445
918.000000 5.979076 1.002182 0.502396 -0.009466
919.000000 5.982607 1.002187 0.502192 -0.009486
920.000000 5.986043 1.002191 0.501993 -0.009506
921.000000 5.989384 1.002196 0.501800 -0.009526
922.000000 5.992631 1.002200 0.501613 -0.009545
923.000000 5.995782 1.002205 0.501431 -0.009564
924.000000 5.998839 1.002209 0.501254 -0.009582
925.000000 6.001801 1.002213 0.501083 -0.009600
926.000000 6.004668 1.002217 0.500918 -0.009617
927.000000 6.007441 1.002221 0.500758 -0.009634
928.000000 6.010119 1.002225 0.500604 -0.009651
929.000000 6.012702 1.002228 0.500455 -0.009667
930.000000 6.015191 1.002232 0.500311 -0.009682
931.000000 6.017586 1.002235 0.500174 -0.009697
932.000000 6.019886 1.002239 0.500041 -0.009712
933.000000 6.022092 1.002242 0.499914 -0.009726
934.000000 6.024203 1.002245 0.499793 -0.009740
935.000000 6.026220 1.002248 0.499677 -0.009753
936.000000 6.028143 1.002251 0.499566 -0.009766
937.000000 6.029971 1.002254 0.499461 -0.009779
938.000000 6.031705 1.002257 0.499361 -0.009791
939.000000 6.033345 1.002260 0.499267 -0.009802
940.000000 6.034891 1.002262 0.499178 -0.009813
941.000000 6.036343 1.002265 0.499095 -0.009824
942.000000 6.037700 1.002267 0.499017 -0.009834
943.000000 6.038963 1.002269 0.498944 -0.009844
944.000000 6.040132 1.002271 0.498877 -0.009853
945.000000 6.041206 1.002273 0.498815 -0.009861
946.000000 6.042186 1.002275 0.498759 -0.009870
947.000000 6.043072 1.002277 0.498708 -0.009878
948.000000 6.043864 1.002279 0.498663 -0.009885
949.000000 6.044562 1.002280 0.498623 -0.009892
950.000000 6.045165 1.002282 0.498588 -0.009898
951.000000 6.045674 1.002283 0.498559 -0.009904
952.000000 6.046088 1.002284 0.498535 -0.009909
953.000000 6.046408 1.002286 0.498517 -0.009914
954.000000 6.046634 1.002287 0.498504 -0.009919
955.000000 6.046765 1.002288 0.498496 -0.009923
956.000000 6.046802 1.002288 0.498494 -0.009926
957.000000 6.046744 1.002289 0.498497 -0.009930
958.000000 6.046592 1.002290 0.498506 -0.009932
959.000000 6.046345 1.002290 0.498520 -0.009934
960.000000 6.046004 1.002291 0.498540 -0.009936
961.000000 6.045567 1.002291 0.498565 -0.009937
962.000000 6.045036 1.002291 0.498595 -0.009938
963.000000 6.044410 1.002291 0.498631 -0.009938
964.000000 6.043689 1.002291 0.498673 -0.009938
965.000000 6.042874 1.002291 0.498719 -0.009937
966.000000 6.041963 1.002291 0.498772 -0.009936
967.000000 6.040957 1.002290 0.498830 -0.009934
968.000000 6.039855 1.002290 0.498893 -0.009932
969.000000 6.038659 1.002289 0.498962 -0.009930
970.000000 6.037367 1.002288 0.499036 -0.009926
971.000000 6.035979 1.002288 0.499115 -0.009923
972.000000 6.034497 1.002287 0.499201 -0.009919
973.000000 6.032918 1.002286 0.499291 -0.009914
974.000000 6.031244 1.002284 0.499388 -0.009909
975.000000 6.029473 1.002283 0.499489 -0.009904
976.000000 6.027607 1.002282 0.499597 -0.009898
977.000000 6.025645 1.002280 0.499710 -0.009892
978.000000 6.023587 1.002279 0.499828 -0.009885
979.000000 6.021432 1.002277 0.499952 -0.009878
980.000000 6.019181 1.002275 0.500082 -0.009870
981.000000 6.016833 1.002273 0.500217 -0.009861
982.000000 6.014389 1.002271 0.500358 -0.009853
983.000000 6.011848 1.002269 0.500504 -0.009844
984.000000 6.009210 1.002267 0.500656 -0.009834
985.000000 6.006475 1.002265 0.500814 -0.009824
986.000000 6.003643 1.002262 0.500977 -0.009813
987.000000 6.000713 1.002260 0.501146 -0.009802
988.000000 5.997686 1.002257 0.501321 -0.009791
989.000000 5.994561 1.002254 0.501501 -0.009779
990.000000 5.991338 1.002251 0.501687 -0.009766
991.000000 5.988018 1.002248 0.501879 -0.009753
992.000000 5.984599 1.002245 0.502077 -0.009740
993.000000 5.981082 1.002242 0.502280 -0.009726
994.000000 5.977467 1.002239 0.502489 -0.009712
995.000000 5.973752 1.002235 0.502704 -0.009697
996.000000 5.969939 1.002232 0.502925 -0.009682
997.000000 5.966027 1.002228 0.503151 -0.009667
998.000000 5.962016 1.002225 0.503384 -0.009650
999.000000 5.957905 1.002221 0.503622 -0.009634
1000.000000 5.953695 1.002217 0.503866 -0.009617
1001.000000 5.949385 1.002213 0.504116 -0.009600
1002.000000 5.944975 1.002209 0.504372 -0.009582
1003.000000 5.940465 1.002205 0.504634 -0.009564
1004.000000 5.935854 1.002200 0.504902 -0.009545
1005.000000 5.931143 1.002196 0.505176 -0.009526
1006.000000 5.926330 1.002191 0.505456 -0.009506
1007.000000 5.921417 1.002187 0.505742 -0.009486
1008.000000 5.916402 1.002182 0.506034 -0.009466
1009.000000 5.911286 1.002177 0.506332 -0.009445
1010.000000 5.906068 1.002172 0.506637 -0.009423
1011.000000 5.900748 1.002167 0.506947 -0.009402
1012.000000 5.895326 1.002162 0.507264 -0.009380
1013.000000 5.889801 1.002157 0.507586 -0.009357
1014.000000 5.884174 1.002152 0.507915 -0.009334
1015.000000 5.878443 1.002146 0.508251 -0.009311
1016.000000 5.872609 1.002141 0.508592 -0.009287
1017.000000 5.866671 1.002135 0.508940 -0.009263
1018.000000 5.860630 1.002129 0.509294 -0.009238
1019.000000 5.854484 1.002124 0.509654 -0.009213
1020.000000 5.848234 1.002118 0.510021 -0.009187
1021.000000 5.841880 1.002112 0.510395 -0.009162
1022.000000 5.835420 1.002106 0.510774 -0.009135
1023.000000 5.828855 1.002100 0.511160 -0.009109
1024.000000 5.822184 1.002093 0.511553 -0.009082
1025.000000 5.815408 1.002087 0.511952 -0.009054
1026.000000 5.808525 1.002081 0.512358 -0.009026
1027.000000 5.801535 1.002074 0.512771 -0.008998
1028.000000 5.794439 1.002068 0.513190 -0.008970
1029.000000 5.787236 1.002061 0.513616 -0.008941
1030.000000 5.779925 1.002054 0.514048 -0.008911
1031.000000 5.772506 1.002047 0.514487 -0.008881
1032.000000 5.764979 1.002040 0.514933 -0.008851
1033.000000 5.757343 1.002033 0.515386 -0.008821
1034.000000 5.749599 1.002026 0.515846 -0.008790
1035.000000 5.741745 1.002019 0.516313 -0.008759
1036.000000 5.733781 1.002012 0.516786 -0.008727
1037.000000 5.725708 1.002004 0.517267 -0.008695
1038.000000 5.717524 1.001997 0.517754 -0.008663
1039.000000 5.709229 1.001989 0.518249 -0.008630
1040.000000 5.700823 1.001982 0.518751 -0.008597
1041.000000 5.692306 1.001974 0.519260 -0.008564
1042.000000 5.683676 1.001966 0.519776 -0.008530
1043.000000 5.674934 1.001958 0.520299 -0.008496
1044.000000 5.666080 1.001950 0.520830 -0.008462
1045.000000 5.657112 1.001942 0.521368 -0.008427
1046.000000 5.648031 1.001934 0.521913 -0.008392
1047.000000 5.638835 1.001926 0.522466 -0.008357
1048.000000 5.629525 1.001918 0.523027 -0.008321
1049.000000 5.620100 1.001910 0.523594 -0.008285
1050.000000 5.610560 1.001901 0.524170 -0.008249
1051.000000 5.600904 1.001893 0.524753 -0.008212
1052.000000 5.591132 1.001884 0.525344 -0.008175
1053.000000 5.581243 1.001876 0.525942 -0.008138
1054.000000 5.571236 1.001867 0.526548 -0.008101
1055.000000 5.561112 1.001858 0.527162 -0.008063
1056.000000 5.550870 1.001850 0.527784 -0.008025
1057.000000 5.540509 1.001841 0.528414 -0.007986
1058.000000 5.530029 1.001832 0.529052 -0.007947
1059.000000 5.519429 1.001823 0.529698 -0.007908
1060.000000 5.508709 1.001814 0.530352 -0.007869
1061.000000 5.497868 1.001805 0.531015 -0.007830
1062.000000 5.486906 1.001795 0.531685 -0.007790
1063.000000 5.475822 1.001786 0.532364 -0.007750
1064.000000 5.464616 1.001777 0.533052 -0.007709
1065.000000 5.453287 1.001767 0.533747 -0.007669
1066.000000 5.441835 1.001758 0.534451 -0.007628
1067.000000 5.430259 1.001748 0.535164 -0.007587
1068.000000 5.418558 1.001739 0.535886 -0.007545
1069.000000 5.406732 1.001729 0.536616 -0.007504
1070.000000 5.394780 1.001720 0.537355 -0.007462
1071.000000 5.382702 1.001710 0.538102 -0.007420
1072.000000 5.370497 1.001700 0.538859 -0.007377
1073.000000 5.358164 1.001690 0.539625 -0.007335
1074.000000 5.345704 1.001680 0.540399 -0.007292
1075.000000 5.333114 1.001671 0.541183 -0.007249
1076.000000 5.320395 1.001661 0.541976 -0.007205
1077.000000 5.307547 1.001651 0.542779 -0.007162
1078.000000 5.294567 1.001640 0.543590 -0.007118
1079.000000 5.281456 1.001630 0.544411 -0.007074
1080.000000 5.268214 1.001620 0.545242 -0.007030
1081.000000 5.254838 1.001610 0.546082 -0.006986
1082.000000 5.241330 1.001600 0.546932 -0.006942
1083.000000 5.227687 1.001589 0.547792 -0.006897
1084.000000 5.213909 1.001579 0.548662 -0.006852
1085.000000 5.199997 1.001569 0.549541 -0.006807
1086.000000 5.185948 1.001558 0.550431 -0.006762
1087.000000 5.171762 1.001548 0.551330 -0.006717
1088.000000 5.157439 1.001537 0.552240 -0.006671
1089.000000 5.142977 1.001527 0.553160 -0.006625
1090.000000 5.128376 1.001516 0.554091 -0.006579
1091.000000 5.113636 1.001506 0.555032 -0.006533
1092.000000 5.098755 1.001495 0.555984 -0.006487
1093.000000 5.083733 1.001484 0.556946 -0.006441
1094.000000 5.068568 1.001474 0.557920 -0.006394
1095.000000 5.053261 1.001463 0.558904 -0.006348
1096.000000 5.037810 1.001452 0.559899 -0.006301
1097.000000 5.022214 1.001441 0.560905 -0.006254
1098.000000 5.006473 1.001430 0.561922 -0.006207
1099.000000 4.990586 1.001420 0.562951 -0.006160
1100.000000 4.974552 1.001409 0.563991 -0.006113
1101.000000 4.958371 1.001398 0.565043 -0.006066
1102.000000 4.942040 1.001387 0.566106 -0.006018
1103.000000 4.925560 1.001376 0.567181 -0.005971
1104.000000 4.908930 1.001365 0.568268 -0.005923
1105.000000 4.892148 1.001354 0.569367 -0.005875
1106.000000 4.875215 1.001343 0.570478 -0.005828
1107.000000 4.858128 1.001332 0.571602 -0.005780
1108.000000 4.840887 1.001321 0.572738 -0.005732
1109.000000 4.823492 1.001310 0.573886 -0.005684
1110.000000 4.805940 1.001299 0.575047 -0.005636
1111.000000 4.788232 1.001288 0.576220 -0.005588
1112.000000 4.770366 1.001276 0.577407 -0.005539
1113.000000 4.752342 1.001265 0.578606 -0.005491
1114.000000 4.734158 1.001254 0.579819 -0.005443
1115.000000 4.715814 1.001243 0.581044 -0.005394
1116.000000 4.697308 1.001232 0.582284 -0.005346
1117.000000 4.678639 1.001221 0.583537 -0.005298
1118.000000 4.659808 1.001209 0.584803 -0.005249
1119.000000 4.640811 1.001198 0.586083 -0.005201
1120.000000 4.621649 1.001187 0.587378 -0.005152
1121.000000 4.602321 1.001176 0.588686 -0.005104
1122.000000 4.582825 1.001165 0.590009 -0.005055
1123.000000 4.563161 1.001154 0.591346 -0.005006
1124.000000 4.543327 1.001142 0.592698 -0.004958
1125.000000 4.523323 1.001131 0.594065 -0.004909
1126.000000 4.503146 1.001120 0.595446 -0.004861
1127.000000 4.482797 1.001109 0.596843 -0.004812
1128.000000 4.462275 1.001098 0.598255 -0.004764
1129.000000 4.441577 1.001086 0.599682 -0.004715
1130.000000 4.420704 1.001075 0.601125 -0.004667
1131.000000 4.399653 1.001064 0.602584 -0.004618
1132.000000 4.378424 1.001053 0.604058 -0.004570
1133.000000 4.357016 1.001042 0.605549 -0.004521
1134.000000 4.335428 1.001031 0.607056 -0.004473
1135.000000 4.313659 1.001019 0.608579 -0.004425
1136.000000 4.291707 1.001008 0.610119 -0.004376
1137.000000 4.269571 1.000997 0.611676 -0.004328
1138.000000 4.247251 1.000986 0.613250 -0.004280
1139.000000 4.224744 1.000975 0.614841 -0.004232
1140.000000 4.202051 1.000964 0.616449 -0.004184
1141.000000 4.179170 1.000953 0.618075 -0.004136
1142.000000 4.156099 1.000942 0.619719 -0.004088
1143.000000 4.132839 1.000931 0.621381 -0.004040
1144.000000 4.109387 1.000920 0.623061 -0.003993
1145.000000 4.085742 1.000909 0.624760 -0.003945
1146.000000 4.061904 1.000898 0.626477 -0.003898
1147.000000 4.037871 1.000887 0.628212 -0.003850
1148.000000 4.013642 1.000876 0.629967 -0.003803
1149.000000 3.989216 1.000865 0.631741 -0.003756
1150.000000 3.964592 1.000854 0.633535 -0.003709
1151.000000 3.939770 1.000844 0.635348 -0.003662
1152.000000 3.914747 1.000833 0.637181 -0.003615
1153.000000 3.889522 1.000822 0.639034 -0.003568
1154.000000 3.864096 1.000811 0.640907 -0.003522
1155.000000 3.838466 1.000801 0.642801 -0.003475
1156.000000 3.812632 1.000790 0.644716 -0.003429
1157.000000 3.786593 1.000779 0.646652 -0.003383
1158.000000 3.760347 1.000769 0.648609 -0.003337
1159.000000 3.733894 1.000758 0.650587 -0.003291
1160.000000 3.707233 1.000748 0.652587 -0.003246
1161.000000 3.680362 1.000737 0.654609 -0.003200
1162.000000 3.653282 1.000727 0.656653 -0.003155
1163.000000 3.625991 1.000716 0.658719 -0.003110
1164.000000 3.598488 1.000706 0.660809 -0.003065
1165.000000 3.570772 1.000696 0.662920 -0.003020
1166.000000 3.542843 1.000685 0.665055 -0.002975
1167.000000 3.514700 1.000675 0.667214 -0.002931
1168.000000 3.486342 1.000665 0.669396 -0.002887
1169.000000 3.457768 1.000655 0.671601 -0.002843
1170.000000 3.428979 1.000645 0.673831 -0.002799
1171.000000 3.399973 1.000635 0.676085 -0.002755
1172.000000 3.370749 1.000625 0.678364 -0.002712
1173.000000 3.341308 1.000615 0.680667 -0.002669
1174.000000 3.311649 1.000605 0.682995 -0.002626
1175.000000 3.281772 1.000595 0.685348 -0.002583
1176.000000 3.251676 1.000585 0.687727 -0.002541
1177.000000 3.221361 1.000576 0.690132 -0.002498
1178.000000 3.190828 1.000566 0.692562 -0.002456
1179.000000 3.160075 1.000556 0.695018 -0.002414
1180.000000 3.129103 1.000547 0.697501 -0.002373
1181.000000 3.097913 1.000537 0.700010 -0.002332
1182.000000 3.066503 1.000528 0.702546 -0.002291
1183.000000 3.034876 1.000518 0.705109 -0.002250
1184.000000 3.003030 1.000509 0.707699 -0.002209
1185.000000 2.970967 1.000500 0.710316 -0.002169
1186.000000 2.938688 1.000490 0.712961 -0.002129
1187.000000 2.906192 1.000481 0.715633 -0.002089
1188.000000 2.873481 1.000472 0.718333 -0.002050
1189.000000 2.840556 1.000463 0.721061 -0.002011
1190.000000 2.807419 1.000454 0.723817 -0.001972
1191.000000 2.774069 1.000445 0.726602 -0.001933
1192.000000 2.740510 1.000436 0.729415 -0.001895
1193.000000 2.706742 1.000428 0.732256 -0.001857
1194.000000 2.672768 1.000419 0.735126 -0.001819
1195.000000 2.638589 1.000410 0.738024 -0.001782
1196.000000 2.604207 1.000402 0.740951 -0.001744
1197.000000 2.569626 1.000393 0.743907 -0.001708
1198.000000 2.534847 1.000385 0.746892 -0.001671
1199.000000 2.499873 1.000377 0.749905 -0.001635
1200.000000 2.464708 1.000368 0.752947 -0.001599
1201.000000 2.429354 1.000360 0.756018 -0.001564
1202.000000 2.393816 1.000352 0.759118 -0.001528
1203.000000 2.358097 1.000344 0.762246 -0.001493
1204.000000 2.322201 1.000336 0.765403 -0.001459
1205.000000 2.286133 1.000328 0.768588 -0.001425
1206.000000 2.249896 1.000320 0.771801 -0.001391
1207.000000 2.213497 1.000313 0.775042 -0.001357
1208.000000 2.176939 1.000305 0.778311 -0.001324
1209.000000 2.140230 1.000297 0.781607 -0.001291
1210.000000 2.103375 1.000290 0.784931 -0.001259
1211.000000 2.066379 1.000283 0.788281 -0.001226
1212.000000 2.029251 1.000275 0.791658 -0.001195
1213.000000 1.991996 1.000268 0.795061 -0.001163
1214.000000 1.954622 1.000261 0.798489 -0.001132
1215.000000 1.917138 1.000254 0.801942 -0.001102
1216.000000 1.879551 1.000247 0.805420 -0.001071
1217.000000 1.841869 1.000240 0.808922 -0.001041
1218.000000 1.804103 1.000233 0.812447 -0.001012
1219.000000 1.766262 1.000226 0.815994 -0.000982
1220.000000 1.728355 1.000220 0.819563 -0.000954
1221.000000 1.690393 1.000213 0.823153 -0.000925
1222.000000 1.652388 1.000207 0.826762 -0.000897
1223.000000 1.614350 1.000200 0.830391 -0.000869
1224.000000 1.576292 1.000194 0.834037 -0.000842
1225.000000 1.538227 1.000188 0.837700 -0.000815
1226.000000 1.500167 1.000182 0.841379 -0.000789
1227.000000 1.462126 1.000176 0.845072 -0.000763
1228.000000 1.424118 1.000170 0.848778 -0.000737
1229.000000 1.386159 1.000164 0.852495 -0.000712
1230.000000 1.348262 1.000158 0.856223 -0.000687
1231.000000 1.310446 1.000153 0.859959 -0.000663
1232.000000 1.272724 1.000147 0.863702 -0.000638
1233.000000 1.235116 1.000142 0.867449 -0.000615
1234.000000 1.197638 1.000136 0.871200 -0.000592
1235.000000 1.160310 1.000131 0.874953 -0.000569
1236.000000 1.123148 1.000126 0.878704 -0.000546
1237.000000 1.086174 1.000121 0.882452 -0.000525
1238.000000 1.049406 1.000116 0.886196 -0.000503
1239.000000 1.012867 1.000111 0.889932 -0.000482
1240.000000 0.976575 1.000106 0.893658 -0.000461
1241.000000 0.940555 1.000102 0.897372 -0.000441
1242.000000 0.904826 1.000097 0.901070 -0.000421
1243.000000 0.869414 1.000093 0.904752 -0.000402
1244.000000 0.834339 1.000088 0.908412 -0.000383
1245.000000 0.799628 1.000084 0.912050 -0.000364
1246.000000 0.765302 1.000080 0.915661 -0.000346
1247.000000 0.731389 1.000076 0.919244 -0.000329
1248.000000 0.697911 1.000072 0.922793 -0.000312
1249.000000 0.664896 1.000068 0.926308 -0.000295
1250.000000 0.632368 1.000064 0.929783 -0.000279
1251.000000 0.600355 1.000061 0.933216 -0.000263
1252.000000 0.568881 1.000057 0.936604 -0.000247
1253.000000 0.537975 1.000054 0.939942 -0.000232
1254.000000 0.507663 1.000050 0.943228 -0.000218
1255.000000 0.477973 1.000047 0.946458 -0.000204
1256.000000 0.448930 1.000044 0.949628 -0.000190
1257.000000 0.420563 1.000041 0.952734 -0.000177
1258.000000 0.392899 1.000038 0.955774 -0.000165
1259.000000 0.365964 1.000035 0.958742 -0.000152
1260.000000 0.339787 1.000032 0.961636 -0.000141
1261.000000 0.314393 1.000030 0.964451 -0.000129
1262.000000 0.289810 1.000027 0.967185 -0.000119
1263.000000 0.266063 1.000025 0.969833 -0.000108
1264.000000 0.243179 1.000023 0.972391 -0.000098
1265.000000 0.221184 1.000021 0.974857 -0.000089
1266.000000 0.200101 1.000019 0.977226 -0.000080
1267.000000 0.179956 1.000017 0.979495 -0.000072
1268.000000 0.160772 1.000015 0.981661 -0.000064
1269.000000 0.142573 1.000013 0.983720 -0.000056
1270.000000 0.125380 1.000011 0.985669 -0.000049
1271.000000 0.109215 1.000010 0.987505 -0.000042
1272.000000 0.094098 1.000008 0.989225 -0.000036
1273.000000 0.080049 1.000007 0.990826 -0.000031
1274.000000 0.067086 1.000006 0.992306 -0.000025
1275.000000 0.055226 1.000005 0.993662 -0.000021
1276.000000 0.044485 1.000004 0.994892 -0.000017
1277.000000 0.034879 1.000003 0.995993 -0.000013
1278.000000 0.026419 1.000002 0.996963 -0.000009
1279.000000 0.019120 1.000002 0.997801 -0.000007
1280.000000 0.012990 1.000001 0.998506 -0.000004
1281.000000 0.008040 1.000001 0.999075 -0.000002
1282.000000 0.004277 1.000000 0.999508 -0.000001
1283.000000 0.001707 1.000000 0.999803 -0.000000
1284.000000 0.000335 1.000000 0.999961 0.000000
1285.000000 0.000163 1.000000 0.999981 0.000000
1286.000000 0.001194 1.000000 0.999863 -0.000000
1287.000000 0.003427 1.000000 0.999606 -0.000001
1288.000000 0.006859 1.000001 0.999211 -0.000003
1289.000000 0.011488 1.000001 0.998678 -0.000005
1290.000000 0.017309 1.000002 0.998009 -0.000007
1291.000000 0.024314 1.000002 0.997205 -0.000010
1292.000000 0.032496 1.000003 0.996266 -0.000013
1293.000000 0.041844 1.000004 0.995194 -0.000017
1294.000000 0.052347 1.000005 0.993991 -0.000022
1295.000000 0.063992 1.000006 0.992660 -0.000026
1296.000000 0.076765 1.000007 0.991201 -0.000032
1297.000000 0.090649 1.000009 0.989618 -0.000037
1298.000000 0.105629 1.000010 0.987913 -0.000043
1299.000000 0.121685 1.000012 0.986088 -0.000050
1300.000000 0.138798 1.000013 0.984147 -0.000057
1301.000000 0.156946 1.000015 0.982093 -0.000065
1302.000000 0.176109 1.000017 0.979929 -0.000073
1303.000000 0.196263 1.000019 0.977658 -0.000082
1304.000000 0.217384 1.000021 0.975283 -0.000091
1305.000000 0.239448 1.000023 0.972809 -0.000100
1306.000000 0.262429 1.000025 0.970239 -0.000110
1307.000000 0.286301 1.000028 0.967576 -0.000120
1308.000000 0.311037 1.000030 0.964824 -0.000131
1309.000000 0.336610 1.000033 0.961988 -0.000143
1310.000000 0.362992 1.000036 0.959070 -0.000154
1311.000000 0.390155 1.000038 0.956076 -0.000167
1312.000000 0.418071 1.000041 0.953008 -0.000179
1313.000000 0.446711 1.000044 0.949871 -0.000193
1314.000000 0.476046 1.000048 0.946668 -0.000206
1315.000000 0.506047 1.000051 0.943404 -0.000220
1316.000000 0.536686 1.000054 0.940082 -0.000235
1317.000000 0.567934 1.000058 0.936706 -0.000250
1318.000000 0.599762 1.000061 0.933280 -0.000265
1319.000000 0.632142 1.000065 0.929807 -0.000281
1320.000000 0.665046 1.000069 0.926292 -0.000298
1321.000000 0.698446 1.000072 0.922737 -0.000314
1322.000000 0.732314 1.000076 0.919146 -0.000332
1323.000000 0.766624 1.000081 0.915522 -0.000349
1324.000000 0.801349 1.000085 0.911869 -0.000367
1325.000000 0.836462 1.000089 0.908190 -0.000386
1326.000000 0.871939 1.000093 0.904489 -0.000405
1327.000000 0.907753 1.000098 0.900767 -0.000424
1328.000000 0.943881 1.000102 0.897028 -0.000444
1329.000000 0.980299 1.000107 0.893275 -0.000465
1330.000000 1.016983 1.000112 0.889510 -0.000485
1331.000000 1.053910 1.000117 0.885736 -0.000507
1332.000000 1.091059 1.000122 0.881956 -0.000528
1333.000000 1.128408 1.000127 0.878172 -0.000550
1334.000000 1.165937 1.000132 0.874386 -0.000573
1335.000000 1.203625 1.000137 0.870600 -0.000595
1336.000000 1.241452 1.000143 0.866817 -0.000619
1337.000000 1.279401 1.000148 0.863038 -0.000642
1338.000000 1.317453 1.000154 0.859265 -0.000667
1339.000000 1.355590 1.000159 0.855501 -0.000691
1340.000000 1.393796 1.000165 0.851746 -0.000716
1341.000000 1.432054 1.000171 0.848003 -0.000741
1342.000000 1.470349 1.000177 0.844272 -0.000767
1343.000000 1.508666 1.000183 0.840556 -0.000793
1344.000000 1.546991 1.000189 0.836855 -0.000820
1345.000000 1.585310 1.000195 0.833172 -0.000847
1346.000000 1.623610 1.000201 0.829506 -0.000874
1347.000000 1.661878 1.000208 0.825859 -0.000902
1348.000000 1.700102 1.000214 0.822233 -0.000930
1349.000000 1.738271 1.000221 0.818628 -0.000958
1350.000000 1.776375 1.000227 0.815044 -0.000987
1351.000000 1.814402 1.000234 0.811484 -0.001017
1352.000000 1.852343 1.000241 0.807947 -0.001046
1353.000000 1.890188 1.000248 0.804434 -0.001076
1354.000000 1.927929 1.000255 0.800947 -0.001107
1355.000000 1.965556 1.000262 0.797484 -0.001137
1356.000000 2.003063 1.000269 0.794048 -0.001168
1357.000000 2.040441 1.000276 0.790638 -0.001200
1358.000000 2.077684 1.000284 0.787256 -0.001232
1359.000000 2.114784 1.000291 0.783900 -0.001264
1360.000000 2.151735 1.000299 0.780572 -0.001297
1361.000000 2.188532 1.000306 0.777273 -0.001329
1362.000000 2.225168 1.000314 0.774001 -0.001363
1363.000000 2.261638 1.000322 0.770758 -0.001396
1364.000000 2.297937 1.000329 0.767544 -0.001430
1365.000000 2.334061 1.000337 0.764358 -0.001465
1366.000000 2.370005 1.000345 0.761202 -0.001499
1367.000000 2.405766 1.000353 0.758074 -0.001534
1368.000000 2.441338 1.000362 0.754976 -0.001569
1369.000000 2.476720 1.000370 0.751907 -0.001605
1370.000000 2.511907 1.000378 0.748867 -0.001641
1371.000000 2.546897 1.000386 0.745856 -0.001677
1372.000000 2.581686 1.000395 0.742875 -0.001714
1373.000000 2.616273 1.000403 0.739923 -0.001751
1374.000000 2.650655 1.000412 0.737000 -0.001788
1375.000000 2.684829 1.000420 0.734106 -0.001825
1376.000000 2.718794 1.000429 0.731241 -0.001863
1377.000000 2.752548 1.000438 0.728404 -0.001901
1378.000000 2.786089 1.000447 0.725597 -0.001939
1379.000000 2.819417 1.000456 0.722818 -0.001978
1380.000000 2.852529 1.000465 0.720068 -0.002017
1381.000000 2.885424 1.000474 0.717346 -0.002056
1382.000000 2.918102 1.000483 0.714652 -0.002096
1383.000000 2.950562 1.000492 0.711987 -0.002136
1384.000000 2.982803 1.000501 0.709349 -0.002176
1385.000000 3.014824 1.000510 0.706739 -0.002216
1386.000000 3.046625 1.000520 0.704156 -0.002257
1387.000000 3.078206 1.000529 0.701600 -0.002297
1388.000000 3.109566 1.000539 0.699072 -0.002338
1389.000000 3.140705 1.000548 0.696570 -0.002380
1390.000000 3.171623 1.000558 0.694095 -0.002421
1391.000000 3.202321 1.000567 0.691646 -0.002463
1392.000000 3.232797 1.000577 0.689224 -0.002505
1393.000000 3.263053 1.000587 0.686827 -0.002548
1394.000000 3.293088 1.000597 0.684456 -0.002590
1395.000000 3.322903 1.000607 0.682111 -0.002633
1396.000000 3.352499 1.000616 0.679790 -0.002676
1397.000000 3.381875 1.000626 0.677495 -0.002719
1398.000000 3.411033 1.000636 0.675225 -0.002763
1399.000000 3.439972 1.000646 0.672979 -0.002806
1400.000000 3.468693 1.000657 0.670757 -0.002850
1401.000000 3.497198 1.000667 0.668560 -0.002894
1402.000000 3.525486 1.000677 0.666386 -0.002938
1403.000000 3.553559 1.000687 0.664235 -0.002983
1404.000000 3.581417 1.000697 0.662108 -0.003027
1405.000000 3.609061 1.000708 0.660005 -0.003072
1406.000000 3.636492 1.000718 0.657923 -0.003117
1407.000000 3.663711 1.000729 0.655865 -0.003162
1408.000000 3.690718 1.000739 0.653829 -0.003208
1409.000000 3.717515 1.000749 0.651815 -0.003253
1410.000000 3.744103 1.000760 0.649823 -0.003299
1411.000000 3.770482 1.000771 0.647852 -0.003345
1412.000000 3.796653 1.000781 0.645903 -0.003391
1413.000000 3.822618 1.000792 0.643975 -0.003437
1414.000000 3.848377 1.000802 0.642068 -0.003483
1415.000000 3.873933 1.000813 0.640182 -0.003530
1416.000000 3.899284 1.000824 0.638316 -0.003576
1417.000000 3.924434 1.000835 0.636471 -0.003623
1418.000000 3.949382 1.000845 0.634645 -0.003670
1419.000000 3.974130 1.000856 0.632839 -0.003717
1420.000000 3.998679 1.000867 0.631053 -0.003764
1421.000000 4.023030 1.000878 0.629287 -0.003811
1422.000000 4.047184 1.000889 0.627539 -0.003858
1423.000000 4.071143 1.000900 0.625811 -0.003906
1424.000000 4.094907 1.000911 0.624101 -0.003953
1425.000000 4.118478 1.000922 0.622409 -0.004001
1426.000000 4.141856 1.000933 0.620736 -0.004048
1427.000000 4.165043 1.000944 0.619082 -0.004096
1428.000000 4.188040 1.000955 0.617445 -0.004144
1429.000000 4.210848 1.000966 0.615825 -0.004192
1430.000000 4.233469 1.000977 0.614224 -0.004240
1431.000000 4.255902 1.000988 0.612639 -0.004288
1432.000000 4.278150 1.000999 0.611072 -0.004336
1433.000000 4.300214 1.001010 0.609522 -0.004384
1434.000000 4.322095 1.001021 0.607988 -0.004433
1435.000000 4.343793 1.001032 0.606471 -0.004481
1436.000000 4.365310 1.001044 0.604971 -0.004529
1437.000000 4.386647 1.001055 0.603487 -0.004578
1438.000000 4.407805 1.001066 0.602018 -0.004626
1439.000000 4.428786 1.001077 0.600566 -0.004675
1440.000000 4.449590 1.001088 0.599129 -0.004723
1441.000000 4.470218 1.001099 0.597708 -0.004772
1442.000000 4.490672 1.001111 0.596302 -0.004820
1443.000000 4.510952 1.001122 0.594912 -0.004869
1444.000000 4.531060 1.001133 0.593536 -0.004917
1445.000000 4.550997 1.001144 0.592175 -0.004966
1446.000000 4.570763 1.001155 0.590829 -0.005014
1447.000000 4.590361 1.001167 0.589498 -0.005063
1448.000000 4.609790 1.001178 0.588180 -0.005112
1449.000000 4.629052 1.001189 0.586877 -0.005160
1450.000000 4.648147 1.001200 0.585589 -0.005209
1451.000000 4.667078 1.001211 0.584314 -0.005257
1452.000000 4.685845 1.001222 0.583053 -0.005306
1453.000000 4.704449 1.001234 0.581805 -0.005354
1454.000000 4.722890 1.001245 0.580571 -0.005402
1455.000000 4.741171 1.001256 0.579351 -0.005451
1456.000000 4.759291 1.001267 0.578143 -0.005499
1457.000000 4.777252 1.001278 0.576949 -0.005547
1458.000000 4.795055 1.001289 0.575768 -0.005596
1459.000000 4.812701 1.001300 0.574599 -0.005644
1460.000000 4.830190 1.001312 0.573443 -0.005692
1461.000000 4.847524 1.001323 0.572300 -0.005740
1462.000000 4.864703 1.001334 0.571169 -0.005788
1463.000000 4.881729 1.001345 0.570051 -0.005836
1464.000000 4.898602 1.001356 0.568944 -0.005883
1465.000000 4.915324 1.001367 0.567850 -0.005931
1466.000000 4.931894 1.001378 0.566768 -0.005979
1467.000000 4.948315 1.001389 0.565698 -0.006026
1468.000000 4.964586 1.001400 0.564639 -0.006074
1469.000000 4.980709 1.001410 0.563592 -0.006121
1470.000000 4.996685 1.001421 0.562556 -0.006168
1471.000000 5.012514 1.001432 0.561532 -0.006215
1472.000000 5.028197 1.001443 0.560519 -0.006262
1473.000000 5.043735 1.001454 0.559517 -0.006309
1474.000000 5.059129 1.001465 0.558526 -0.006356
1475.000000 5.074380 1.001475 0.557546 -0.006402
1476.000000 5.089488 1.001486 0.556577 -0.006449
1477.000000 5.104454 1.001497 0.555619 -0.006495
1478.000000 5.119280 1.001507 0.554672 -0.006541
1479.000000 5.133965 1.001518 0.553735 -0.006587
1480.000000 5.148511 1.001529 0.552808 -0.006633
1481.000000 5.162918 1.001539 0.551892 -0.006679
1482.000000 5.177187 1.001550 0.550986 -0.006724
1483.000000 5.191319 1.001560 0.550090 -0.006769
1484.000000 5.205314 1.001570 0.549205 -0.006815
1485.000000 5.219173 1.001581 0.548329 -0.006860
1486.000000 5.232898 1.001591 0.547463 -0.006904
1487.000000 5.246488 1.001601 0.546608 -0.006949
1488.000000 5.259944 1.001612 0.545761 -0.006993
1489.000000 5.273267 1.001622 0.544925 -0.007038
1490.000000 5.286458 1.001632 0.544098 -0.007082
1491.000000 5.299518 1.001642 0.543280 -0.007126
1492.000000 5.312446 1.001652 0.542472 -0.007169
1493.000000 5.325244 1.001662 0.541674 -0.007213
1494.000000 5.337912 1.001672 0.540884 -0.007256
1495.000000 5.350451 1.001682 0.540104 -0.007299
1496.000000 5.362861 1.001692 0.539333 -0.007342
1497.000000 5.375144 1.001702 0.538571 -0.007384
1498.000000 5.387300 1.001712 0.537818 -0.007427
1499.000000 5.399328 1.001721 0.537073 -0.007469
1500.000000 5.411231 1.001731 0.536338 -0.007510
1501.000000 5.423008 1.001741 0.535611 -0.007552
1502.000000 5.434661 1.001750 0.534893 -0.007593
1503.000000 5.446189 1.001760 0.534184 -0.007635
1504.000000 5.457593 1.001769 0.533483 -0.007675
1505.000000 5.468875 1.001778 0.532790 -0.007716
1506.000000 5.480033 1.001788 0.532106 -0.007756
1507.000000 5.491070 1.001797 0.531431 -0.007796
1508.000000 5.501985 1.001806 0.530763 -0.007836
1509.000000 5.512779 1.001815 0.530104 -0.007876
1510.000000 5.523452 1.001824 0.529453 -0.007915
1511.000000 5.534006 1.001833 0.528810 -0.007954
1512.000000 5.544440 1.001842 0.528175 -0.007993
1513.000000 5.554755 1.001851 0.527548 -0.008031
1514.000000 5.564951 1.001860 0.526929 -0.008069
1515.000000 5.575030 1.001868 0.526318 -0.008107
1516.000000 5.584991 1.001877 0.525715 -0.008144
1517.000000 5.594835 1.001886 0.525120 -0.008181
1518.000000 5.604563 1.001894 0.524532 -0.008218
1519.000000 5.614174 1.001903 0.523952 -0.008255
1520.000000 5.623670 1.001911 0.523379 -0.008291
1521.000000 5.633051 1.001919 0.522814 -0.008327
1522.000000 5.642317 1.001928 0.522257 -0.008363
1523.000000 5.651468 1.001936 0.521707 -0.008398
1524.000000 5.660506 1.001944 0.521164 -0.008433
1525.000000 5.669430 1.001952 0.520629 -0.008468
1526.000000 5.678242 1.001960 0.520101 -0.008502
1527.000000 5.686940 1.001967 0.519581 -0.008536
1528.000000 5.695527 1.001975 0.519067 -0.008570
1529.000000 5.704002 1.001983 0.518561 -0.008603
1530.000000 5.712365 1.001991 0.518062 -0.008636
1531.000000 5.720618 1.001998 0.517570 -0.008668
1532.000000 5.728759 1.002005 0.517085 -0.008701
1533.000000 5.736791 1.002013 0.516607 -0.008733
1534.000000 5.744712 1.002020 0.516136 -0.008764
1535.000000 5.752525 1.002027 0.515672 -0.008795
1536.000000 5.760228 1.002034 0.515215 -0.008826
1537.000000 5.767822 1.002041 0.514765 -0.008856
1538.000000 5.775308 1.002048 0.514321 -0.008886
1539.000000 5.782686 1.002055 0.513885 -0.008916
1540.000000 5.789956 1.002062 0.513455 -0.008945
1541.000000 5.797118 1.002069 0.513032 -0.008974
1542.000000 5.804174 1.002075 0.512615 -0.009003
1543.000000 5.811123 1.002082 0.512205 -0.009031
1544.000000 5.817965 1.002088 0.511802 -0.009059
1545.000000 5.824702 1.002094 0.511405 -0.009086
1546.000000 5.831332 1.002101 0.511015 -0.009113
1547.000000 5.837857 1.002107 0.510631 -0.009140
1548.000000 5.844277 1.002113 0.510254 -0.009166
1549.000000 5.850592 1.002119 0.509883 -0.009192
1550.000000 5.856803 1.002125 0.509518 -0.009217
1551.000000 5.862909 1.002130 0.509160 -0.009242
1552.000000 5.868911 1.002136 0.508809 -0.009267
1553.000000 5.874809 1.002142 0.508463 -0.009291
1554.000000 5.880604 1.002147 0.508124 -0.009315
1555.000000 5.886296 1.002153 0.507791 -0.009338
1556.000000 5.891885 1.002158 0.507465 -0.009361
1557.000000 5.897371 1.002163 0.507144 -0.009383
1558.000000 5.902755 1.002168 0.506830 -0.009405
1559.000000 5.908036 1.002173 0.506522 -0.009427
1560.000000 5.913216 1.002178 0.506220 -0.009448
1561.000000 5.918294 1.002183 0.505924 -0.009469
1562.000000 5.923270 1.002187 0.505634 -0.009489
1563.000000 5.928145 1.002192 0.505351 -0.009509
1564.000000 5.932920 1.002197 0.505073 -0.009529
1565.000000 5.937593 1.002201 0.504801 -0.009548
1566.000000 5.942166 1.002205 0.504535 -0.009567
1567.000000 5.946638 1.002209 0.504276 -0.009585
1568.000000 5.951011 1.002214 0.504022 -0.009603
1569.000000 5.955284 1.002218 0.503774 -0.009620
1570.000000 5.959456 1.002221 0.503532 -0.009637
1571.000000 5.963530 1.002225 0.503296 -0.009653
1572.000000 5.967504 1.002229 0.503066 -0.009669
1573.000000 5.971379 1.002233 0.502841 -0.009685
1574.000000 5.975154 1.002236 0.502623 -0.009700
1575.000000 5.978832 1.002239 0.502410 -0.009714
1576.000000 5.982410 1.002243 0.502203 -0.009729
1577.000000 5.985890 1.002246 0.502002 -0.009742
1578.000000 5.989272 1.002249 0.501807 -0.009755
1579.000000 5.992556 1.002252 0.501617 -0.009768
1580.000000 5.995742 1.002255 0.501433 -0.009781
1581.000000 5.998831 1.002257 0.501255 -0.009793
1582.000000 6.001821 1.002260 0.501082 -0.009804
1583.000000 6.004714 1.002263 0.500915 -0.009815
1584.000000 6.007510 1.002265 0.500754 -0.009825
1585.000000 6.010209 1.002267 0.500599 -0.009835
1586.000000 6.012811 1.002270 0.500449 -0.009845
1587.000000 6.015316 1.002272 0.500304 -0.009854
1588.000000 6.017724 1.002274 0.500166 -0.009863
1589.000000 6.020035 1.002276 0.500033 -0.009871
1590.000000 6.022250 1.002277 0.499905 -0.009879
1591.000000 6.024369 1.002279 0.499783 -0.009886
1592.000000 6.026391 1.002281 0.499667 -0.009893
1593.000000 6.028318 1.002282 0.499556 -0.009899
1594.000000 6.030148 1.002283 0.499451 -0.009905
1595.000000 6.031882 1.002285 0.499351 -0.009910
1596.000000 6.033521 1.002286 0.499257 -0.009915
1597.000000 6.035064 1.002287 0.499168 -0.009920
1598.000000 6.036511 1.002288 0.499085 -0.009923
1599.000000 6.037863 1.002288 0.499007 -0.009927
1600.000000 6.039119 1.002289 0.498935 -0.009930
1601.000000 6.040280 1.002290 0.498868 -0.009932
1602.000000 6.041346 1.002290 0.498807 -0.009935
1603.000000 6.042317 1.002291 0.498751 -0.009936
1604.000000 6.043192 1.002291 0.498701 -0.009937
1605.000000 6.043973 1.002291 0.498656 -0.009938
1606.000000 6.044658 1.002291 0.498617 -0.009938
1607.000000 6.045249 1.002291 0.498583 -0.009938
1608.000000 6.045744 1.002291 0.498555 -0.009937
1609.000000 6.046146 1.002290 0.498532 -0.009936
1610.000000 6.046452 1.002290 0.498514 -0.009934
1611.000000 6.046664 1.002290 0.498502 -0.009932
1612.000000 6.046781 1.002289 0.498495 -0.009929
1613.000000 6.046803 1.002288 0.498494 -0.009926
1614.000000 6.046731 1.002287 0.498498 -0.009922
1615.000000 6.046565 1.002286 0.498508 -0.009918
1616.000000 6.046304 1.002285 0.498523 -0.009914
1617.000000 6.045949 1.002284 0.498543 -0.009908
1618.000000 6.045499 1.002283 0.498569 -0.009903
1619.000000 6.044955 1.002282 0.498600 -0.009897
1620.000000 6.044317 1.002280 0.498637 -0.009890
1621.000000 6.043584 1.002278 0.498679 -0.009884
1622.000000 6.042757 1.002277 0.498726 -0.009876
1623.000000 6.041836 1.002275 0.498779 -0.009868
1624.000000 6.040821 1.002273 0.498837 -0.009860
1625.000000 6.039711 1.002271 0.498901 -0.009851
1626.000000 6.038507 1.002269 0.498970 -0.009842
1627.000000 6.037209 1.002267 0.499045 -0.009832
1628.000000 6.035817 1.002264 0.499125 -0.009822
1629.000000 6.034330 1.002262 0.499210 -0.009811
1630.000000 6.032750 1.002259 0.499301 -0.009800
1631.000000 6.031075 1.002257 0.499397 -0.009789
1632.000000 6.029305 1.002254 0.499499 -0.009777
1633.000000 6.027442 1.002251 0.499606 -0.009764
1634.000000 6.025484 1.002248 0.499719 -0.009751
1635.000000 6.023432 1.002245 0.499837 -0.009738
1636.000000 6.021285 1.002242 0.499961 -0.009724
1637.000000 6.019044 1.002238 0.500090 -0.009709
1638.000000 6.016709 1.002235 0.500224 -0.009695
1639.000000 6.014279 1.002231 0.500364 -0.009679
1640.000000 6.011755 1.002228 0.500509 -0.009664
1641.000000 6.009136 1.002224 0.500660 -0.009648
1642.000000 6.006423 1.002220 0.500817 -0.009631
1643.000000 6.003615 1.002216 0.500979 -0.009614
1644.000000 6.000713 1.002212 0.501146 -0.009597
1645.000000 5.997716 1.002208 0.501319 -0.009579
1646.000000 5.994624 1.002204 0.501498 -0.009560
1647.000000 5.991437 1.002200 0.501682 -0.009542
1648.000000 5.988155 1.002195 0.501871 -0.009522
1649.000000 5.984779 1.002191 0.502066 -0.009503
1650.000000 5.981307 1.002186 0.502267 -0.009483
1651.000000 5.977741 1.002181 0.502473 -0.009462
1652.000000 5.974079 1.002176 0.502685 -0.009441
1653.000000 5.970322 1.002171 0.502903 -0.009420
1654.000000 5.966470 1.002166 0.503126 -0.009398
1655.000000 5.962522 1.002161 0.503354 -0.009376
1656.000000 5.958479 1.002156 0.503589 -0.009353
1657.000000 5.954340 1.002151 0.503829 -0.009330
1658.000000 5.950106 1.002145 0.504074 -0.009307
1659.000000 5.945776 1.002140 0.504326 -0.009283
1660.000000 5.941350 1.002134 0.504583 -0.009258
1661.000000 5.936829 1.002128 0.504846 -0.009234
1662.000000 5.932211 1.002123 0.505114 -0.009209
1663.000000 5.927497 1.002117 0.505388 -0.009183
1664.000000 5.922687 1.002111 0.505668 -0.009157
1665.000000 5.917780 1.002105 0.505954 -0.009131
1666.000000 5.912778 1.002099 0.506245 -0.009104
1667.000000 5.907678 1.002092 0.506543 -0.009077
1668.000000 5.902482 1.002086 0.506846 -0.009050
1669.000000 5.897189 1.002080 0.507155 -0.009022
1670.000000 5.891799 1.002073 0.507470 -0.008993
1671.000000 5.886312 1.002066 0.507790 -0.008965
1672.000000 5.880728 1.002060 0.508117 -0.008936
1673.000000 5.875047 1.002053 0.508449 -0.008906
1674.000000 5.869268 1.002046 0.508788 -0.008876
1675.000000 5.863391 1.002039 0.509132 -0.008846
1676.000000 5.857417 1.002032 0.509482 -0.008816
1677.000000 5.851345 1.002025 0.509839 -0.008785
1678.000000 5.845175 1.002018 0.510201 -0.008754
1679.000000 5.838907 1.002010 0.510569 -0.008722
1680.000000 5.832540 1.002003 0.510944 -0.008690
1681.000000 5.826075 1.001996 0.511324 -0.008658
1682.000000 5.819511 1.001988 0.511711 -0.008625
1683.000000 5.812849 1.001980 0.512103 -0.008592
1684.000000 5.806088 1.001973 0.512502 -0.008558
1685.000000 5.799227 1.001965 0.512907 -0.008525
1686.000000 5.792267 1.001957 0.513318 -0.008491
1687.000000 5.785208 1.001949 0.513736 -0.008456
1688.000000 5.778049 1.001941 0.514159 -0.008421
1689.000000 5.770791 1.001933 0.514589 -0.008386
1690.000000 5.763432 1.001925 0.515025 -0.008351
1691.000000 5.755973 1.001917 0.515468 -0.008315
1692.000000 5.748414 1.001908 0.515916 -0.008279
1693.000000 5.740755 1.001900 0.516372 -0.008243
1694.000000 5.732994 1.001891 0.516833 -0.008206
1695.000000 5.725133 1.001883 0.517301 -0.008169
1696.000000 5.717171 1.001874 0.517775 -0.008132
1697.000000 5.709107 1.001866 0.518256 -0.008094
1698.000000 5.700942 1.001857 0.518744 -0.008056
1699.000000 5.692675 1.001848 0.519238 -0.008018
1700.000000 5.684307 1.001839 0.519738 -0.007980
1701.000000 5.675836 1.001830 0.520245 -0.007941
1702.000000 5.667263 1.001821 0.520759 -0.007902
1703.000000 5.658588 1.001812 0.521279 -0.007863
1704.000000 5.649810 1.001803 0.521807 -0.007823
1705.000000 5.640928 1.001794 0.522340 -0.007783
1706.000000 5.631944 1.001785 0.522881 -0.007743
1707.000000 5.622857 1.001775 0.523428 -0.007702
1708.000000 5.613665 1.001766 0.523982 -0.007662
1709.000000 5.604370 1.001756 0.524543 -0.007621
1710.000000 5.594971 1.001747 0.525111 -0.007580
1711.000000 5.585468 1.001737 0.525686 -0.007538
1712.000000 5.575860 1.001728 0.526268 -0.007497
1713.000000 5.566148 1.001718 0.526857 -0.007455
1714.000000 5.556331 1.001708 0.527453 -0.007412
1715.000000 5.546408 1.001699 0.528056 -0.007370
1716.000000 5.536380 1.001689 0.528666 -0.007327
1717.000000 5.526247 1.001679 0.529283 -0.007285
1718.000000 5.516007 1.001669 0.529907 -0.007242
1719.000000 5.505661 1.001659 0.530539 -0.007198
1720.000000 5.495209 1.001649 0.531177 -0.007155
1721.000000 5.484651 1.001639 0.531823 -0.007111
1722.000000 5.473985 1.001629 0.532477 -0.007067
1723.000000 5.463213 1.001618 0.533138 -0.007023
1724.000000 5.452333 1.001608 0.533806 -0.006979
1725.000000 5.441346 1.001598 0.534482 -0.006934
1726.000000 5.430250 1.001588 0.535165 -0.006889
1727.000000 5.419047 1.001577 0.535855 -0.006845
1728.000000 5.407735 1.001567 0.536554 -0.006800
1729.000000 5.396315 1.001557 0.537260 -0.006754
1730.000000 5.384785 1.001546 0.537973 -0.006709
1731.000000 5.373147 1.001536 0.538695 -0.006663
1732.000000 5.361399 1.001525 0.539424 -0.006618
1733.000000 5.349542 1.001514 0.540161 -0.006572
1734.000000 5.337575 1.001504 0.540905 -0.006526
1735.000000 5.325498 1.001493 0.541658 -0.006480
1736.000000 5.313310 1.001482 0.542419 -0.006433
1737.000000 5.301011 1.001472 0.543187 -0.006387
1738.000000 5.288602 1.001461 0.543964 -0.006340
1739.000000 5.276082 1.001450 0.544748 -0.006293
1740.000000 5.263450 1.001439 0.545541 -0.006247
1741.000000 5.250706 1.001429 0.546342 -0.006200
1742.000000 5.237851 1.001418 0.547151 -0.006152
1743.000000 5.224883 1.001407 0.547969 -0.006105
1744.000000 5.211803 1.001396 0.548795 -0.006058
1745.000000 5.198610 1.001385 0.549629 -0.006010
1746.000000 5.185305 1.001374 0.550471 -0.005963
1747.000000 5.171886 1.001363 0.551322 -0.005915
1748.000000 5.158354 1.001352 0.552182 -0.005868
1749.000000 5.144708 1.001341 0.553050 -0.005820
1750.000000 5.130948 1.001330 0.553927 -0.005772
1751.000000 5.117074 1.001319 0.554813 -0.005724
1752.000000 5.103085 1.001308 0.555707 -0.005676
1753.000000 5.088982 1.001297 0.556610 -0.005628
1754.000000 5.074764 1.001286 0.557522 -0.005580
1755.000000 5.060431 1.001275 0.558443 -0.005531
1756.000000 5.045982 1.001263 0.559372 -0.005483
1757.000000 5.031418 1.001252 0.560311 -0.005435
1758.000000 5.016738 1.001241 0.561259 -0.005386
1759.000000 5.001942 1.001230 0.562216 -0.005338
1760.000000 4.987030 1.001219 0.563182 -0.005290
1761.000000 4.972002 1.001208 0.564157 -0.005241
1762.000000 4.956857 1.001196 0.565141 -0.005193
1763.000000 4.941595 1.001185 0.566135 -0.005144
1764.000000 4.926216 1.001174 0.567139 -0.005095
1765.000000 4.910720 1.001163 0.568151 -0.005047
1766.000000 4.895106 1.001152 0.569174 -0.004998
1767.000000 4.879375 1.001140 0.570205 -0.004950
1768.000000 4.863526 1.001129 0.571247 -0.004901
1769.000000 4.847559 1.001118 0.572298 -0.004853
1770.000000 4.831474 1.001107 0.573359 -0.004804
1771.000000 4.815271 1.001096 0.574429 -0.004756
1772.000000 4.798950 1.001085 0.575510 -0.004707
1773.000000 4.782510 1.001073 0.576600 -0.004659
1774.000000 4.765952 1.001062 0.577700 -0.004610
1775.000000 4.749275 1.001051 0.578810 -0.004562
1776.000000 4.732479 1.001040 0.579931 -0.004513
1777.000000 4.715565 1.001029 0.581061 -0.004465
1778.000000 4.698531 1.001018 0.582202 -0.004417
1779.000000 4.681379 1.001006 0.583352 -0.004368
1780.000000 4.664107 1.000995 0.584514 -0.004320
1781.000000 4.646717 1.000984 0.585685 -0.004272
1782.000000 4.629207 1.000973 0.586867 -0.004224
1783.000000 4.611579 1.000962 0.588059 -0.004176
1784.000000 4.593831 1.000951 0.589262 -0.004128
1785.000000 4.575965 1.000940 0.590475 -0.004080
1786.000000 4.557979 1.000929 0.591699 -0.004033
1787.000000 4.539874 1.000918 0.592934 -0.003985
1788.000000 4.521651 1.000907 0.594179 -0.003937
1789.000000 4.503309 1.000896 0.595435 -0.003890
1790.000000 4.484848 1.000885 0.596702 -0.003842
1791.000000 4.466269 1.000874 0.597980 -0.003795
1792.000000 4.447571 1.000863 0.599268 -0.003748
1793.000000 4.428755 1.000853 0.600568 -0.003701
1794.000000 4.409822 1.000842 0.601879 -0.003654
1795.000000 4.390770 1.000831 0.603200 -0.003607
1796.000000 4.371602 1.000820 0.604533 -0.003561
1797.000000 4.352316 1.000810 0.605877 -0.003514
1798.000000 4.332913 1.000799 0.607232 -0.003468
1799.000000 4.313394 1.000788 0.608598 -0.003422
1800.000000 4.293759 1.000778 0.609975 -0.003375
1801.000000 4.274008 1.000767 0.611364 -0.003330
1802.000000 4.254142 1.000756 0.612764 -0.003284
1803.000000 4.234161 1.000746 0.614175 -0.003238
1804.000000 4.214066 1.000735 0.615597 -0.003193
1805.000000 4.193857 1.000725 0.617031 -0.003147
1806.000000 4.173535 1.000715 0.618477 -0.003102
1807.000000 4.153101 1.000704 0.619933 -0.003057
1808.000000 4.132555 1.000694 0.621401 -0.003013
1809.000000 4.111897 1.000684 0.622881 -0.002968
1810.000000 4.091129 1.000674 0.624372 -0.002924
1811.000000 4.070252 1.000663 0.625875 -0.002879
1812.000000 4.049266 1.000653 0.627389 -0.002836
1813.000000 4.028172 1.000643 0.628914 -0.002792
1814.000000 4.006971 1.000633 0.630451 -0.002748
1815.000000 3.985665 1.000623 0.632000 -0.002705
1816.000000 3.964253 1.000613 0.633559 -0.002662
1817.000000 3.942738 1.000603 0.635131 -0.002619
1818.000000 3.921121 1.000593 0.636713 -0.002576
1819.000000 3.899402 1.000584 0.638307 -0.002534
1820.000000 3.877583 1.000574 0.639913 -0.002491
1821.000000 3.855665 1.000564 0.641530 -0.002449
1822.000000 3.833651 1.000555 0.643158 -0.002408
1823.000000 3.811540 1.000545 0.644797 -0.002366
1824.000000 3.789336 1.000536 0.646447 -0.002325
1825.000000 3.767039 1.000526 0.648109 -0.002284
1826.000000 3.744652 1.000517 0.649782 -0.002243
1827.000000 3.722175 1.000507 0.651465 -0.002203
1828.000000 3.699612 1.000498 0.653160 -0.002162
1829.000000 3.676963 1.000489 0.654865 -0.002122
1830.000000 3.654232 1.000480 0.656581 -0.002083
1831.000000 3.631420 1.000471 0.658308 -0.002043
1832.000000 3.608529 1.000462 0.660045 -0.002004
1833.000000 3.585562 1.000453 0.661793 -0.001965
1834.000000 3.562521 1.000444 0.663550 -0.001927
1835.000000 3.539410 1.000435 0.665318 -0.001888
1836.000000 3.516229 1.000426 0.667096 -0.001851
1837.000000 3.492983 1.000418 0.668884 -0.001813
1838.000000 3.469675 1.000409 0.670681 -0.001775
1839.000000 3.446306 1.000400 0.672488 -0.001738
1840.000000 3.422880 1.000392 0.674304 -0.001702
1841.000000 3.399402 1.000384 0.676130 -0.001665
1842.000000 3.375873 1.000375 0.677964 -0.001629
1843.000000 3.352297 1.000367 0.679806 -0.001593
1844.000000 3.328678 1.000359 0.681657 -0.001558
1845.000000 3.305021 1.000351 0.683516 -0.001523
1846.000000 3.281328 1.000343 0.685383 -0.001488
1847.000000 3.257603 1.000335 0.687258 -0.001453
1848.000000 3.233852 1.000327 0.689140 -0.001419
1849.000000 3.210078 1.000319 0.691029 -0.001385
1850.000000 3.186285 1.000311 0.692924 -0.001352
1851.000000 3.162479 1.000304 0.694826 -0.001319
1852.000000 3.138665 1.000296 0.696734 -0.001286
1853.000000 3.114846 1.000289 0.698647 -0.001253
1854.000000 3.091029 1.000281 0.700565 -0.001221
1855.000000 3.067218 1.000274 0.702488 -0.001190
1856.000000 3.043420 1.000267 0.704416 -0.001158
1857.000000 3.019639 1.000260 0.706347 -0.001127
1858.000000 2.995882 1.000253 0.708282 -0.001097
1859.000000 2.972154 1.000246 0.710219 -0.001066
1860.000000 2.948463 1.000239 0.712159 -0.001036
1861.000000 2.924813 1.000232 0.714101 -0.001007
1862.000000 2.901212 1.000225 0.716043 -0.000978
1863.000000 2.877667 1.000219 0.717987 -0.000949
1864.000000 2.854184 1.000212 0.719931 -0.000921
1865.000000 2.830770 1.000206 0.721874 -0.000893
1866.000000 2.807434 1.000199 0.723816 -0.000865
1867.000000 2.784181 1.000193 0.725756 -0.000838
1868.000000 2.761021 1.000187 0.727694 -0.000811
1869.000000 2.737961 1.000181 0.729629 -0.000785
1870.000000 2.715009 1.000175 0.731559 -0.000759
1871.000000 2.692173 1.000169 0.733485 -0.000733
1872.000000 2.669461 1.000163 0.735406 -0.000708
1873.000000 2.646884 1.000157 0.737320 -0.000683
1874.000000 2.624448 1.000152 0.739227 -0.000659
1875.000000 2.602164 1.000146 0.741126 -0.000635
1876.000000 2.580041 1.000141 0.743016 -0.000611
1877.000000 2.558088 1.000135 0.744896 -0.000588
1878.000000 2.536314 1.000130 0.746766 -0.000565
1879.000000 2.514729 1.000125 0.748624 -0.000543
1880.000000 2.493344 1.000120 0.750469 -0.000521
1881.000000 2.472168 1.000115 0.752301 -0.000500
1882.000000 2.451211 1.000110 0.754118 -0.000479
1883.000000 2.430485 1.000106 0.755920 -0.000458
1884.000000 2.409999 1.000101 0.757705 -0.000438
1885.000000 2.389764 1.000096 0.759472 -0.000418
1886.000000 2.369791 1.000092 0.761220 -0.000399
1887.000000 2.350091 1.000088 0.762949 -0.000380
1888.000000 2.330674 1.000083 0.764656 -0.000361
1889.000000 2.311552 1.000079 0.766342 -0.000343
1890.000000 2.292737 1.000075 0.768003 -0.000326
1891.000000 2.274238 1.000071 0.769641 -0.000309
1892.000000 2.256068 1.000067 0.771252 -0.000292
1893.000000 2.238238 1.000064 0.772837 -0.000276
1894.000000 2.220759 1.000060 0.774394 -0.000260
1895.000000 2.203643 1.000056 0.775922 -0.000245
1896.000000 2.186901 1.000053 0.777419 -0.000230
1897.000000 2.170543 1.000050 0.778884 -0.000216
1898.000000 2.154582 1.000047 0.780317 -0.000202
1899.000000 2.139029 1.000043 0.781715 -0.000188
1900.000000 2.123895 1.000040 0.783078 -0.000175
1901.000000 2.109191 1.000038 0.784405 -0.000163
1902.000000 2.094927 1.000035 0.785694 -0.000151
1903.000000 2.081115 1.000032 0.786945 -0.000139
1904.000000 2.067765 1.000029 0.788155 -0.000128
1905.000000 2.054888 1.000027 0.789325 -0.000117
1906.000000 2.042493 1.000025 0.790452 -0.000107
1907.000000 2.030592 1.000022 0.791536 -0.000097
1908.000000 2.019193 1.000020 0.792575 -0.000088
1909.000000 2.008306 1.000018 0.793569 -0.000079
1910.000000 1.997941 1.000016 0.794517 -0.000070
1911.000000 1.988105 1.000014 0.795417 -0.000062
1912.000000 1.978809 1.000013 0.796269 -0.000055
1913.000000 1.970059 1.000011 0.797071 -0.000048
1914.000000 1.961864 1.000010 0.797823 -0.000041
1915.000000 1.954232 1.000008 0.798525 -0.000035
1916.000000 1.947169 1.000007 0.799174 -0.000030
1917.000000 1.940681 1.000006 0.799772 -0.000025
1918.000000 1.934776 1.000005 0.800315 -0.000020
1919.000000 1.929458 1.000004 0.800806 -0.000016
1920.000000 1.924734 1.000003 0.801241 -0.000012
1921.000000 1.920606 1.000002 0.801622 -0.000009
1922.000000 1.917080 1.000002 0.801948 -0.000006
1923.000000 1.914160 1.000001 0.802217 -0.000004
1924.000000 1.911848 1.000001 0.802431 -0.000002
1925.000000 1.910147 1.000000 0.802588 -0.000001
1926.000000 1.909058 1.000000 0.802689 -0.000000
1927.000000 1.908585 1.000000 0.802732 0.000000
1928.000000 1.908726 1.000000 0.802719 0.000000
1929.000000 1.909482 1.000000 0.802649 -0.000001
1930.000000 1.910854 1.000000 0.802523 -0.000002
1931.000000 1.912839 1.000001 0.802339 -0.000003
1932.000000 1.915438 1.000001 0.802099 -0.000005
1933.000000 1.918647 1.000002 0.801803 -0.000008
1934.000000 1.922463 1.000003 0.801451 -0.000011
1935.000000 1.926885 1.000003 0.801043 -0.000014
1936.000000 1.931907 1.000004 0.800580 -0.000018
1937.000000 1.937527 1.000005 0.800062 -0.000022
1938.000000 1.943737 1.000006 0.799490 -0.000027
1939.000000 1.950535 1.000008 0.798865 -0.000033
1940.000000 1.957912 1.000009 0.798187 -0.000038
1941.000000 1.965864 1.000010 0.797456 -0.000045
1942.000000 1.974383 1.000012 0.796674 -0.000051
1943.000000 1.983462 1.000014 0.795842 -0.000059
1944.000000 1.993092 1.000015 0.794960 -0.000066
1945.000000 2.003267 1.000017 0.794030 -0.000074
1946.000000 2.013976 1.000019 0.793051 -0.000083
1947.000000 2.025212 1.000021 0.792026 -0.000092
1948.000000 2.036965 1.000024 0.790955 -0.000102
1949.000000 2.049225 1.000026 0.789839 -0.000112
1950.000000 2.061982 1.000028 0.788680 -0.000122
1951.000000 2.075226 1.000031 0.787479 -0.000133
1952.000000 2.088946 1.000033 0.786236 -0.000145
1953.000000 2.103131 1.000036 0.784953 -0.000157
1954.000000 2.117772 1.000039 0.783631 -0.000169
1955.000000 2.132855 1.000042 0.782271 -0.000182
1956.000000 2.148370 1.000045 0.780875 -0.000195
1957.000000 2.164306 1.000048 0.779444 -0.000209
1958.000000 2.180651 1.000051 0.777978 -0.000223
1959.000000 2.197393 1.000055 0.776480 -0.000237
1960.000000 2.214520 1.000058 0.774951 -0.000253
1961.000000 2.232021 1.000062 0.773391 -0.000268
1962.000000 2.249883 1.000065 0.771802 -0.000284
1963.000000 2.268095 1.000069 0.770185 -0.000300
1964.000000 2.286646 1.000073 0.768542 -0.000317
1965.000000 2.305522 1.000077 0.766874 -0.000335
1966.000000 2.324713 1.000081 0.765181 -0.000352
1967.000000 2.344206 1.000085 0.763466 -0.000371
1968.000000 2.363991 1.000090 0.761729 -0.000389
1969.000000 2.384055 1.000094 0.759971 -0.000408
1970.000000 2.404387 1.000099 0.758195 -0.000428
1971.000000 2.424976 1.000103 0.756399 -0.000448
1972.000000 2.445810 1.000108 0.754587 -0.000468
1973.000000 2.466879 1.000113 0.752759 -0.000489
1974.000000 2.488172 1.000118 0.750916 -0.000510
1975.000000 2.509677 1.000123 0.749059 -0.000532
1976.000000 2.531386 1.000128 0.747189 -0.000554
1977.000000 2.553286 1.000133 0.745308 -0.000576
1978.000000 2.575368 1.000138 0.743416 -0.000599
1979.000000 2.597622 1.000143 0.741513 -0.000623
1980.000000 2.620038 1.000149 0.739602 -0.000646
1981.000000 2.642606 1.000155 0.737683 -0.000671
1982.000000 2.665318 1.000160 0.735756 -0.000695
1983.000000 2.688164 1.000166 0.733824 -0.000720
1984.000000 2.711134 1.000172 0.731886 -0.000746
1985.000000 2.734221 1.000178 0.729943 -0.000771
1986.000000 2.757415 1.000184 0.727996 -0.000798
1987.000000 2.780709 1.000190 0.726047 -0.000824
1988.000000 2.804094 1.000196 0.724095 -0.000851
1989.000000 2.827562 1.000202 0.722141 -0.000879
1990.000000 2.851106 1.000209 0.720186 -0.000906
1991.000000 2.874718 1.000215 0.718231 -0.000935
1992.000000 2.898390 1.000222 0.716276 -0.000963
1993.000000 2.922116 1.000229 0.714322 -0.000992
1994.000000 2.945889 1.000235 0.712370 -0.001021
1995.000000 2.969702 1.000242 0.710420 -0.001051
1996.000000 2.993549 1.000249 0.708472 -0.001081
1997.000000 3.017423 1.000256 0.706527 -0.001112
1998.000000 3.041318 1.000263 0.704586 -0.001143
