# z LM (E,E) abs(P1) alpha
0.000000 0.001529 1.000000 0.999824 -0.000000
1.000000 0.006115 1.000001 0.999296 -0.000002
2.000000 0.013751 1.000001 0.998418 -0.000004
3.000000 0.024423 1.000002 0.997192 -0.000008
4.000000 0.038116 1.000003 0.995621 -0.000012
5.000000 0.054806 1.000004 0.993710 -0.000018
6.000000 0.074467 1.000006 0.991463 -0.000024
7.000000 0.097069 1.000007 0.988887 -0.000031
8.000000 0.122575 1.000009 0.985987 -0.000040
9.000000 0.150945 1.000011 0.982772 -0.000049
10.000000 0.182136 1.000014 0.979249 -0.000059
11.000000 0.216099 1.000016 0.975428 -0.000070
12.000000 0.252782 1.000019 0.971317 -0.000082
13.000000 0.292131 1.000022 0.966926 -0.000095
14.000000 0.334086 1.000025 0.962267 -0.000109
15.000000 0.378585 1.000029 0.957350 -0.000124
16.000000 0.425564 1.000032 0.952186 -0.000140
17.000000 0.474955 1.000036 0.946787 -0.000157
18.000000 0.526688 1.000040 0.941165 -0.000174
19.000000 0.580691 1.000045 0.935331 -0.000193
20.000000 0.636891 1.000049 0.929299 -0.000212
21.000000 0.695211 1.000054 0.923080 -0.000233
22.000000 0.755575 1.000059 0.916687 -0.000254
23.000000 0.817904 1.000064 0.910133 -0.000276
24.000000 0.882118 1.000069 0.903429 -0.000300
25.000000 0.948138 1.000075 0.896588 -0.000324
26.000000 1.015884 1.000081 0.889623 -0.000349
27.000000 1.085274 1.000086 0.882544 -0.000375
28.000000 1.156227 1.000093 0.875364 -0.000402
29.000000 1.228663 1.000099 0.868094 -0.000430
30.000000 1.302501 1.000106 0.860746 -0.000458
31.000000 1.377661 1.000112 0.853330 -0.000488
32.000000 1.454065 1.000120 0.845857 -0.000518
33.000000 1.531633 1.000127 0.838336 -0.000550
34.000000 1.610288 1.000134 0.830779 -0.000582
35.000000 1.689955 1.000142 0.823194 -0.000615
36.000000 1.770557 1.000150 0.815591 -0.000649
37.000000 1.852021 1.000158 0.807977 -0.000684
38.000000 1.934276 1.000166 0.800362 -0.000720
39.000000 2.017250 1.000174 0.792752 -0.000757
40.000000 2.100875 1.000183 0.785157 -0.000794
41.000000 2.185083 1.000192 0.777581 -0.000833
42.000000 2.269810 1.000201 0.770033 -0.000872
43.000000 2.354991 1.000210 0.762519 -0.000912
44.000000 2.440566 1.000220 0.755043 -0.000953
45.000000 2.526475 1.000229 0.747612 -0.000995
46.000000 2.612660 1.000239 0.740231 -0.001038
47.000000 2.699066 1.000249 0.732903 -0.001082
48.000000 2.785639 1.000259 0.725635 -0.001126
49.000000 2.872328 1.000270 0.718429 -0.001171
50.000000 2.959082 1.000281 0.711289 -0.001217
51.000000 3.045856 1.000291 0.704218 -0.001264
52.000000 3.132602 1.000302 0.697220 -0.001312
53.000000 3.219278 1.000314 0.690297 -0.001361
54.000000 3.305843 1.000325 0.683452 -0.001410
55.000000 3.392255 1.000336 0.676686 -0.001460
56.000000 3.478479 1.000348 0.670002 -0.001511
57.000000 3.564477 1.000360 0.663401 -0.001563
58.000000 3.650217 1.000372 0.656885 -0.001616
59.000000 3.735665 1.000385 0.650454 -0.001669
60.000000 3.820791 1.000397 0.644111 -0.001723
61.000000 3.905567 1.000410 0.637855 -0.001778
62.000000 3.989966 1.000423 0.631687 -0.001834
63.000000 4.073961 1.000436 0.625608 -0.001891
64.000000 4.157528 1.000449 0.619617 -0.001948
65.000000 4.240647 1.000462 0.613716 -0.002006
66.000000 4.323294 1.000476 0.607904 -0.002065
67.000000 4.405452 1.000489 0.602181 -0.002125
68.000000 4.487101 1.000503 0.596547 -0.002185
69.000000 4.568225 1.000517 0.591002 -0.002246
70.000000 4.648808 1.000532 0.585544 -0.002308
71.000000 4.728836 1.000546 0.580174 -0.002370
72.000000 4.808295 1.000561 0.574891 -0.002433
73.000000 4.887173 1.000575 0.569694 -0.002497
74.000000 4.965460 1.000590 0.564582 -0.002562
75.000000 5.043144 1.000605 0.559555 -0.002627
76.000000 5.120217 1.000621 0.554612 -0.002693
77.000000 5.196671 1.000636 0.549752 -0.002760
78.000000 5.272499 1.000651 0.544973 -0.002827
79.000000 5.347694 1.000667 0.540276 -0.002896
80.000000 5.422250 1.000683 0.535658 -0.002964
81.000000 5.496162 1.000699 0.531119 -0.003034
82.000000 5.569427 1.000715 0.526658 -0.003104
83.000000 5.642041 1.000731 0.522273 -0.003175
84.000000 5.714001 1.000748 0.517964 -0.003246
85.000000 5.785304 1.000764 0.513730 -0.003318
86.000000 5.855950 1.000781 0.509568 -0.003391
87.000000 5.925937 1.000798 0.505479 -0.003464
88.000000 5.995265 1.000815 0.501461 -0.003538
89.000000 6.063933 1.000832 0.497512 -0.003612
90.000000 6.131942 1.000850 0.493632 -0.003687
91.000000 6.199293 1.000867 0.489819 -0.003763
92.000000 6.265986 1.000885 0.486072 -0.003839
93.000000 6.332025 1.000902 0.482391 -0.003916
94.000000 6.397409 1.000920 0.478773 -0.003993
95.000000 6.462143 1.000938 0.475218 -0.004071
96.000000 6.526227 1.000956 0.471725 -0.004150
97.000000 6.589666 1.000974 0.468292 -0.004229
98.000000 6.652462 1.000993 0.464919 -0.004308
99.000000 6.714619 1.001011 0.461603 -0.004389
100.000000 6.776140 1.001030 0.458346 -0.004469
101.000000 6.837030 1.001049 0.455144 -0.004551
102.000000 6.897291 1.001067 0.451997 -0.004632
103.000000 6.956929 1.001086 0.448904 -0.004714
104.000000 7.015947 1.001105 0.445864 -0.004797
105.000000 7.074351 1.001125 0.442876 -0.004880
106.000000 7.132145 1.001144 0.439939 -0.004964
107.000000 7.189333 1.001163 0.437052 -0.005048
108.000000 7.245920 1.001183 0.434214 -0.005133
109.000000 7.301912 1.001202 0.431424 -0.005218
110.000000 7.357314 1.001222 0.428681 -0.005303
111.000000 7.412130 1.001242 0.425984 -0.005389
112.000000 7.466366 1.001262 0.423333 -0.005476
113.000000 7.520027 1.001282 0.420725 -0.005562
114.000000 7.573119 1.001302 0.418162 -0.005650
115.000000 7.625647 1.001322 0.415640 -0.005737
116.000000 7.677615 1.001342 0.413161 -0.005825
117.000000 7.729031 1.001363 0.410722 -0.005914
118.000000 7.779898 1.001383 0.408324 -0.006002
119.000000 7.830224 1.001404 0.405965 -0.006091
120.000000 7.880012 1.001424 0.403645 -0.006181
121.000000 7.929269 1.001445 0.401362 -0.006271
122.000000 7.977999 1.001466 0.399117 -0.006361
123.000000 8.026210 1.001487 0.396908 -0.006452
124.000000 8.073905 1.001508 0.394734 -0.006542
125.000000 8.121091 1.001529 0.392596 -0.006634
126.000000 8.167773 1.001550 0.390491 -0.006725
127.000000 8.213956 1.001571 0.388421 -0.006817
128.000000 8.259645 1.001592 0.386383 -0.006909
129.000000 8.304847 1.001614 0.384377 -0.007001
130.000000 8.349566 1.001635 0.382403 -0.007094
131.000000 8.393808 1.001656 0.380461 -0.007187
132.000000 8.437578 1.001678 0.378548 -0.007280
133.000000 8.480881 1.001699 0.376666 -0.007374
134.000000 8.523722 1.001721 0.374812 -0.007467
135.000000 8.566107 1.001743 0.372988 -0.007561
136.000000 8.608041 1.001764 0.371191 -0.007655
137.000000 8.649528 1.001786 0.369423 -0.007750
138.000000 8.690574 1.001808 0.367681 -0.007844
139.000000 8.731184 1.001830 0.365966 -0.007939
140.000000 8.771363 1.001852 0.364277 -0.008034
141.000000 8.811114 1.001874 0.362614 -0.008129
142.000000 8.850444 1.001896 0.360976 -0.008224
143.000000 8.889358 1.001918 0.359362 -0.008320
144.000000 8.927858 1.001940 0.357773 -0.008415
145.000000 8.965952 1.001962 0.356207 -0.008511
146.000000 9.003642 1.001984 0.354665 -0.008607
147.000000 9.040934 1.002006 0.353145 -0.008703
148.000000 9.077832 1.002028 0.351648 -0.008799
149.000000 9.114341 1.002050 0.350173 -0.008895
150.000000 9.150464 1.002073 0.348720 -0.008991
151.000000 9.186207 1.002095 0.347288 -0.009088
152.000000 9.221574 1.002117 0.345877 -0.009184
153.000000 9.256568 1.002139 0.344486 -0.009280
154.000000 9.291194 1.002162 0.343115 -0.009377
155.000000 9.325456 1.002184 0.341765 -0.009474
156.000000 9.359359 1.002206 0.340433 -0.009570
157.000000 9.392905 1.002229 0.339121 -0.009667
158.000000 9.426100 1.002251 0.337828 -0.009764
159.000000 9.458947 1.002273 0.336552 -0.009860
160.000000 9.491449 1.002296 0.335295 -0.009957
161.000000 9.523612 1.002318 0.334056 -0.010054
162.000000 9.555438 1.002340 0.332834 -0.010151
163.000000 9.586931 1.002362 0.331630 -0.010247
164.000000 9.618095 1.002385 0.330442 -0.010344
165.000000 9.648933 1.002407 0.329271 -0.010440
166.000000 9.679449 1.002429 0.328116 -0.010537
167.000000 9.709646 1.002452 0.326977 -0.010633
168.000000 9.739529 1.002474 0.325854 -0.010730
169.000000 9.769099 1.002496 0.324747 -0.010826
170.000000 9.798362 1.002518 0.323655 -0.010922
171.000000 9.827319 1.002540 0.322577 -0.011019
172.000000 9.855974 1.002563 0.321515 -0.011115
173.000000 9.884331 1.002585 0.320467 -0.011210
174.000000 9.912392 1.002607 0.319433 -0.011306
175.000000 9.940160 1.002629 0.318414 -0.011402
176.000000 9.967640 1.002651 0.317408 -0.011497
177.000000 9.994833 1.002673 0.316416 -0.011593
178.000000 10.021743 1.002695 0.315437 -0.011688
179.000000 10.048372 1.002717 0.314472 -0.011783
180.000000 10.074724 1.002739 0.313519 -0.011878
181.000000 10.100801 1.002761 0.312579 -0.011972
182.000000 10.126606 1.002783 0.311652 -0.012067
183.000000 10.152142 1.002804 0.310737 -0.012161
184.000000 10.177411 1.002826 0.309834 -0.012255
185.000000 10.202417 1.002848 0.308944 -0.012349
186.000000 10.227161 1.002869 0.308065 -0.012442
187.000000 10.251647 1.002891 0.307197 -0.012536
188.000000 10.275877 1.002912 0.306342 -0.012629
189.000000 10.299854 1.002934 0.305497 -0.012722
190.000000 10.323579 1.002955 0.304664 -0.012814
191.000000 10.347056 1.002976 0.303842 -0.012906
192.000000 10.370287 1.002998 0.303030 -0.012998
193.000000 10.393274 1.003019 0.302229 -0.013090
194.000000 10.416019 1.003040 0.301439 -0.013181
195.000000 10.438526 1.003061 0.300659 -0.013272
196.000000 10.460795 1.003082 0.299889 -0.013363
197.000000 10.482830 1.003103 0.299129 -0.013453
198.000000 10.504632 1.003124 0.298379 -0.013543
199.000000 10.526203 1.003144 0.297639 -0.013633
200.000000 10.547547 1.003165 0.296909 -0.013723
201.000000 10.568664 1.003185 0.296188 -0.013811
202.000000 10.589557 1.003206 0.295476 -0.013900
203.000000 10.610228 1.003226 0.294774 -0.013988
204.000000 10.630679 1.003247 0.294080 -0.014076
205.000000 10.650912 1.003267 0.293396 -0.014164
206.000000 10.670929 1.003287 0.292721 -0.014251
207.000000 10.690731 1.003307 0.292054 -0.014337
208.000000 10.710321 1.003327 0.291396 -0.014423
209.000000 10.729701 1.003347 0.290747 -0.014509
210.000000 10.748872 1.003366 0.290106 -0.014594
211.000000 10.767835 1.003386 0.289473 -0.014679
212.000000 10.786594 1.003405 0.288849 -0.014764
213.000000 10.805149 1.003425 0.288232 -0.014848
214.000000 10.823502 1.003444 0.287624 -0.014931
215.000000 10.841656 1.003463 0.287023 -0.015014
216.000000 10.859611 1.003482 0.286431 -0.015096
217.000000 10.877369 1.003501 0.285846 -0.015178
218.000000 10.894932 1.003520 0.285268 -0.015260
219.000000 10.912301 1.003539 0.284698 -0.015341
220.000000 10.929478 1.003557 0.284136 -0.015421
221.000000 10.946465 1.003576 0.283581 -0.015501
222.000000 10.963263 1.003594 0.283033 -0.015581
223.000000 10.979873 1.003612 0.282492 -0.015660
224.000000 10.996298 1.003631 0.281958 -0.015738
225.000000 11.012537 1.003648 0.281432 -0.015816
226.000000 11.028594 1.003666 0.280912 -0.015893
227.000000 11.044468 1.003684 0.280399 -0.015969
228.000000 11.060163 1.003702 0.279893 -0.016045
229.000000 11.075678 1.003719 0.279393 -0.016121
230.000000 11.091015 1.003736 0.278900 -0.016196
231.000000 11.106176 1.003753 0.278414 -0.016270
232.000000 11.121162 1.003770 0.277934 -0.016344
233.000000 11.135975 1.003787 0.277461 -0.016417
234.000000 11.150614 1.003804 0.276993 -0.016489
235.000000 11.165082 1.003821 0.276532 -0.016561
236.000000 11.179380 1.003837 0.276077 -0.016632
237.000000 11.193510 1.003853 0.275629 -0.016702
238.000000 11.207471 1.003870 0.275186 -0.016772
239.000000 11.221266 1.003886 0.274749 -0.016841
240.000000 11.234895 1.003901 0.274319 -0.016910
241.000000 11.248360 1.003917 0.273894 -0.016978
242.000000 11.261662 1.003933 0.273475 -0.017045
243.000000 11.274801 1.003948 0.273061 -0.017111
244.000000 11.287780 1.003963 0.272653 -0.017177
245.000000 11.300598 1.003978 0.272251 -0.017242
246.000000 11.313258 1.003993 0.271855 -0.017307
247.000000 11.325759 1.004008 0.271464 -0.017370
248.000000 11.338104 1.004022 0.271078 -0.017433
249.000000 11.350293 1.004037 0.270698 -0.017496
250.000000 11.362327 1.004051 0.270323 -0.017557
251.000000 11.374206 1.004065 0.269954 -0.017618
252.000000 11.385933 1.004079 0.269590 -0.017678
253.000000 11.397508 1.004093 0.269231 -0.017737
254.000000 11.408931 1.004106 0.268877 -0.017796
255.000000 11.420204 1.004120 0.268528 -0.017854
256.000000 11.431328 1.004133 0.268184 -0.017911
257.000000 11.442303 1.004146 0.267846 -0.017967
258.000000 11.453131 1.004159 0.267512 -0.018023
259.000000 11.463811 1.004171 0.267183 -0.018078
260.000000 11.474346 1.004184 0.266860 -0.018132
261.000000 11.484736 1.004196 0.266541 -0.018185
262.000000 11.494981 1.004208 0.266226 -0.018237
263.000000 11.505083 1.004220 0.265917 -0.018289
264.000000 11.515042 1.004232 0.265612 -0.018340
265.000000 11.524858 1.004244 0.265312 -0.018390
266.000000 11.534534 1.004255 0.265017 -0.018439
267.000000 11.544069 1.004266 0.264726 -0.018487
268.000000 11.553465 1.004277 0.264440 -0.018535
269.000000 11.562721 1.004288 0.264158 -0.018582
270.000000 11.571839 1.004299 0.263881 -0.018628
271.000000 11.580820 1.004309 0.263608 -0.018673
272.000000 11.589663 1.004319 0.263340 -0.018717
273.000000 11.598371 1.004329 0.263076 -0.018760
274.000000 11.606943 1.004339 0.262817 -0.018803
275.000000 11.615379 1.004349 0.262561 -0.018845
276.000000 11.623682 1.004358 0.262311 -0.018885
277.000000 11.631851 1.004367 0.262064 -0.018925
278.000000 11.639887 1.004376 0.261822 -0.018965
279.000000 11.647791 1.004385 0.261584 -0.019003
280.000000 11.655562 1.004394 0.261350 -0.019040
281.000000 11.663203 1.004402 0.261120 -0.019077
282.000000 11.670713 1.004411 0.260894 -0.019113
283.000000 11.678093 1.004419 0.260673 -0.019147
284.000000 11.685344 1.004427 0.260455 -0.019181
285.000000 11.692465 1.004434 0.260242 -0.019214
286.000000 11.699459 1.004442 0.260032 -0.019246
287.000000 11.706324 1.004449 0.259827 -0.019278
288.000000 11.713062 1.004456 0.259625 -0.019308
289.000000 11.719674 1.004463 0.259428 -0.019337
290.000000 11.726159 1.004469 0.259234 -0.019366
291.000000 11.732519 1.004476 0.259044 -0.019394
292.000000 11.738753 1.004482 0.258858 -0.019420
293.000000 11.744862 1.004488 0.258676 -0.019446
294.000000 11.750848 1.004494 0.258498 -0.019471
295.000000 11.756709 1.004499 0.258324 -0.019495
296.000000 11.762447 1.004505 0.258153 -0.019518
297.000000 11.768062 1.004510 0.257986 -0.019541
298.000000 11.773555 1.004515 0.257823 -0.019562
299.000000 11.778925 1.004519 0.257664 -0.019582
300.000000 11.784174 1.004524 0.257508 -0.019602
301.000000 11.789302 1.004528 0.257356 -0.019620
302.000000 11.794309 1.004532 0.257208 -0.019638
303.000000 11.799196 1.004536 0.257063 -0.019654
304.000000 11.803963 1.004540 0.256922 -0.019670
305.000000 11.808610 1.004543 0.256785 -0.019685
306.000000 11.813138 1.004546 0.256651 -0.019699
307.000000 11.817547 1.004549 0.256521 -0.019712
308.000000 11.821838 1.004552 0.256394 -0.019724
309.000000 11.826011 1.004555 0.256271 -0.019735
310.000000 11.830066 1.004557 0.256151 -0.019745
311.000000 11.834004 1.004559 0.256035 -0.019754
312.000000 11.837824 1.004561 0.255923 -0.019762
313.000000 11.841528 1.004563 0.255814 -0.019770
314.000000 11.845116 1.004564 0.255708 -0.019776
315.000000 11.848587 1.004565 0.255606 -0.019781
316.000000 11.851943 1.004566 0.255507 -0.019786
317.000000 11.855184 1.004567 0.255412 -0.019789
318.000000 11.858309 1.004568 0.255320 -0.019792
319.000000 11.861319 1.004568 0.255231 -0.019794
320.000000 11.864215 1.004568 0.255146 -0.019794
321.000000 11.866997 1.004568 0.255065 -0.019794
322.000000 11.869664 1.004568 0.254986 -0.019793
323.000000 11.872218 1.004568 0.254911 -0.019791
324.000000 11.874659 1.004567 0.254840 -0.019788
325.000000 11.876986 1.004566 0.254771 -0.019784
326.000000 11.879200 1.004565 0.254706 -0.019779
327.000000 11.881302 1.004563 0.254645 -0.019773
328.000000 11.883291 1.004562 0.254587 -0.019766
329.000000 11.885168 1.004560 0.254532 -0.019759
330.000000 11.886933 1.004558 0.254480 -0.019750
331.000000 11.888586 1.004556 0.254431 -0.019740
332.000000 11.890128 1.004553 0.254386 -0.019730
333.000000 11.891558 1.004551 0.254344 -0.019718
334.000000 11.892877 1.004548 0.254306 -0.019706
335.000000 11.894085 1.004545 0.254270 -0.019692
336.000000 11.895183 1.004541 0.254238 -0.019678
337.000000 11.896170 1.004538 0.254209 -0.019663
338.000000 11.897046 1.004534 0.254184 -0.019647
339.000000 11.897812 1.004530 0.254161 -0.019629
340.000000 11.898469 1.004526 0.254142 -0.019611
341.000000 11.899015 1.004522 0.254126 -0.019592
342.000000 11.899452 1.004517 0.254113 -0.019573
343.000000 11.899779 1.004512 0.254104 -0.019552
344.000000 11.899997 1.004507 0.254097 -0.019530
345.000000 11.900105 1.004502 0.254094 -0.019507
346.000000 11.900105 1.004497 0.254094 -0.019484
347.000000 11.899995 1.004491 0.254097 -0.019459
348.000000 11.899777 1.004485 0.254104 -0.019434
349.000000 11.899450 1.004479 0.254113 -0.019408
350.000000 11.899015 1.004473 0.254126 -0.019381
351.000000 11.898471 1.004466 0.254142 -0.019352
352.000000 11.897818 1.004459 0.254161 -0.019323
353.000000 11.897058 1.004453 0.254183 -0.019294
354.000000 11.896189 1.004445 0.254209 -0.019263
355.000000 11.895212 1.004438 0.254237 -0.019231
356.000000 11.894127 1.004431 0.254269 -0.019199
357.000000 11.892935 1.004423 0.254304 -0.019165
358.000000 11.891634 1.004415 0.254342 -0.019131
359.000000 11.890226 1.004407 0.254383 -0.019096
360.000000 11.888711 1.004398 0.254428 -0.019059
361.000000 11.887087 1.004390 0.254475 -0.019022
362.000000 11.885357 1.004381 0.254526 -0.018985
363.000000 11.883518 1.004372 0.254580 -0.018946
364.000000 11.881573 1.004363 0.254637 -0.018906
365.000000 11.879520 1.004354 0.254697 -0.018866
366.000000 11.877360 1.004344 0.254760 -0.018825
367.000000 11.875093 1.004334 0.254827 -0.018783
368.000000 11.872718 1.004324 0.254897 -0.018740
369.000000 11.870237 1.004314 0.254969 -0.018696
370.000000 11.867648 1.004304 0.255045 -0.018651
371.000000 11.864952 1.004293 0.255125 -0.018606
372.000000 11.862149 1.004283 0.255207 -0.018559
373.000000 11.859239 1.004272 0.255292 -0.018512
374.000000 11.856222 1.004261 0.255381 -0.018464
375.000000 11.853098 1.004249 0.255473 -0.018415
376.000000 11.849867 1.004238 0.255568 -0.018366
377.000000 11.846529 1.004226 0.255666 -0.018315
378.000000 11.843084 1.004214 0.255768 -0.018264
379.000000 11.839532 1.004202 0.255872 -0.018212
380.000000 11.835873 1.004190 0.255980 -0.018159
381.000000 11.832106 1.004178 0.256091 -0.018106
382.000000 11.828233 1.004165 0.256205 -0.018051
383.000000 11.824253 1.004153 0.256323 -0.017996
384.000000 11.820165 1.004140 0.256444 -0.017940
385.000000 11.815970 1.004127 0.256567 -0.017884
386.000000 11.811669 1.004113 0.256695 -0.017826
387.000000 11.807259 1.004100 0.256825 -0.017768
388.000000 11.802743 1.004086 0.256958 -0.017709
389.000000 11.798119 1.004072 0.257095 -0.017649
390.000000 11.793388 1.004058 0.257235 -0.017589
391.000000 11.788550 1.004044 0.257379 -0.017528
392.000000 11.783604 1.004030 0.257525 -0.017466
393.000000 11.778550 1.004015 0.257675 -0.017403
394.000000 11.773389 1.004001 0.257828 -0.017340
395.000000 11.768120 1.003986 0.257985 -0.017276
396.000000 11.762744 1.003971 0.258144 -0.017211
397.000000 11.757259 1.003956 0.258308 -0.017146
398.000000 11.751667 1.003941 0.258474 -0.017080
399.000000 11.745966 1.003925 0.258644 -0.017013
400.000000 11.740158 1.003910 0.258817 -0.016945
401.000000 11.734241 1.003894 0.258993 -0.016877
402.000000 11.728217 1.003878 0.259173 -0.016808
403.000000 11.722083 1.003862 0.259356 -0.016739
404.000000 11.715842 1.003846 0.259542 -0.016669
405.000000 11.709491 1.003829 0.259732 -0.016598
406.000000 11.703033 1.003813 0.259925 -0.016526
407.000000 11.696465 1.003796 0.260122 -0.016454
408.000000 11.689788 1.003779 0.260322 -0.016382
409.000000 11.683003 1.003762 0.260525 -0.016308
410.000000 11.676108 1.003745 0.260732 -0.016234
411.000000 11.669104 1.003728 0.260942 -0.016160
412.000000 11.661990 1.003711 0.261156 -0.016085
413.000000 11.654767 1.003693 0.261374 -0.016009
414.000000 11.647435 1.003676 0.261594 -0.015933
415.000000 11.639992 1.003658 0.261819 -0.015856
416.000000 11.632440 1.003640 0.262046 -0.015778
417.000000 11.624777 1.003622 0.262278 -0.015700
418.000000 11.617004 1.003604 0.262512 -0.015622
419.000000 11.609121 1.003585 0.262751 -0.015543
420.000000 11.601128 1.003567 0.262993 -0.015463
421.000000 11.593023 1.003548 0.263238 -0.015383
422.000000 11.584808 1.003530 0.263487 -0.015302
423.000000 11.576482 1.003511 0.263740 -0.015221
424.000000 11.568045 1.003492 0.263996 -0.015139
425.000000 11.559496 1.003473 0.264256 -0.015057
426.000000 11.550836 1.003454 0.264520 -0.014974
427.000000 11.542064 1.003435 0.264787 -0.014891
428.000000 11.533180 1.003416 0.265058 -0.014807
429.000000 11.524184 1.003396 0.265333 -0.014723
430.000000 11.515076 1.003377 0.265611 -0.014639
431.000000 11.505856 1.003357 0.265893 -0.014554
432.000000 11.496523 1.003337 0.266179 -0.014468
433.000000 11.487077 1.003317 0.266469 -0.014382
434.000000 11.477519 1.003297 0.266762 -0.014296
435.000000 11.467847 1.003277 0.267059 -0.014209
436.000000 11.458062 1.003257 0.267360 -0.014122
437.000000 11.448163 1.003237 0.267665 -0.014034
438.000000 11.438151 1.003217 0.267974 -0.013946
439.000000 11.428024 1.003196 0.268286 -0.013858
440.000000 11.417784 1.003176 0.268603 -0.013769
441.000000 11.407429 1.003155 0.268923 -0.013680
442.000000 11.396959 1.003134 0.269248 -0.013590
443.000000 11.386375 1.003114 0.269576 -0.013500
444.000000 11.375676 1.003093 0.269908 -0.013410
445.000000 11.364862 1.003072 0.270245 -0.013320
446.000000 11.353933 1.003051 0.270585 -0.013229
447.000000 11.342887 1.003030 0.270929 -0.013138
448.000000 11.331726 1.003009 0.271277 -0.013046
449.000000 11.320449 1.002987 0.271630 -0.012954
450.000000 11.309056 1.002966 0.271986 -0.012862
451.000000 11.297547 1.002945 0.272347 -0.012770
452.000000 11.285921 1.002923 0.272712 -0.012677
453.000000 11.274177 1.002902 0.273081 -0.012584
454.000000 11.262317 1.002880 0.273454 -0.012491
455.000000 11.250340 1.002859 0.273831 -0.012398
456.000000 11.238245 1.002837 0.274213 -0.012304
457.000000 11.226032 1.002816 0.274599 -0.012210
458.000000 11.213702 1.002794 0.274989 -0.012116
459.000000 11.201253 1.002772 0.275383 -0.012022
460.000000 11.188686 1.002750 0.275782 -0.011927
461.000000 11.176000 1.002728 0.276185 -0.011832
462.000000 11.163195 1.002706 0.276592 -0.011738
463.000000 11.150272 1.002685 0.277004 -0.011642
464.000000 11.137229 1.002663 0.277420 -0.011547
465.000000 11.124067 1.002641 0.277841 -0.011452
466.000000 11.110785 1.002618 0.278266 -0.011356
467.000000 11.097384 1.002596 0.278696 -0.011261
468.000000 11.083862 1.002574 0.279130 -0.011165
469.000000 11.070220 1.002552 0.279569 -0.011069
470.000000 11.056458 1.002530 0.280012 -0.010973
471.000000 11.042575 1.002508 0.280460 -0.010876
472.000000 11.028571 1.002485 0.280913 -0.010780
473.000000 11.014446 1.002463 0.281370 -0.010684
474.000000 11.000201 1.002441 0.281832 -0.010587
475.000000 10.985833 1.002419 0.282298 -0.010491
476.000000 10.971344 1.002396 0.282770 -0.010394
477.000000 10.956734 1.002374 0.283246 -0.010298
478.000000 10.942001 1.002352 0.283727 -0.010201
479.000000 10.927147 1.002329 0.284212 -0.010104
480.000000 10.912170 1.002307 0.284703 -0.010008
481.000000 10.897071 1.002285 0.285198 -0.009911
482.000000 10.881849 1.002263 0.285698 -0.009814
483.000000 10.866505 1.002240 0.286203 -0.009718
484.000000 10.851038 1.002218 0.286713 -0.009621
485.000000 10.835448 1.002196 0.287229 -0.009524
486.000000 10.819735 1.002173 0.287749 -0.009428
487.000000 10.803899 1.002151 0.288274 -0.009331
488.000000 10.787940 1.002129 0.288804 -0.009234
489.000000 10.771858 1.002106 0.289339 -0.009138
490.000000 10.755652 1.002084 0.289879 -0.009042
491.000000 10.739323 1.002062 0.290425 -0.008945
492.000000 10.722870 1.002040 0.290976 -0.008849
493.000000 10.706294 1.002018 0.291531 -0.008753
494.000000 10.689594 1.001995 0.292092 -0.008657
495.000000 10.672770 1.001973 0.292659 -0.008561
496.000000 10.655823 1.001951 0.293230 -0.008465
497.000000 10.638753 1.001929 0.293807 -0.008370
498.000000 10.621558 1.001907 0.294389 -0.008274
499.000000 10.604241 1.001885 0.294977 -0.008179
500.000000 10.586800 1.001863 0.295570 -0.008084
501.000000 10.569235 1.001841 0.296168 -0.007989
502.000000 10.551547 1.001819 0.296772 -0.007894
503.000000 10.533736 1.001798 0.297381 -0.007799
504.000000 10.515802 1.001776 0.297996 -0.007705
505.000000 10.497744 1.001754 0.298616 -0.007610
506.000000 10.479565 1.001732 0.299241 -0.007516
507.000000 10.461262 1.001711 0.299873 -0.007423
508.000000 10.442837 1.001689 0.300509 -0.007329
509.000000 10.424290 1.001668 0.301152 -0.007236
510.000000 10.405621 1.001646 0.301800 -0.007143
511.000000 10.386830 1.001625 0.302453 -0.007050
512.000000 10.367919 1.001603 0.303113 -0.006957
513.000000 10.348886 1.001582 0.303778 -0.006865
514.000000 10.329732 1.001561 0.304448 -0.006773
515.000000 10.310459 1.001540 0.305124 -0.006682
516.000000 10.291066 1.001519 0.305807 -0.006590
517.000000 10.271553 1.001498 0.306494 -0.006499
518.000000 10.251921 1.001477 0.307188 -0.006408
519.000000 10.232172 1.001456 0.307887 -0.006318
520.000000 10.212304 1.001435 0.308592 -0.006228
521.000000 10.192320 1.001415 0.309303 -0.006138
522.000000 10.172219 1.001394 0.310020 -0.006049
523.000000 10.152002 1.001373 0.310742 -0.005960
524.000000 10.131671 1.001353 0.311470 -0.005871
525.000000 10.111225 1.001333 0.312204 -0.005783
526.000000 10.090665 1.001312 0.312944 -0.005695
527.000000 10.069993 1.001292 0.313690 -0.005608
528.000000 10.049210 1.001272 0.314441 -0.005521
529.000000 10.028315 1.001252 0.315199 -0.005434
530.000000 10.007311 1.001232 0.315962 -0.005348
531.000000 9.986199 1.001213 0.316731 -0.005263
532.000000 9.964979 1.001193 0.317505 -0.005177
533.000000 9.943653 1.001173 0.318286 -0.005092
534.000000 9.922222 1.001154 0.319072 -0.005008
535.000000 9.900687 1.001135 0.319864 -0.004924
536.000000 9.879050 1.001115 0.320662 -0.004841
537.000000 9.857313 1.001096 0.321465 -0.004758
538.000000 9.835476 1.001077 0.322275 -0.004675
539.000000 9.813541 1.001058 0.323090 -0.004593
540.000000 9.791510 1.001040 0.323910 -0.004512
541.000000 9.769386 1.001021 0.324736 -0.004431
542.000000 9.747168 1.001002 0.325568 -0.004351
543.000000 9.724861 1.000984 0.326405 -0.004271
544.000000 9.702465 1.000966 0.327248 -0.004191
545.000000 9.679982 1.000948 0.328096 -0.004112
546.000000 9.657415 1.000930 0.328949 -0.004034
547.000000 9.634767 1.000912 0.329808 -0.003957
548.000000 9.612039 1.000894 0.330672 -0.003879
549.000000 9.589234 1.000876 0.331542 -0.003803
550.000000 9.566355 1.000859 0.332416 -0.003727
551.000000 9.543404 1.000841 0.333296 -0.003651
552.000000 9.520384 1.000824 0.334180 -0.003577
553.000000 9.497298 1.000807 0.335070 -0.003503
554.000000 9.474149 1.000790 0.335964 -0.003429
555.000000 9.450940 1.000773 0.336863 -0.003356
556.000000 9.427675 1.000757 0.337766 -0.003284
557.000000 9.404357 1.000740 0.338674 -0.003212
558.000000 9.380989 1.000724 0.339587 -0.003141
559.000000 9.357576 1.000707 0.340503 -0.003070
560.000000 9.334120 1.000691 0.341424 -0.003001
561.000000 9.310626 1.000675 0.342349 -0.002932
562.000000 9.287099 1.000660 0.343277 -0.002863
563.000000 9.263541 1.000644 0.344210 -0.002795
564.000000 9.239959 1.000629 0.345145 -0.002728
565.000000 9.216355 1.000613 0.346085 -0.002662
566.000000 9.192736 1.000598 0.347027 -0.002596
567.000000 9.169105 1.000583 0.347972 -0.002531
568.000000 9.145468 1.000568 0.348921 -0.002467
569.000000 9.121831 1.000554 0.349871 -0.002403
570.000000 9.098198 1.000539 0.350825 -0.002340
571.000000 9.074575 1.000525 0.351780 -0.002278
572.000000 9.050967 1.000511 0.352738 -0.002217
573.000000 9.027382 1.000497 0.353697 -0.002156
574.000000 9.003824 1.000483 0.354657 -0.002096
575.000000 8.980300 1.000469 0.355619 -0.002037
576.000000 8.956817 1.000456 0.356582 -0.001979
577.000000 8.933382 1.000443 0.357545 -0.001921
578.000000 8.910000 1.000429 0.358509 -0.001864
579.000000 8.886680 1.000416 0.359473 -0.001808
580.000000 8.863428 1.000404 0.360436 -0.001752
581.000000 8.840252 1.000391 0.361399 -0.001698
582.000000 8.817159 1.000379 0.362361 -0.001644
583.000000 8.794158 1.000367 0.363322 -0.001591
584.000000 8.771256 1.000355 0.364282 -0.001539
585.000000 8.748462 1.000343 0.365239 -0.001487
586.000000 8.725784 1.000331 0.366194 -0.001437
587.000000 8.703231 1.000320 0.367146 -0.001387
588.000000 8.680812 1.000308 0.368095 -0.001338
589.000000 8.658535 1.000297 0.369040 -0.001289
590.000000 8.636410 1.000286 0.369981 -0.001242
591.000000 8.614446 1.000275 0.370918 -0.001196
592.000000 8.592653 1.000265 0.371850 -0.001150
593.000000 8.571041 1.000255 0.372776 -0.001105
594.000000 8.549619 1.000244 0.373696 -0.001061
595.000000 8.528399 1.000235 0.374611 -0.001018
596.000000 8.507389 1.000225 0.375518 -0.000975
597.000000 8.486600 1.000215 0.376418 -0.000934
598.000000 8.466044 1.000206 0.377310 -0.000893
599.000000 8.445730 1.000197 0.378193 -0.000853
600.000000 8.425670 1.000188 0.379067 -0.000814
601.000000 8.405875 1.000179 0.379932 -0.000776
602.000000 8.386355 1.000170 0.380787 -0.000739
603.000000 8.367122 1.000162 0.381631 -0.000703
604.000000 8.348188 1.000154 0.382464 -0.000668
605.000000 8.329563 1.000146 0.383285 -0.000633
606.000000 8.311259 1.000138 0.384094 -0.000599
607.000000 8.293287 1.000131 0.384889 -0.000567
608.000000 8.275660 1.000123 0.385671 -0.000535
609.000000 8.258387 1.000116 0.386439 -0.000504
610.000000 8.241482 1.000109 0.387192 -0.000474
611.000000 8.224956 1.000103 0.387929 -0.000445
612.000000 8.208819 1.000096 0.388650 -0.000416
613.000000 8.193084 1.000090 0.389355 -0.000389
614.000000 8.177761 1.000084 0.390043 -0.000363
615.000000 8.162862 1.000078 0.390712 -0.000337
616.000000 8.148398 1.000072 0.391363 -0.000312
617.000000 8.134381 1.000067 0.391995 -0.000289
618.000000 8.120820 1.000061 0.392608 -0.000266
619.000000 8.107726 1.000056 0.393200 -0.000244
620.000000 8.095110 1.000052 0.393772 -0.000223
621.000000 8.082983 1.000047 0.394322 -0.000203
622.000000 8.071353 1.000043 0.394850 -0.000184
623.000000 8.060231 1.000038 0.395356 -0.000166
624.000000 8.049626 1.000034 0.395839 -0.000149
625.000000 8.039547 1.000031 0.396299 -0.000132
626.000000 8.030002 1.000027 0.396734 -0.000117
627.000000 8.021001 1.000024 0.397146 -0.000103
628.000000 8.012551 1.000021 0.397532 -0.000089
629.000000 8.004660 1.000018 0.397894 -0.000077
630.000000 7.997334 1.000015 0.398229 -0.000065
631.000000 7.990581 1.000013 0.398539 -0.000054
632.000000 7.984407 1.000010 0.398822 -0.000045
633.000000 7.978817 1.000008 0.399079 -0.000036
634.000000 7.973817 1.000007 0.399309 -0.000028
635.000000 7.969412 1.000005 0.399512 -0.000021
636.000000 7.965605 1.000004 0.399687 -0.000015
637.000000 7.962401 1.000003 0.399834 -0.000010
638.000000 7.959802 1.000002 0.399954 -0.000006
639.000000 7.957811 1.000001 0.400046 -0.000003
640.000000 7.956431 1.000000 0.400109 -0.000001
641.000000 7.955662 1.000000 0.400145 0.000000
642.000000 7.955506 1.000000 0.400152 0.000001
643.000000 7.955962 1.000000 0.400131 -0.000000
644.000000 7.957031 1.000001 0.400081 -0.000002
645.000000 7.958711 1.000001 0.400004 -0.000004
646.000000 7.961001 1.000002 0.399899 -0.000008
647.000000 7.963899 1.000003 0.399765 -0.000012
648.000000 7.967403 1.000004 0.399604 -0.000018
649.000000 7.971509 1.000006 0.399415 -0.000024
650.000000 7.976213 1.000007 0.399199 -0.000031
651.000000 7.981512 1.000009 0.398955 -0.000040
652.000000 7.987400 1.000011 0.398685 -0.000049
653.000000 7.993872 1.000014 0.398388 -0.000059
654.000000 8.000922 1.000016 0.398065 -0.000070
655.000000 8.008544 1.000019 0.397716 -0.000082
656.000000 8.016731 1.000022 0.397341 -0.000095
657.000000 8.025476 1.000025 0.396941 -0.000109
658.000000 8.034771 1.000029 0.396517 -0.000124
659.000000 8.044608 1.000032 0.396068 -0.000140
660.000000 8.054978 1.000036 0.395595 -0.000156
661.000000 8.065874 1.000040 0.395099 -0.000174
662.000000 8.077284 1.000044 0.394581 -0.000192
663.000000 8.089201 1.000049 0.394040 -0.000212
664.000000 8.101613 1.000054 0.393477 -0.000232
665.000000 8.114512 1.000059 0.392893 -0.000254
666.000000 8.127886 1.000064 0.392289 -0.000276
667.000000 8.141725 1.000069 0.391664 -0.000299
668.000000 8.156018 1.000075 0.391020 -0.000323
669.000000 8.170755 1.000080 0.390357 -0.000348
670.000000 8.185923 1.000086 0.389676 -0.000374
671.000000 8.201512 1.000093 0.388977 -0.000401
672.000000 8.217510 1.000099 0.388262 -0.000429
673.000000 8.233906 1.000106 0.387529 -0.000458
674.000000 8.250688 1.000112 0.386781 -0.000487
675.000000 8.267845 1.000119 0.386018 -0.000518
676.000000 8.285365 1.000127 0.385240 -0.000549
677.000000 8.303235 1.000134 0.384449 -0.000581
678.000000 8.321445 1.000142 0.383643 -0.000614
679.000000 8.339983 1.000149 0.382825 -0.000648
680.000000 8.358838 1.000158 0.381995 -0.000683
681.000000 8.377996 1.000166 0.381154 -0.000719
682.000000 8.397448 1.000174 0.380301 -0.000756
683.000000 8.417182 1.000183 0.379438 -0.000793
684.000000 8.437186 1.000192 0.378565 -0.000832
685.000000 8.457450 1.000201 0.377683 -0.000871
686.000000 8.477961 1.000210 0.376792 -0.000911
687.000000 8.498710 1.000219 0.375893 -0.000952
688.000000 8.519685 1.000229 0.374987 -0.000994
689.000000 8.540876 1.000239 0.374073 -0.001037
690.000000 8.562272 1.000249 0.373153 -0.001081
691.000000 8.583863 1.000259 0.372226 -0.001125
692.000000 8.605638 1.000270 0.371294 -0.001170
693.000000 8.627589 1.000280 0.370357 -0.001216
694.000000 8.649704 1.000291 0.369415 -0.001263
695.000000 8.671975 1.000302 0.368469 -0.001311
696.000000 8.694392 1.000313 0.367519 -0.001360
697.000000 8.716946 1.000325 0.366566 -0.001409
698.000000 8.739628 1.000336 0.365610 -0.001459
699.000000 8.762428 1.000348 0.364652 -0.001510
700.000000 8.785339 1.000360 0.363691 -0.001562
701.000000 8.808352 1.000372 0.362729 -0.001615
702.000000 8.831459 1.000384 0.361765 -0.001668
703.000000 8.854651 1.000397 0.360801 -0.001722
704.000000 8.877922 1.000409 0.359835 -0.001777
705.000000 8.901263 1.000422 0.358870 -0.001833
706.000000 8.924667 1.000435 0.357904 -0.001889
707.000000 8.948127 1.000449 0.356939 -0.001947
708.000000 8.971635 1.000462 0.355974 -0.002005
709.000000 8.995186 1.000475 0.355010 -0.002064
710.000000 9.018773 1.000489 0.354047 -0.002123
711.000000 9.042388 1.000503 0.353086 -0.002183
712.000000 9.066027 1.000517 0.352126 -0.002244
713.000000 9.089683 1.000531 0.351169 -0.002306
714.000000 9.113349 1.000546 0.350213 -0.002369
715.000000 9.137022 1.000560 0.349260 -0.002432
716.000000 9.160694 1.000575 0.348309 -0.002496
717.000000 9.184361 1.000590 0.347362 -0.002560
718.000000 9.208018 1.000605 0.346417 -0.002626
719.000000 9.231659 1.000620 0.345475 -0.002692
720.000000 9.255280 1.000636 0.344537 -0.002758
721.000000 9.278877 1.000651 0.343602 -0.002826
722.000000 9.302444 1.000667 0.342671 -0.002894
723.000000 9.325978 1.000683 0.341744 -0.002963
724.000000 9.349475 1.000699 0.340821 -0.003032
725.000000 9.372930 1.000715 0.339902 -0.003102
726.000000 9.396339 1.000731 0.338987 -0.003173
727.000000 9.419700 1.000747 0.338077 -0.003244
728.000000 9.443007 1.000764 0.337171 -0.003316
729.000000 9.466258 1.000781 0.336269 -0.003389
730.000000 9.489450 1.000798 0.335373 -0.003462
731.000000 9.512580 1.000815 0.334481 -0.003536
732.000000 9.535643 1.000832 0.333594 -0.003610
733.000000 9.558638 1.000849 0.332712 -0.003685
734.000000 9.581561 1.000867 0.331835 -0.003761
735.000000 9.604410 1.000884 0.330963 -0.003837
736.000000 9.627182 1.000902 0.330096 -0.003914
737.000000 9.649875 1.000920 0.329235 -0.003991
738.000000 9.672486 1.000938 0.328379 -0.004069
739.000000 9.695013 1.000956 0.327529 -0.004148
740.000000 9.717453 1.000974 0.326684 -0.004227
741.000000 9.739805 1.000992 0.325844 -0.004307
742.000000 9.762067 1.001011 0.325010 -0.004387
743.000000 9.784237 1.001029 0.324181 -0.004467
744.000000 9.806312 1.001048 0.323359 -0.004548
745.000000 9.828291 1.001067 0.322541 -0.004630
746.000000 9.850173 1.001086 0.321730 -0.004712
747.000000 9.871955 1.001105 0.320924 -0.004795
748.000000 9.893637 1.001124 0.320124 -0.004878
749.000000 9.915216 1.001143 0.319330 -0.004962
750.000000 9.936692 1.001163 0.318541 -0.005046
751.000000 9.958062 1.001182 0.317758 -0.005131
752.000000 9.979327 1.001202 0.316981 -0.005216
753.000000 10.000483 1.001222 0.316210 -0.005301
754.000000 10.021532 1.001241 0.315445 -0.005387
755.000000 10.042470 1.001261 0.314685 -0.005473
756.000000 10.063298 1.001281 0.313932 -0.005560
757.000000 10.084014 1.001301 0.313184 -0.005647
758.000000 10.104618 1.001322 0.312442 -0.005735
759.000000 10.125107 1.001342 0.311706 -0.005823
760.000000 10.145483 1.001362 0.310975 -0.005911
761.000000 10.165744 1.001383 0.310251 -0.006000
762.000000 10.185888 1.001403 0.309532 -0.006089
763.000000 10.205916 1.001424 0.308819 -0.006179
764.000000 10.225827 1.001445 0.308112 -0.006269
765.000000 10.245620 1.001465 0.307411 -0.006359
766.000000 10.265295 1.001486 0.306715 -0.006449
767.000000 10.284851 1.001507 0.306025 -0.006540
768.000000 10.304288 1.001528 0.305341 -0.006631
769.000000 10.323604 1.001549 0.304663 -0.006723
770.000000 10.342801 1.001571 0.303990 -0.006815
771.000000 10.361876 1.001592 0.303324 -0.006907
772.000000 10.380831 1.001613 0.302662 -0.006999
773.000000 10.399664 1.001634 0.302007 -0.007092
774.000000 10.418375 1.001656 0.301357 -0.007185
775.000000 10.436965 1.001677 0.300713 -0.007278
776.000000 10.455432 1.001699 0.300074 -0.007371
777.000000 10.473777 1.001720 0.299441 -0.007465
778.000000 10.491999 1.001742 0.298813 -0.007559
779.000000 10.510098 1.001764 0.298191 -0.007653
780.000000 10.528074 1.001786 0.297575 -0.007747
781.000000 10.545927 1.001807 0.296964 -0.007842
782.000000 10.563657 1.001829 0.296358 -0.007936
783.000000 10.581263 1.001851 0.295758 -0.008031
784.000000 10.598745 1.001873 0.295164 -0.008126
785.000000 10.616104 1.001895 0.294574 -0.008222
786.000000 10.633340 1.001917 0.293990 -0.008317
787.000000 10.650452 1.001939 0.293412 -0.008413
788.000000 10.667440 1.001961 0.292838 -0.008508
789.000000 10.684304 1.001983 0.292270 -0.008604
790.000000 10.701045 1.002005 0.291708 -0.008700
791.000000 10.717662 1.002028 0.291150 -0.008796
792.000000 10.734155 1.002050 0.290598 -0.008892
793.000000 10.750525 1.002072 0.290051 -0.008989
794.000000 10.766771 1.002094 0.289509 -0.009085
795.000000 10.782893 1.002117 0.288972 -0.009182
796.000000 10.798893 1.002139 0.288440 -0.009278
797.000000 10.814769 1.002161 0.287913 -0.009375
798.000000 10.830521 1.002183 0.287392 -0.009471
799.000000 10.846151 1.002206 0.286875 -0.009568
800.000000 10.861658 1.002228 0.286363 -0.009665
801.000000 10.877042 1.002250 0.285856 -0.009761
802.000000 10.892303 1.002273 0.285355 -0.009858
803.000000 10.907441 1.002295 0.284858 -0.009955
804.000000 10.922457 1.002317 0.284366 -0.010051
805.000000 10.937351 1.002340 0.283878 -0.010148
806.000000 10.952122 1.002362 0.283396 -0.010245
807.000000 10.966772 1.002384 0.282919 -0.010341
808.000000 10.981300 1.002406 0.282446 -0.010438
809.000000 10.995706 1.002429 0.281978 -0.010534
810.000000 11.009990 1.002451 0.281514 -0.010631
811.000000 11.024154 1.002473 0.281056 -0.010727
812.000000 11.038196 1.002496 0.280602 -0.010824
813.000000 11.052117 1.002518 0.280152 -0.010920
814.000000 11.065918 1.002540 0.279707 -0.011016
815.000000 11.079598 1.002562 0.279267 -0.011112
816.000000 11.093158 1.002584 0.278832 -0.011208
817.000000 11.106597 1.002606 0.278401 -0.011304
818.000000 11.119917 1.002628 0.277974 -0.011399
819.000000 11.133117 1.002650 0.277552 -0.011495
820.000000 11.146197 1.002672 0.277134 -0.011590
821.000000 11.159158 1.002694 0.276721 -0.011685
822.000000 11.172000 1.002716 0.276312 -0.011780
823.000000 11.184724 1.002738 0.275908 -0.011875
824.000000 11.197328 1.002760 0.275508 -0.011970
825.000000 11.209814 1.002782 0.275112 -0.012064
826.000000 11.222182 1.002804 0.274720 -0.012159
827.000000 11.234432 1.002825 0.274333 -0.012253
828.000000 11.246564 1.002847 0.273950 -0.012346
829.000000 11.258578 1.002869 0.273572 -0.012440
830.000000 11.270475 1.002890 0.273197 -0.012533
831.000000 11.282255 1.002912 0.272827 -0.012626
832.000000 11.293918 1.002933 0.272461 -0.012719
833.000000 11.305464 1.002955 0.272099 -0.012812
834.000000 11.316894 1.002976 0.271741 -0.012904
835.000000 11.328207 1.002997 0.271387 -0.012996
836.000000 11.339405 1.003018 0.271038 -0.013088
837.000000 11.350486 1.003039 0.270692 -0.013179
838.000000 11.361452 1.003060 0.270351 -0.013270
839.000000 11.372302 1.003081 0.270013 -0.013361
840.000000 11.383037 1.003102 0.269680 -0.013451
841.000000 11.393657 1.003123 0.269350 -0.013541
842.000000 11.404163 1.003144 0.269025 -0.013631
843.000000 11.414553 1.003164 0.268703 -0.013720
844.000000 11.424830 1.003185 0.268385 -0.013809
845.000000 11.434992 1.003205 0.268071 -0.013898
846.000000 11.445040 1.003226 0.267761 -0.013986
847.000000 11.454974 1.003246 0.267455 -0.014074
848.000000 11.464795 1.003266 0.267153 -0.014161
849.000000 11.474502 1.003286 0.266855 -0.014248
850.000000 11.484096 1.003306 0.266560 -0.014335
851.000000 11.493577 1.003326 0.266269 -0.014421
852.000000 11.502946 1.003346 0.265982 -0.014507
853.000000 11.512201 1.003366 0.265699 -0.014592
854.000000 11.521344 1.003385 0.265419 -0.014677
855.000000 11.530375 1.003405 0.265144 -0.014761
856.000000 11.539294 1.003424 0.264872 -0.014845
857.000000 11.548101 1.003444 0.264603 -0.014929
858.000000 11.556796 1.003463 0.264338 -0.015012
859.000000 11.565379 1.003482 0.264077 -0.015094
860.000000 11.573852 1.003501 0.263820 -0.015176
861.000000 11.582213 1.003520 0.263566 -0.015258
862.000000 11.590462 1.003538 0.263316 -0.015339
863.000000 11.598601 1.003557 0.263069 -0.015419
864.000000 11.606630 1.003575 0.262826 -0.015499
865.000000 11.614547 1.003594 0.262587 -0.015579
866.000000 11.622355 1.003612 0.262351 -0.015657
867.000000 11.630052 1.003630 0.262118 -0.015736
868.000000 11.637638 1.003648 0.261889 -0.015813
869.000000 11.645115 1.003666 0.261664 -0.015891
870.000000 11.652482 1.003684 0.261442 -0.015967
871.000000 11.659740 1.003701 0.261224 -0.016043
872.000000 11.666887 1.003719 0.261009 -0.016119
873.000000 11.673926 1.003736 0.260798 -0.016194
874.000000 11.680854 1.003753 0.260590 -0.016268
875.000000 11.687674 1.003770 0.260385 -0.016342
876.000000 11.694385 1.003787 0.260184 -0.016415
877.000000 11.700987 1.003804 0.259986 -0.016487
878.000000 11.707480 1.003820 0.259792 -0.016559
879.000000 11.713864 1.003837 0.259601 -0.016630
880.000000 11.720140 1.003853 0.259414 -0.016700
881.000000 11.726307 1.003869 0.259230 -0.016770
882.000000 11.732366 1.003885 0.259049 -0.016839
883.000000 11.738316 1.003901 0.258871 -0.016908
884.000000 11.744158 1.003917 0.258697 -0.016976
885.000000 11.749892 1.003932 0.258527 -0.017043
886.000000 11.755519 1.003948 0.258359 -0.017110
887.000000 11.761037 1.003963 0.258195 -0.017175
888.000000 11.766447 1.003978 0.258034 -0.017240
889.000000 11.771750 1.003993 0.257877 -0.017305
890.000000 11.776945 1.004007 0.257723 -0.017369
891.000000 11.782032 1.004022 0.257572 -0.017432
892.000000 11.787012 1.004036 0.257424 -0.017494
893.000000 11.791884 1.004051 0.257280 -0.017555
894.000000 11.796648 1.004065 0.257139 -0.017616
895.000000 11.801306 1.004079 0.257001 -0.017676
896.000000 11.805856 1.004092 0.256866 -0.017736
897.000000 11.810298 1.004106 0.256735 -0.017794
898.000000 11.814634 1.004119 0.256607 -0.017852
899.000000 11.818862 1.004132 0.256482 -0.017909
900.000000 11.822983 1.004145 0.256360 -0.017966
901.000000 11.826997 1.004158 0.256242 -0.018021
902.000000 11.830904 1.004171 0.256127 -0.018076
903.000000 11.834704 1.004183 0.256015 -0.018130
904.000000 11.838397 1.004196 0.255906 -0.018183
905.000000 11.841982 1.004208 0.255800 -0.018236
906.000000 11.845461 1.004220 0.255698 -0.018287
907.000000 11.848832 1.004232 0.255599 -0.018338
908.000000 11.852097 1.004243 0.255502 -0.018388
909.000000 11.855255 1.004255 0.255410 -0.018437
910.000000 11.858305 1.004266 0.255320 -0.018486
911.000000 11.861249 1.004277 0.255233 -0.018533
912.000000 11.864085 1.004288 0.255150 -0.018580
913.000000 11.866814 1.004298 0.255070 -0.018626
914.000000 11.869437 1.004309 0.254993 -0.018671
915.000000 11.871952 1.004319 0.254919 -0.018716
916.000000 11.874360 1.004329 0.254848 -0.018759
917.000000 11.876661 1.004339 0.254781 -0.018802
918.000000 11.878855 1.004348 0.254717 -0.018843
919.000000 11.880941 1.004358 0.254655 -0.018884
920.000000 11.882920 1.004367 0.254597 -0.018924
921.000000 11.884792 1.004376 0.254543 -0.018963
922.000000 11.886556 1.004385 0.254491 -0.019002
923.000000 11.888213 1.004394 0.254442 -0.019039
924.000000 11.889763 1.004402 0.254397 -0.019076
925.000000 11.891204 1.004410 0.254355 -0.019111
926.000000 11.892539 1.004418 0.254316 -0.019146
927.000000 11.893765 1.004426 0.254280 -0.019180
928.000000 11.894883 1.004434 0.254247 -0.019213
929.000000 11.895894 1.004441 0.254217 -0.019245
930.000000 11.896797 1.004449 0.254191 -0.019277
931.000000 11.897591 1.004456 0.254168 -0.019307
932.000000 11.898277 1.004462 0.254148 -0.019337
933.000000 11.898855 1.004469 0.254131 -0.019365
934.000000 11.899325 1.004476 0.254117 -0.019393
935.000000 11.899686 1.004482 0.254106 -0.019420
936.000000 11.899938 1.004488 0.254099 -0.019445
937.000000 11.900082 1.004493 0.254095 -0.019470
938.000000 11.900116 1.004499 0.254094 -0.019494
939.000000 11.900042 1.004504 0.254096 -0.019518
940.000000 11.899858 1.004510 0.254101 -0.019540
941.000000 11.899565 1.004514 0.254110 -0.019561
942.000000 11.899163 1.004519 0.254122 -0.019581
943.000000 11.898651 1.004524 0.254137 -0.019601
944.000000 11.898029 1.004528 0.254155 -0.019619
945.000000 11.897297 1.004532 0.254176 -0.019637
946.000000 11.896455 1.004536 0.254201 -0.019654
947.000000 11.895503 1.004540 0.254229 -0.019670
948.000000 11.894440 1.004543 0.254260 -0.019684
949.000000 11.893266 1.004546 0.254294 -0.019698
950.000000 11.891982 1.004549 0.254332 -0.019711
951.000000 11.890586 1.004552 0.254373 -0.019723
952.000000 11.889080 1.004554 0.254417 -0.019734
953.000000 11.887461 1.004557 0.254464 -0.019744
954.000000 11.885731 1.004559 0.254515 -0.019754
955.000000 11.883889 1.004561 0.254569 -0.019762
956.000000 11.881935 1.004563 0.254626 -0.019769
957.000000 11.879869 1.004564 0.254687 -0.019776
958.000000 11.877690 1.004565 0.254751 -0.019781
959.000000 11.875398 1.004566 0.254818 -0.019786
960.000000 11.872993 1.004567 0.254889 -0.019789
961.000000 11.870474 1.004568 0.254962 -0.019792
962.000000 11.867842 1.004568 0.255040 -0.019793
963.000000 11.865096 1.004568 0.255120 -0.019794
964.000000 11.862236 1.004568 0.255204 -0.019794
965.000000 11.859261 1.004568 0.255292 -0.019793
966.000000 11.856172 1.004568 0.255383 -0.019791
967.000000 11.852967 1.004567 0.255477 -0.019788
968.000000 11.849647 1.004566 0.255575 -0.019784
969.000000 11.846212 1.004565 0.255676 -0.019779
970.000000 11.842660 1.004563 0.255780 -0.019773
971.000000 11.838993 1.004562 0.255888 -0.019766
972.000000 11.835209 1.004560 0.256000 -0.019758
973.000000 11.831307 1.004558 0.256115 -0.019750
974.000000 11.827289 1.004556 0.256233 -0.019740
975.000000 11.823153 1.004553 0.256355 -0.019730
976.000000 11.818899 1.004551 0.256481 -0.019718
977.000000 11.814526 1.004548 0.256610 -0.019706
978.000000 11.810035 1.004545 0.256743 -0.019692
979.000000 11.805425 1.004541 0.256879 -0.019678
980.000000 11.800695 1.004538 0.257019 -0.019663
981.000000 11.795846 1.004534 0.257163 -0.019647
982.000000 11.790876 1.004530 0.257310 -0.019630
983.000000 11.785786 1.004526 0.257461 -0.019612
984.000000 11.780574 1.004522 0.257615 -0.019593
985.000000 11.775241 1.004517 0.257773 -0.019573
986.000000 11.769786 1.004512 0.257935 -0.019552
987.000000 11.764209 1.004507 0.258101 -0.019530
988.000000 11.758509 1.004502 0.258270 -0.019508
989.000000 11.752686 1.004497 0.258444 -0.019484
990.000000 11.746739 1.004491 0.258621 -0.019460
991.000000 11.740668 1.004485 0.258801 -0.019434
992.000000 11.734473 1.004479 0.258986 -0.019408
993.000000 11.728152 1.004473 0.259175 -0.019381
994.000000 11.721706 1.004466 0.259367 -0.019353
995.000000 11.715133 1.004460 0.259563 -0.019324
996.000000 11.708434 1.004453 0.259764 -0.019294
997.000000 11.701608 1.004446 0.259968 -0.019263
998.000000 11.694654 1.004438 0.260176 -0.019232
999.000000 11.687572 1.004431 0.260388 -0.019199
1000.000000 11.680361 1.004423 0.260605 -0.019166
1001.000000 11.673021 1.004415 0.260825 -0.019131
1002.000000 11.665551 1.004407 0.261049 -0.019096
1003.000000 11.657951 1.004399 0.261278 -0.019060
1004.000000 11.650219 1.004390 0.261510 -0.019023
1005.000000 11.642356 1.004381 0.261747 -0.018985
1006.000000 11.634361 1.004372 0.261988 -0.018947
1007.000000 11.626233 1.004363 0.262234 -0.018907
1008.000000 11.617971 1.004354 0.262483 -0.018867
1009.000000 11.609575 1.004344 0.262737 -0.018825
1010.000000 11.601045 1.004335 0.262995 -0.018783
1011.000000 11.592379 1.004325 0.263258 -0.018740
1012.000000 11.583577 1.004314 0.263525 -0.018697
1013.000000 11.574639 1.004304 0.263796 -0.018652
1014.000000 11.565563 1.004294 0.264072 -0.018607
1015.000000 11.556349 1.004283 0.264352 -0.018560
1016.000000 11.546996 1.004272 0.264637 -0.018513
1017.000000 11.537503 1.004261 0.264926 -0.018465
1018.000000 11.527871 1.004250 0.265220 -0.018416
1019.000000 11.518097 1.004238 0.265519 -0.018367
1020.000000 11.508181 1.004227 0.265822 -0.018316
1021.000000 11.498123 1.004215 0.266130 -0.018265
1022.000000 11.487922 1.004203 0.266443 -0.018213
1023.000000 11.477576 1.004191 0.266760 -0.018160
1024.000000 11.467085 1.004178 0.267083 -0.018107
1025.000000 11.456449 1.004166 0.267410 -0.018053
1026.000000 11.445666 1.004153 0.267742 -0.017997
1027.000000 11.434736 1.004140 0.268079 -0.017942
1028.000000 11.423657 1.004127 0.268421 -0.017885
1029.000000 11.412429 1.004114 0.268769 -0.017827
1030.000000 11.401051 1.004100 0.269121 -0.017769
1031.000000 11.389522 1.004086 0.269478 -0.017710
1032.000000 11.377842 1.004073 0.269841 -0.017651
1033.000000 11.366008 1.004059 0.270209 -0.017590
1034.000000 11.354021 1.004045 0.270582 -0.017529
1035.000000 11.341879 1.004030 0.270961 -0.017467
1036.000000 11.329581 1.004016 0.271344 -0.017405
1037.000000 11.317127 1.004001 0.271734 -0.017341
1038.000000 11.304515 1.003986 0.272129 -0.017277
1039.000000 11.291744 1.003971 0.272529 -0.017213
1040.000000 11.278814 1.003956 0.272935 -0.017147
1041.000000 11.265722 1.003941 0.273347 -0.017081
1042.000000 11.252469 1.003926 0.273764 -0.017014
1043.000000 11.239053 1.003910 0.274187 -0.016947
1044.000000 11.225473 1.003894 0.274616 -0.016879
1045.000000 11.211728 1.003878 0.275051 -0.016810
1046.000000 11.197816 1.003862 0.275492 -0.016740
1047.000000 11.183737 1.003846 0.275939 -0.016670
1048.000000 11.169490 1.003830 0.276392 -0.016599
1049.000000 11.155072 1.003813 0.276851 -0.016528
1050.000000 11.140483 1.003796 0.277317 -0.016456
1051.000000 11.125723 1.003780 0.277788 -0.016383
1052.000000 11.110788 1.003763 0.278266 -0.016310
1053.000000 11.095679 1.003746 0.278751 -0.016236
1054.000000 11.080394 1.003728 0.279242 -0.016162
1055.000000 11.064931 1.003711 0.279739 -0.016086
1056.000000 11.049290 1.003694 0.280243 -0.016011
1057.000000 11.033468 1.003676 0.280754 -0.015935
1058.000000 11.017465 1.003658 0.281272 -0.015858
1059.000000 11.001280 1.003640 0.281797 -0.015780
1060.000000 10.984910 1.003622 0.282328 -0.015702
1061.000000 10.968354 1.003604 0.282867 -0.015624
1062.000000 10.951611 1.003586 0.283413 -0.015545
1063.000000 10.934680 1.003567 0.283966 -0.015465
1064.000000 10.917559 1.003549 0.284526 -0.015385
1065.000000 10.900245 1.003530 0.285094 -0.015304
1066.000000 10.882739 1.003512 0.285669 -0.015223
1067.000000 10.865038 1.003493 0.286252 -0.015141
1068.000000 10.847140 1.003474 0.286842 -0.015059
1069.000000 10.829045 1.003455 0.287440 -0.014976
1070.000000 10.810750 1.003435 0.288046 -0.014893
1071.000000 10.792253 1.003416 0.288660 -0.014809
1072.000000 10.773553 1.003397 0.289283 -0.014725
1073.000000 10.754649 1.003377 0.289913 -0.014641
1074.000000 10.735538 1.003357 0.290551 -0.014556
1075.000000 10.716219 1.003338 0.291198 -0.014470
1076.000000 10.696690 1.003318 0.291854 -0.014384
1077.000000 10.676948 1.003298 0.292518 -0.014298
1078.000000 10.656993 1.003278 0.293191 -0.014211
1079.000000 10.636822 1.003258 0.293872 -0.014124
1080.000000 10.616434 1.003237 0.294563 -0.014036
1081.000000 10.595826 1.003217 0.295263 -0.013948
1082.000000 10.574996 1.003197 0.295972 -0.013860
1083.000000 10.553943 1.003176 0.296690 -0.013771
1084.000000 10.532663 1.003156 0.297418 -0.013682
1085.000000 10.511157 1.003135 0.298155 -0.013593
1086.000000 10.489420 1.003114 0.298902 -0.013503
1087.000000 10.467451 1.003093 0.299659 -0.013412
1088.000000 10.445248 1.003072 0.300426 -0.013322
1089.000000 10.422809 1.003051 0.301203 -0.013231
1090.000000 10.400131 1.003030 0.301991 -0.013140
1091.000000 10.377212 1.003009 0.302789 -0.013048
1092.000000 10.354050 1.002988 0.303597 -0.012957
1093.000000 10.330642 1.002967 0.304416 -0.012865
1094.000000 10.306986 1.002945 0.305246 -0.012772
1095.000000 10.283080 1.002924 0.306088 -0.012680
1096.000000 10.258921 1.002903 0.306940 -0.012587
1097.000000 10.234506 1.002881 0.307804 -0.012493
1098.000000 10.209833 1.002859 0.308680 -0.012400
1099.000000 10.184900 1.002838 0.309567 -0.012306
1100.000000 10.159704 1.002816 0.310467 -0.012213
1101.000000 10.134242 1.002794 0.311378 -0.012118
1102.000000 10.108511 1.002773 0.312302 -0.012024
1103.000000 10.082509 1.002751 0.313238 -0.011930
1104.000000 10.056233 1.002729 0.314187 -0.011835
1105.000000 10.029680 1.002707 0.315149 -0.011740
1106.000000 10.002847 1.002685 0.316124 -0.011645
1107.000000 9.975731 1.002663 0.317113 -0.011550
1108.000000 9.948330 1.002641 0.318115 -0.011454
1109.000000 9.920640 1.002619 0.319130 -0.011359
1110.000000 9.892659 1.002597 0.320160 -0.011263
1111.000000 9.864382 1.002575 0.321204 -0.011167
1112.000000 9.835808 1.002553 0.322262 -0.011071
1113.000000 9.806932 1.002530 0.323335 -0.010975
1114.000000 9.777753 1.002508 0.324424 -0.010879
1115.000000 9.748265 1.002486 0.325527 -0.010783
1116.000000 9.718466 1.002464 0.326645 -0.010686
1117.000000 9.688354 1.002442 0.327780 -0.010590
1118.000000 9.657923 1.002419 0.328930 -0.010493
1119.000000 9.627171 1.002397 0.330097 -0.010397
1120.000000 9.596094 1.002375 0.331280 -0.010300
1121.000000 9.564688 1.002352 0.332480 -0.010204
1122.000000 9.532951 1.002330 0.333697 -0.010107
1123.000000 9.500878 1.002308 0.334932 -0.010010
1124.000000 9.468465 1.002285 0.336184 -0.009913
1125.000000 9.435710 1.002263 0.337454 -0.009817
1126.000000 9.402607 1.002241 0.338742 -0.009720
1127.000000 9.369153 1.002218 0.340050 -0.009623
1128.000000 9.335344 1.002196 0.341376 -0.009527
1129.000000 9.301176 1.002174 0.342721 -0.009430
1130.000000 9.266645 1.002152 0.344087 -0.009333
1131.000000 9.231747 1.002129 0.345472 -0.009237
1132.000000 9.196478 1.002107 0.346877 -0.009140
1133.000000 9.160833 1.002085 0.348304 -0.009044
1134.000000 9.124809 1.002063 0.349751 -0.008948
1135.000000 9.088400 1.002040 0.351221 -0.008852
1136.000000 9.051603 1.002018 0.352712 -0.008755
1137.000000 9.014414 1.001996 0.354225 -0.008659
1138.000000 8.976826 1.001974 0.355761 -0.008563
1139.000000 8.938837 1.001952 0.357321 -0.008468
1140.000000 8.900442 1.001930 0.358904 -0.008372
1141.000000 8.861635 1.001908 0.360511 -0.008277
1142.000000 8.822412 1.001886 0.362142 -0.008181
1143.000000 8.782769 1.001864 0.363799 -0.008086
1144.000000 8.742700 1.001842 0.365481 -0.007991
1145.000000 8.702202 1.001820 0.367189 -0.007896
1146.000000 8.661268 1.001798 0.368924 -0.007802
1147.000000 8.619894 1.001776 0.370685 -0.007707
1148.000000 8.578075 1.001755 0.372474 -0.007613
1149.000000 8.535806 1.001733 0.374291 -0.007519
1150.000000 8.493082 1.001711 0.376137 -0.007425
1151.000000 8.449897 1.001690 0.378012 -0.007332
1152.000000 8.406247 1.001668 0.379916 -0.007238
1153.000000 8.362127 1.001647 0.381851 -0.007145
1154.000000 8.317530 1.001625 0.383816 -0.007052
1155.000000 8.272453 1.001604 0.385813 -0.006960
1156.000000 8.226889 1.001583 0.387843 -0.006868
1157.000000 8.180834 1.001562 0.389905 -0.006776
1158.000000 8.134281 1.001540 0.392000 -0.006684
1159.000000 8.087226 1.001519 0.394129 -0.006593
1160.000000 8.039663 1.001498 0.396293 -0.006502
1161.000000 7.991587 1.001477 0.398493 -0.006411
1162.000000 7.942992 1.001457 0.400729 -0.006320
1163.000000 7.893873 1.001436 0.403001 -0.006230
1164.000000 7.844225 1.001415 0.405311 -0.006141
1165.000000 7.794042 1.001395 0.407660 -0.006051
1166.000000 7.743318 1.001374 0.410047 -0.005962
1167.000000 7.692049 1.001354 0.412475 -0.005874
1168.000000 7.640229 1.001333 0.414943 -0.005786
1169.000000 7.587852 1.001313 0.417453 -0.005698
1170.000000 7.534913 1.001293 0.420005 -0.005610
1171.000000 7.481408 1.001273 0.422600 -0.005523
1172.000000 7.427330 1.001253 0.425239 -0.005437
1173.000000 7.372675 1.001233 0.427924 -0.005351
1174.000000 7.317437 1.001213 0.430654 -0.005265
1175.000000 7.261611 1.001194 0.433430 -0.005180
1176.000000 7.205194 1.001174 0.436255 -0.005095
1177.000000 7.148178 1.001155 0.439128 -0.005010
1178.000000 7.090561 1.001135 0.442051 -0.004926
1179.000000 7.032337 1.001116 0.445024 -0.004843
1180.000000 6.973502 1.001097 0.448048 -0.004760
1181.000000 6.914051 1.001078 0.451126 -0.004678
1182.000000 6.853980 1.001059 0.454256 -0.004596
1183.000000 6.793286 1.001040 0.457442 -0.004514
1184.000000 6.731964 1.001021 0.460683 -0.004433
1185.000000 6.670011 1.001003 0.463980 -0.004353
1186.000000 6.607424 1.000985 0.467336 -0.004273
1187.000000 6.544198 1.000966 0.470750 -0.004194
1188.000000 6.480332 1.000948 0.474224 -0.004115
1189.000000 6.415822 1.000930 0.477759 -0.004036
1190.000000 6.350667 1.000912 0.481356 -0.003959
1191.000000 6.284864 1.000894 0.485017 -0.003882
1192.000000 6.218412 1.000877 0.488742 -0.003805
1193.000000 6.151309 1.000859 0.492532 -0.003729
1194.000000 6.083554 1.000842 0.496389 -0.003654
1195.000000 6.015148 1.000825 0.500314 -0.003579
1196.000000 5.946089 1.000807 0.504308 -0.003505
1197.000000 5.876378 1.000791 0.508371 -0.003431
1198.000000 5.806017 1.000774 0.512506 -0.003358
1199.000000 5.735006 1.000757 0.516713 -0.003286
1200.000000 5.663347 1.000740 0.520994 -0.003214
1201.000000 5.591044 1.000724 0.525349 -0.003143
1202.000000 5.518098 1.000708 0.529779 -0.003073
1203.000000 5.444515 1.000692 0.534287 -0.003003
1204.000000 5.370299 1.000676 0.538871 -0.002934
1205.000000 5.295454 1.000660 0.543535 -0.002865
1206.000000 5.219987 1.000644 0.548278 -0.002797
1207.000000 5.143905 1.000629 0.553101 -0.002730
1208.000000 5.067216 1.000614 0.558006 -0.002664
1209.000000 4.989927 1.000599 0.562994 -0.002598
1210.000000 4.912048 1.000584 0.568064 -0.002533
1211.000000 4.833591 1.000569 0.573219 -0.002469
1212.000000 4.754566 1.000554 0.578458 -0.002405
1213.000000 4.674985 1.000540 0.583782 -0.002342
1214.000000 4.594863 1.000525 0.589192 -0.002280
1215.000000 4.514214 1.000511 0.594688 -0.002219
1216.000000 4.433053 1.000497 0.600271 -0.002158
1217.000000 4.351399 1.000483 0.605941 -0.002098
1218.000000 4.269269 1.000470 0.611697 -0.002039
1219.000000 4.186683 1.000456 0.617541 -0.001980
1220.000000 4.103662 1.000443 0.623472 -0.001923
1221.000000 4.020228 1.000430 0.629490 -0.001866
1222.000000 3.936406 1.000417 0.635594 -0.001809
1223.000000 3.852220 1.000404 0.641784 -0.001754
1224.000000 3.767698 1.000392 0.648060 -0.001699
1225.000000 3.682867 1.000379 0.654420 -0.001646
1226.000000 3.597758 1.000367 0.660864 -0.001593
1227.000000 3.512403 1.000355 0.667390 -0.001540
1228.000000 3.426834 1.000343 0.673997 -0.001489
1229.000000 3.341087 1.000331 0.680684 -0.001438
1230.000000 3.255199 1.000320 0.687448 -0.001388
1231.000000 3.169206 1.000309 0.694288 -0.001339
1232.000000 3.083151 1.000297 0.701201 -0.001291
1233.000000 2.997075 1.000287 0.708184 -0.001244
1234.000000 2.911020 1.000276 0.715235 -0.001197
1235.000000 2.825034 1.000265 0.722351 -0.001151
1236.000000 2.739163 1.000255 0.729528 -0.001106
1237.000000 2.653457 1.000245 0.736762 -0.001062
1238.000000 2.567966 1.000235 0.744049 -0.001019
1239.000000 2.482743 1.000225 0.751386 -0.000977
1240.000000 2.397843 1.000216 0.758766 -0.000935
1241.000000 2.313322 1.000206 0.766185 -0.000895
1242.000000 2.229237 1.000197 0.773639 -0.000855
1243.000000 2.145649 1.000188 0.781120 -0.000816
1244.000000 2.062619 1.000179 0.788622 -0.000778
1245.000000 1.980209 1.000171 0.796140 -0.000741
1246.000000 1.898485 1.000162 0.803666 -0.000704
1247.000000 1.817512 1.000154 0.811193 -0.000669
1248.000000 1.737357 1.000146 0.818714 -0.000634
1249.000000 1.658089 1.000138 0.826220 -0.000601
1250.000000 1.579778 1.000131 0.833702 -0.000568
1251.000000 1.502495 1.000124 0.841153 -0.000536
1252.000000 1.426313 1.000116 0.848564 -0.000505
1253.000000 1.351304 1.000110 0.855923 -0.000475
1254.000000 1.277541 1.000103 0.863223 -0.000446
1255.000000 1.205101 1.000096 0.870452 -0.000417
1256.000000 1.134058 1.000090 0.877601 -0.000390
1257.000000 1.064487 1.000084 0.884658 -0.000364
1258.000000 0.996465 1.000078 0.891614 -0.000338
1259.000000 0.930067 1.000072 0.898456 -0.000313
1260.000000 0.865370 1.000067 0.905173 -0.000290
1261.000000 0.802449 1.000062 0.911754 -0.000267
1262.000000 0.741380 1.000057 0.918187 -0.000245
1263.000000 0.682238 1.000052 0.924460 -0.000224
1264.000000 0.625097 1.000047 0.930562 -0.000204
1265.000000 0.570031 1.000043 0.936480 -0.000185
1266.000000 0.517111 1.000039 0.942203 -0.000167
1267.000000 0.466408 1.000035 0.947719 -0.000149
1268.000000 0.417992 1.000031 0.953016 -0.000133
1269.000000 0.371931 1.000027 0.958084 -0.000118
1270.000000 0.328289 1.000024 0.962910 -0.000103
1271.000000 0.287132 1.000021 0.967483 -0.000090
1272.000000 0.248520 1.000018 0.971793 -0.000077
1273.000000 0.212513 1.000015 0.975830 -0.000066
1274.000000 0.179165 1.000013 0.979584 -0.000055
1275.000000 0.148531 1.000011 0.983045 -0.000045
1276.000000 0.120660 1.000009 0.986205 -0.000036
1277.000000 0.095600 1.000007 0.989054 -0.000029
1278.000000 0.073392 1.000005 0.991586 -0.000022
1279.000000 0.054077 1.000004 0.993793 -0.000016
1280.000000 0.037691 1.000003 0.995670 -0.000011
1281.000000 0.024264 1.000002 0.997210 -0.000007
1282.000000 0.013825 1.000001 0.998410 -0.000003
1283.000000 0.006396 1.000000 0.999264 -0.000001
1284.000000 0.001995 1.000000 0.999770 -0.000000
1285.000000 0.000637 1.000000 0.999927 0.000000
1286.000000 0.002331 1.000000 0.999732 -0.000000
1287.000000 0.007081 1.000001 0.999185 -0.000002
1288.000000 0.014887 1.000001 0.998287 -0.000005
1289.000000 0.025744 1.000002 0.997041 -0.000008
1290.000000 0.039640 1.000003 0.995447 -0.000013
1291.000000 0.056562 1.000004 0.993509 -0.000018
1292.000000 0.076487 1.000006 0.991233 -0.000024
1293.000000 0.099393 1.000007 0.988622 -0.000032
1294.000000 0.125247 1.000009 0.985684 -0.000040
1295.000000 0.154016 1.000011 0.982424 -0.000049
1296.000000 0.185660 1.000014 0.978852 -0.000059
1297.000000 0.220135 1.000016 0.974974 -0.000070
1298.000000 0.257392 1.000019 0.970801 -0.000082
1299.000000 0.297378 1.000022 0.966343 -0.000095
1300.000000 0.340036 1.000025 0.961608 -0.000109
1301.000000 0.385306 1.000029 0.956609 -0.000124
1302.000000 0.433123 1.000032 0.951358 -0.000140
1303.000000 0.483419 1.000036 0.945865 -0.000156
1304.000000 0.536123 1.000040 0.940143 -0.000174
1305.000000 0.591161 1.000044 0.934205 -0.000192
1306.000000 0.648456 1.000049 0.928062 -0.000212
1307.000000 0.707930 1.000054 0.921730 -0.000232
1308.000000 0.769501 1.000059 0.915219 -0.000254
1309.000000 0.833086 1.000064 0.908543 -0.000276
1310.000000 0.898603 1.000069 0.901716 -0.000299
1311.000000 0.965965 1.000075 0.894750 -0.000323
1312.000000 1.035086 1.000080 0.887658 -0.000348
1313.000000 1.105881 1.000086 0.880453 -0.000374
1314.000000 1.178261 1.000092 0.873146 -0.000401
1315.000000 1.252141 1.000099 0.865751 -0.000429
1316.000000 1.327435 1.000105 0.858279 -0.000457
1317.000000 1.404055 1.000112 0.850741 -0.000487
1318.000000 1.481917 1.000119 0.843149 -0.000517
1319.000000 1.560937 1.000126 0.835513 -0.000549
1320.000000 1.641032 1.000134 0.827844 -0.000581
1321.000000 1.722121 1.000142 0.820151 -0.000614
1322.000000 1.804123 1.000149 0.812445 -0.000648
1323.000000 1.886961 1.000157 0.804733 -0.000683
1324.000000 1.970558 1.000166 0.797025 -0.000719
1325.000000 2.054839 1.000174 0.789329 -0.000755
1326.000000 2.139732 1.000183 0.781652 -0.000793
1327.000000 2.225168 1.000192 0.774001 -0.000831
1328.000000 2.311077 1.000201 0.766384 -0.000871
1329.000000 2.397394 1.000210 0.758805 -0.000911
1330.000000 2.484056 1.000219 0.751272 -0.000952
1331.000000 2.571001 1.000229 0.743789 -0.000994
1332.000000 2.658170 1.000239 0.736362 -0.001036
1333.000000 2.745507 1.000249 0.728995 -0.001080
1334.000000 2.832958 1.000259 0.721692 -0.001124
1335.000000 2.920471 1.000269 0.714458 -0.001169
1336.000000 3.007995 1.000280 0.707294 -0.001215
1337.000000 3.095484 1.000291 0.700206 -0.001262
1338.000000 3.182893 1.000302 0.693195 -0.001310
1339.000000 3.270178 1.000313 0.686264 -0.001359
1340.000000 3.357299 1.000324 0.679415 -0.001408
1341.000000 3.444217 1.000336 0.672650 -0.001458
1342.000000 3.530895 1.000348 0.665971 -0.001509
1343.000000 3.617298 1.000360 0.659379 -0.001561
1344.000000 3.703395 1.000372 0.652875 -0.001614
1345.000000 3.789153 1.000384 0.646461 -0.001667
1346.000000 3.874545 1.000397 0.640137 -0.001721
1347.000000 3.959542 1.000409 0.633903 -0.001776
1348.000000 4.044119 1.000422 0.627761 -0.001832
1349.000000 4.128253 1.000435 0.621709 -0.001888
1350.000000 4.211920 1.000448 0.615749 -0.001946
1351.000000 4.295100 1.000462 0.609881 -0.002004
1352.000000 4.377774 1.000475 0.604103 -0.002062
1353.000000 4.459924 1.000489 0.598417 -0.002122
1354.000000 4.541532 1.000503 0.592821 -0.002182
1355.000000 4.622585 1.000517 0.587315 -0.002243
1356.000000 4.703068 1.000531 0.581898 -0.002305
1357.000000 4.782967 1.000545 0.576569 -0.002367
1358.000000 4.862272 1.000560 0.571329 -0.002431
1359.000000 4.940971 1.000575 0.566176 -0.002494
1360.000000 5.019055 1.000590 0.561109 -0.002559
1361.000000 5.096515 1.000605 0.556127 -0.002624
1362.000000 5.173344 1.000620 0.551230 -0.002690
1363.000000 5.249534 1.000635 0.546416 -0.002757
1364.000000 5.325081 1.000651 0.541684 -0.002824
1365.000000 5.399977 1.000666 0.537033 -0.002892
1366.000000 5.474220 1.000682 0.532462 -0.002961
1367.000000 5.547805 1.000698 0.527971 -0.003031
1368.000000 5.620729 1.000714 0.523556 -0.003101
1369.000000 5.692990 1.000731 0.519219 -0.003171
1370.000000 5.764586 1.000747 0.514957 -0.003243
1371.000000 5.835516 1.000764 0.510769 -0.003315
1372.000000 5.905779 1.000780 0.506654 -0.003387
1373.000000 5.975375 1.000797 0.502610 -0.003460
1374.000000 6.044304 1.000814 0.498637 -0.003534
1375.000000 6.112566 1.000831 0.494734 -0.003609
1376.000000 6.180164 1.000849 0.490899 -0.003684
1377.000000 6.247098 1.000866 0.487130 -0.003759
1378.000000 6.313371 1.000884 0.483428 -0.003836
1379.000000 6.378984 1.000901 0.479790 -0.003912
1380.000000 6.443940 1.000919 0.476215 -0.003990
1381.000000 6.508243 1.000937 0.472702 -0.004068
1382.000000 6.571894 1.000955 0.469251 -0.004146
1383.000000 6.634898 1.000974 0.465860 -0.004225
1384.000000 6.697258 1.000992 0.462527 -0.004305
1385.000000 6.758977 1.001010 0.459252 -0.004385
1386.000000 6.820061 1.001029 0.456034 -0.004465
1387.000000 6.880512 1.001048 0.452871 -0.004547
1388.000000 6.940336 1.001066 0.449762 -0.004628
1389.000000 6.999537 1.001085 0.446707 -0.004710
1390.000000 7.058120 1.001104 0.443705 -0.004793
1391.000000 7.116089 1.001124 0.440753 -0.004876
1392.000000 7.173449 1.001143 0.437852 -0.004960
1393.000000 7.230206 1.001162 0.435000 -0.005044
1394.000000 7.286364 1.001182 0.432197 -0.005129
1395.000000 7.341929 1.001201 0.429441 -0.005214
1396.000000 7.396906 1.001221 0.426732 -0.005299
1397.000000 7.451300 1.001241 0.424068 -0.005385
1398.000000 7.505116 1.001261 0.421448 -0.005471
1399.000000 7.558361 1.001281 0.418873 -0.005558
1400.000000 7.611038 1.001301 0.416340 -0.005645
1401.000000 7.663155 1.001321 0.413849 -0.005733
1402.000000 7.714717 1.001341 0.411400 -0.005821
1403.000000 7.765728 1.001362 0.408991 -0.005909
1404.000000 7.816195 1.001382 0.406621 -0.005998
1405.000000 7.866123 1.001403 0.404291 -0.006087
1406.000000 7.915517 1.001423 0.401998 -0.006177
1407.000000 7.964384 1.001444 0.399743 -0.006266
1408.000000 8.012728 1.001465 0.397524 -0.006357
1409.000000 8.060556 1.001486 0.395341 -0.006447
1410.000000 8.107873 1.001507 0.393194 -0.006538
1411.000000 8.154683 1.001528 0.391080 -0.006629
1412.000000 8.200994 1.001549 0.389001 -0.006721
1413.000000 8.246809 1.001570 0.386954 -0.006812
1414.000000 8.292135 1.001591 0.384940 -0.006904
1415.000000 8.336977 1.001613 0.382958 -0.006997
1416.000000 8.381341 1.001634 0.381007 -0.007089
1417.000000 8.425230 1.001655 0.379087 -0.007182
1418.000000 8.468652 1.001677 0.377196 -0.007275
1419.000000 8.511611 1.001698 0.375335 -0.007369
1420.000000 8.554112 1.001720 0.373503 -0.007463
1421.000000 8.596160 1.001742 0.371700 -0.007556
1422.000000 8.637761 1.001763 0.369924 -0.007651
1423.000000 8.678919 1.001785 0.368175 -0.007745
1424.000000 8.719640 1.001807 0.366453 -0.007839
1425.000000 8.759928 1.001829 0.364757 -0.007934
1426.000000 8.799788 1.001851 0.363087 -0.008029
1427.000000 8.839226 1.001873 0.361442 -0.008124
1428.000000 8.878245 1.001895 0.359822 -0.008219
1429.000000 8.916852 1.001917 0.358226 -0.008315
1430.000000 8.955049 1.001939 0.356654 -0.008410
1431.000000 8.992843 1.001961 0.355106 -0.008506
1432.000000 9.030237 1.001983 0.353580 -0.008602
1433.000000 9.067236 1.002005 0.352077 -0.008698
1434.000000 9.103845 1.002027 0.350597 -0.008794
1435.000000 9.140068 1.002049 0.349138 -0.008890
1436.000000 9.175909 1.002071 0.347700 -0.008986
1437.000000 9.211373 1.002094 0.346283 -0.009083
1438.000000 9.246463 1.002116 0.344887 -0.009179
1439.000000 9.281185 1.002138 0.343511 -0.009276
1440.000000 9.315542 1.002161 0.342155 -0.009372
1441.000000 9.349538 1.002183 0.340818 -0.009469
1442.000000 9.383177 1.002205 0.339501 -0.009565
1443.000000 9.416464 1.002227 0.338203 -0.009662
1444.000000 9.449402 1.002250 0.336922 -0.009759
1445.000000 9.481995 1.002272 0.335661 -0.009855
1446.000000 9.514246 1.002294 0.334416 -0.009952
1447.000000 9.546161 1.002317 0.333190 -0.010049
1448.000000 9.577742 1.002339 0.331981 -0.010146
1449.000000 9.608992 1.002361 0.330788 -0.010242
1450.000000 9.639917 1.002384 0.329613 -0.010339
1451.000000 9.670518 1.002406 0.328454 -0.010435
1452.000000 9.700801 1.002428 0.327311 -0.010532
1453.000000 9.730767 1.002450 0.326183 -0.010628
1454.000000 9.760421 1.002473 0.325072 -0.010725
1455.000000 9.789765 1.002495 0.323975 -0.010821
1456.000000 9.818804 1.002517 0.322894 -0.010917
1457.000000 9.847541 1.002539 0.321827 -0.011014
1458.000000 9.875978 1.002562 0.320775 -0.011110
1459.000000 9.904118 1.002584 0.319738 -0.011205
1460.000000 9.931966 1.002606 0.318714 -0.011301
1461.000000 9.959524 1.002628 0.317705 -0.011397
1462.000000 9.986795 1.002650 0.316709 -0.011492
1463.000000 10.013781 1.002672 0.315726 -0.011588
1464.000000 10.040487 1.002694 0.314757 -0.011683
1465.000000 10.066914 1.002716 0.313801 -0.011778
1466.000000 10.093066 1.002738 0.312858 -0.011873
1467.000000 10.118946 1.002760 0.311927 -0.011967
1468.000000 10.144556 1.002781 0.311008 -0.012062
1469.000000 10.169898 1.002803 0.310102 -0.012156
1470.000000 10.194977 1.002825 0.309208 -0.012250
1471.000000 10.219793 1.002846 0.308326 -0.012344
1472.000000 10.244351 1.002868 0.307456 -0.012437
1473.000000 10.268652 1.002890 0.306597 -0.012531
1474.000000 10.292698 1.002911 0.305749 -0.012624
1475.000000 10.316494 1.002933 0.304913 -0.012717
1476.000000 10.340040 1.002954 0.304087 -0.012809
1477.000000 10.363339 1.002975 0.303273 -0.012901
1478.000000 10.386394 1.002996 0.302469 -0.012993
1479.000000 10.409207 1.003018 0.301675 -0.013085
1480.000000 10.431780 1.003039 0.300892 -0.013176
1481.000000 10.454116 1.003060 0.300119 -0.013267
1482.000000 10.476217 1.003081 0.299357 -0.013358
1483.000000 10.498084 1.003102 0.298604 -0.013449
1484.000000 10.519721 1.003122 0.297861 -0.013539
1485.000000 10.541129 1.003143 0.297128 -0.013628
1486.000000 10.562310 1.003164 0.296404 -0.013718
1487.000000 10.583267 1.003184 0.295690 -0.013807
1488.000000 10.604001 1.003205 0.294985 -0.013895
1489.000000 10.624515 1.003225 0.294289 -0.013984
1490.000000 10.644810 1.003245 0.293602 -0.014071
1491.000000 10.664888 1.003266 0.292924 -0.014159
1492.000000 10.684752 1.003286 0.292255 -0.014246
1493.000000 10.704403 1.003306 0.291595 -0.014332
1494.000000 10.723843 1.003326 0.290943 -0.014419
1495.000000 10.743073 1.003346 0.290300 -0.014504
1496.000000 10.762097 1.003365 0.289664 -0.014590
1497.000000 10.780914 1.003385 0.289038 -0.014675
1498.000000 10.799528 1.003404 0.288419 -0.014759
1499.000000 10.817940 1.003424 0.287808 -0.014843
1500.000000 10.836151 1.003443 0.287205 -0.014926
1501.000000 10.854163 1.003462 0.286610 -0.015009
1502.000000 10.871978 1.003481 0.286023 -0.015092
1503.000000 10.889598 1.003500 0.285443 -0.015174
1504.000000 10.907023 1.003519 0.284871 -0.015255
1505.000000 10.924256 1.003538 0.284307 -0.015336
1506.000000 10.941299 1.003556 0.283749 -0.015417
1507.000000 10.958152 1.003575 0.283199 -0.015497
1508.000000 10.974817 1.003593 0.282657 -0.015576
1509.000000 10.991295 1.003611 0.282121 -0.015655
1510.000000 11.007589 1.003629 0.281592 -0.015733
1511.000000 11.023699 1.003647 0.281070 -0.015811
1512.000000 11.039627 1.003665 0.280555 -0.015888
1513.000000 11.055375 1.003683 0.280047 -0.015965
1514.000000 11.070943 1.003701 0.279546 -0.016041
1515.000000 11.086332 1.003718 0.279051 -0.016117
1516.000000 11.101546 1.003735 0.278563 -0.016191
1517.000000 11.116583 1.003752 0.278081 -0.016266
1518.000000 11.131447 1.003770 0.277605 -0.016339
1519.000000 11.146137 1.003786 0.277136 -0.016412
1520.000000 11.160656 1.003803 0.276673 -0.016485
1521.000000 11.175005 1.003820 0.276217 -0.016557
1522.000000 11.189184 1.003836 0.275766 -0.016628
1523.000000 11.203195 1.003852 0.275322 -0.016698
1524.000000 11.217040 1.003869 0.274883 -0.016768
1525.000000 11.230718 1.003885 0.274451 -0.016837
1526.000000 11.244232 1.003900 0.274024 -0.016906
1527.000000 11.257582 1.003916 0.273603 -0.016974
1528.000000 11.270770 1.003932 0.273188 -0.017041
1529.000000 11.283797 1.003947 0.272779 -0.017107
1530.000000 11.296663 1.003962 0.272375 -0.017173
1531.000000 11.309371 1.003977 0.271977 -0.017238
1532.000000 11.321920 1.003992 0.271584 -0.017303
1533.000000 11.334311 1.004007 0.271197 -0.017367
1534.000000 11.346547 1.004022 0.270815 -0.017430
1535.000000 11.358627 1.004036 0.270439 -0.017492
1536.000000 11.370553 1.004050 0.270068 -0.017554
1537.000000 11.382326 1.004064 0.269702 -0.017614
1538.000000 11.393946 1.004078 0.269341 -0.017675
1539.000000 11.405415 1.004092 0.268986 -0.017734
1540.000000 11.416734 1.004105 0.268635 -0.017793
1541.000000 11.427903 1.004119 0.268290 -0.017850
1542.000000 11.438923 1.004132 0.267950 -0.017907
1543.000000 11.449795 1.004145 0.267615 -0.017964
1544.000000 11.460520 1.004158 0.267285 -0.018019
1545.000000 11.471099 1.004171 0.266959 -0.018074
1546.000000 11.481533 1.004183 0.266639 -0.018128
1547.000000 11.491822 1.004195 0.266323 -0.018181
1548.000000 11.501967 1.004208 0.266012 -0.018234
1549.000000 11.511969 1.004219 0.265706 -0.018286
1550.000000 11.521829 1.004231 0.265405 -0.018336
1551.000000 11.531548 1.004243 0.265108 -0.018387
1552.000000 11.541126 1.004254 0.264816 -0.018436
1553.000000 11.550564 1.004265 0.264528 -0.018484
1554.000000 11.559862 1.004276 0.264245 -0.018532
1555.000000 11.569023 1.004287 0.263967 -0.018579
1556.000000 11.578045 1.004298 0.263692 -0.018625
1557.000000 11.586931 1.004308 0.263423 -0.018670
1558.000000 11.595680 1.004319 0.263158 -0.018714
1559.000000 11.604293 1.004329 0.262897 -0.018757
1560.000000 11.612771 1.004338 0.262640 -0.018800
1561.000000 11.621115 1.004348 0.262388 -0.018842
1562.000000 11.629325 1.004358 0.262140 -0.018883
1563.000000 11.637401 1.004367 0.261897 -0.018923
1564.000000 11.645345 1.004376 0.261657 -0.018962
1565.000000 11.653158 1.004385 0.261422 -0.019000
1566.000000 11.660839 1.004393 0.261191 -0.019038
1567.000000 11.668389 1.004402 0.260964 -0.019074
1568.000000 11.675809 1.004410 0.260741 -0.019110
1569.000000 11.683099 1.004418 0.260522 -0.019145
1570.000000 11.690260 1.004426 0.260308 -0.019179
1571.000000 11.697293 1.004434 0.260097 -0.019212
1572.000000 11.704198 1.004441 0.259890 -0.019244
1573.000000 11.710975 1.004448 0.259688 -0.019275
1574.000000 11.717626 1.004455 0.259489 -0.019306
1575.000000 11.724150 1.004462 0.259294 -0.019335
1576.000000 11.730548 1.004469 0.259103 -0.019364
1577.000000 11.736821 1.004475 0.258916 -0.019392
1578.000000 11.742969 1.004481 0.258733 -0.019418
1579.000000 11.748993 1.004487 0.258553 -0.019444
1580.000000 11.754892 1.004493 0.258378 -0.019469
1581.000000 11.760669 1.004499 0.258206 -0.019493
1582.000000 11.766322 1.004504 0.258038 -0.019517
1583.000000 11.771852 1.004509 0.257874 -0.019539
1584.000000 11.777261 1.004514 0.257713 -0.019560
1585.000000 11.782547 1.004519 0.257557 -0.019580
1586.000000 11.787713 1.004523 0.257403 -0.019600
1587.000000 11.792757 1.004528 0.257254 -0.019619
1588.000000 11.797681 1.004532 0.257108 -0.019636
1589.000000 11.802485 1.004536 0.256966 -0.019653
1590.000000 11.807169 1.004539 0.256828 -0.019669
1591.000000 11.811735 1.004543 0.256693 -0.019683
1592.000000 11.816181 1.004546 0.256561 -0.019697
1593.000000 11.820508 1.004549 0.256433 -0.019710
1594.000000 11.824718 1.004552 0.256309 -0.019722
1595.000000 11.828809 1.004554 0.256188 -0.019734
1596.000000 11.832783 1.004557 0.256071 -0.019744
1597.000000 11.836640 1.004559 0.255958 -0.019753
1598.000000 11.840381 1.004561 0.255847 -0.019761
1599.000000 11.844004 1.004562 0.255741 -0.019769
1600.000000 11.847512 1.004564 0.255637 -0.019775
1601.000000 11.850904 1.004565 0.255538 -0.019780
1602.000000 11.854180 1.004566 0.255441 -0.019785
1603.000000 11.857341 1.004567 0.255348 -0.019789
1604.000000 11.860387 1.004568 0.255259 -0.019791
1605.000000 11.863319 1.004568 0.255173 -0.019793
1606.000000 11.866136 1.004568 0.255090 -0.019794
1607.000000 11.868839 1.004568 0.255010 -0.019794
1608.000000 11.871428 1.004568 0.254934 -0.019792
1609.000000 11.873904 1.004567 0.254862 -0.019790
1610.000000 11.876267 1.004567 0.254793 -0.019787
1611.000000 11.878516 1.004566 0.254727 -0.019783
1612.000000 11.880653 1.004565 0.254664 -0.019778
1613.000000 11.882677 1.004563 0.254605 -0.019773
1614.000000 11.884589 1.004562 0.254548 -0.019766
1615.000000 11.886389 1.004560 0.254496 -0.019758
1616.000000 11.888077 1.004558 0.254446 -0.019750
1617.000000 11.889654 1.004556 0.254400 -0.019740
1618.000000 11.891119 1.004553 0.254357 -0.019729
1619.000000 11.892472 1.004551 0.254318 -0.019718
1620.000000 11.893715 1.004548 0.254281 -0.019706
1621.000000 11.894847 1.004545 0.254248 -0.019692
1622.000000 11.895869 1.004541 0.254218 -0.019678
1623.000000 11.896780 1.004538 0.254191 -0.019663
1624.000000 11.897580 1.004534 0.254168 -0.019647
1625.000000 11.898271 1.004530 0.254148 -0.019630
1626.000000 11.898852 1.004526 0.254131 -0.019612
1627.000000 11.899323 1.004522 0.254117 -0.019593
1628.000000 11.899684 1.004517 0.254107 -0.019573
1629.000000 11.899936 1.004512 0.254099 -0.019552
1630.000000 11.900079 1.004507 0.254095 -0.019530
1631.000000 11.900113 1.004502 0.254094 -0.019508
1632.000000 11.900037 1.004497 0.254096 -0.019484
1633.000000 11.899853 1.004491 0.254102 -0.019460
1634.000000 11.899560 1.004485 0.254110 -0.019435
1635.000000 11.899159 1.004479 0.254122 -0.019408
1636.000000 11.898648 1.004473 0.254137 -0.019381
1637.000000 11.898030 1.004466 0.254155 -0.019353
1638.000000 11.897303 1.004460 0.254176 -0.019324
1639.000000 11.896468 1.004453 0.254201 -0.019294
1640.000000 11.895525 1.004446 0.254228 -0.019264
1641.000000 11.894474 1.004438 0.254259 -0.019232
1642.000000 11.893316 1.004431 0.254293 -0.019199
1643.000000 11.892049 1.004423 0.254330 -0.019166
1644.000000 11.890675 1.004415 0.254370 -0.019132
1645.000000 11.889193 1.004407 0.254414 -0.019097
1646.000000 11.887603 1.004399 0.254460 -0.019061
1647.000000 11.885906 1.004390 0.254510 -0.019024
1648.000000 11.884102 1.004381 0.254563 -0.018986
1649.000000 11.882190 1.004372 0.254619 -0.018947
1650.000000 11.880170 1.004363 0.254678 -0.018908
1651.000000 11.878044 1.004354 0.254740 -0.018867
1652.000000 11.875810 1.004344 0.254806 -0.018826
1653.000000 11.873469 1.004335 0.254875 -0.018784
1654.000000 11.871021 1.004325 0.254946 -0.018741
1655.000000 11.868466 1.004315 0.255021 -0.018697
1656.000000 11.865804 1.004304 0.255100 -0.018653
1657.000000 11.863034 1.004294 0.255181 -0.018607
1658.000000 11.860158 1.004283 0.255265 -0.018561
1659.000000 11.857174 1.004272 0.255353 -0.018514
1660.000000 11.854084 1.004261 0.255444 -0.018466
1661.000000 11.850886 1.004250 0.255538 -0.018417
1662.000000 11.847582 1.004238 0.255635 -0.018368
1663.000000 11.844170 1.004227 0.255736 -0.018317
1664.000000 11.840652 1.004215 0.255839 -0.018266
1665.000000 11.837026 1.004203 0.255946 -0.018214
1666.000000 11.833293 1.004191 0.256056 -0.018161
1667.000000 11.829454 1.004178 0.256169 -0.018108
1668.000000 11.825507 1.004166 0.256286 -0.018054
1669.000000 11.821453 1.004153 0.256406 -0.017998
1670.000000 11.817292 1.004140 0.256528 -0.017943
1671.000000 11.813023 1.004127 0.256654 -0.017886
1672.000000 11.808648 1.004114 0.256784 -0.017829
1673.000000 11.804165 1.004100 0.256916 -0.017770
1674.000000 11.799575 1.004087 0.257052 -0.017711
1675.000000 11.794877 1.004073 0.257191 -0.017652
1676.000000 11.790072 1.004059 0.257334 -0.017591
1677.000000 11.785160 1.004045 0.257479 -0.017530
1678.000000 11.780140 1.004031 0.257628 -0.017468
1679.000000 11.775013 1.004016 0.257780 -0.017406
1680.000000 11.769778 1.004001 0.257936 -0.017343
1681.000000 11.764435 1.003987 0.258094 -0.017279
1682.000000 11.758984 1.003972 0.258256 -0.017214
1683.000000 11.753426 1.003957 0.258422 -0.017148
1684.000000 11.747759 1.003941 0.258590 -0.017082
1685.000000 11.741984 1.003926 0.258762 -0.017016
1686.000000 11.736102 1.003910 0.258937 -0.016948
1687.000000 11.730111 1.003894 0.259116 -0.016880
1688.000000 11.724011 1.003879 0.259298 -0.016811
1689.000000 11.717804 1.003863 0.259484 -0.016742
1690.000000 11.711487 1.003846 0.259672 -0.016672
1691.000000 11.705062 1.003830 0.259864 -0.016601
1692.000000 11.698529 1.003813 0.260060 -0.016530
1693.000000 11.691886 1.003797 0.260259 -0.016457
1694.000000 11.685135 1.003780 0.260461 -0.016385
1695.000000 11.678274 1.003763 0.260667 -0.016312
1696.000000 11.671304 1.003746 0.260876 -0.016238
1697.000000 11.664225 1.003729 0.261089 -0.016163
1698.000000 11.657036 1.003711 0.261305 -0.016088
1699.000000 11.649738 1.003694 0.261525 -0.016012
1700.000000 11.642330 1.003676 0.261748 -0.015936
1701.000000 11.634812 1.003659 0.261975 -0.015859
1702.000000 11.627184 1.003641 0.262205 -0.015782
1703.000000 11.619446 1.003623 0.262439 -0.015704
1704.000000 11.611597 1.003605 0.262676 -0.015625
1705.000000 11.603638 1.003586 0.262917 -0.015546
1706.000000 11.595568 1.003568 0.263161 -0.015467
1707.000000 11.587388 1.003549 0.263409 -0.015387
1708.000000 11.579096 1.003531 0.263661 -0.015306
1709.000000 11.570694 1.003512 0.263916 -0.015225
1710.000000 11.562180 1.003493 0.264175 -0.015143
1711.000000 11.553555 1.003474 0.264437 -0.015061
1712.000000 11.544818 1.003455 0.264703 -0.014978
1713.000000 11.535969 1.003436 0.264973 -0.014895
1714.000000 11.527008 1.003416 0.265246 -0.014811
1715.000000 11.517935 1.003397 0.265524 -0.014727
1716.000000 11.508750 1.003377 0.265805 -0.014643
1717.000000 11.499452 1.003358 0.266089 -0.014558
1718.000000 11.490042 1.003338 0.266378 -0.014472
1719.000000 11.480519 1.003318 0.266670 -0.014386
1720.000000 11.470882 1.003298 0.266966 -0.014300
1721.000000 11.461133 1.003278 0.267266 -0.014213
1722.000000 11.451269 1.003258 0.267569 -0.014126
1723.000000 11.441293 1.003238 0.267877 -0.014038
1724.000000 11.431202 1.003218 0.268188 -0.013950
1725.000000 11.420997 1.003197 0.268504 -0.013862
1726.000000 11.410678 1.003177 0.268823 -0.013773
1727.000000 11.400245 1.003156 0.269146 -0.013684
1728.000000 11.389697 1.003135 0.269473 -0.013595
1729.000000 11.379034 1.003115 0.269804 -0.013505
1730.000000 11.368255 1.003094 0.270139 -0.013415
1731.000000 11.357362 1.003073 0.270478 -0.013324
1732.000000 11.346353 1.003052 0.270821 -0.013233
1733.000000 11.335229 1.003031 0.271168 -0.013142
1734.000000 11.323988 1.003010 0.271519 -0.013051
1735.000000 11.312631 1.002988 0.271874 -0.012959
1736.000000 11.301158 1.002967 0.272234 -0.012867
1737.000000 11.289569 1.002946 0.272597 -0.012774
1738.000000 11.277862 1.002925 0.272965 -0.012682
1739.000000 11.266039 1.002903 0.273337 -0.012589
1740.000000 11.254099 1.002882 0.273713 -0.012496
1741.000000 11.242041 1.002860 0.274093 -0.012402
1742.000000 11.229865 1.002838 0.274478 -0.012309
1743.000000 11.217572 1.002817 0.274866 -0.012215
1744.000000 11.205160 1.002795 0.275259 -0.012121
1745.000000 11.192630 1.002773 0.275657 -0.012026
1746.000000 11.179982 1.002751 0.276058 -0.011932
1747.000000 11.167215 1.002729 0.276464 -0.011837
1748.000000 11.154329 1.002708 0.276875 -0.011742
1749.000000 11.141324 1.002686 0.277290 -0.011647
1750.000000 11.128200 1.002664 0.277709 -0.011552
1751.000000 11.114956 1.002642 0.278133 -0.011457
1752.000000 11.101592 1.002620 0.278561 -0.011361
1753.000000 11.088108 1.002597 0.278994 -0.011265
1754.000000 11.074505 1.002575 0.279431 -0.011169
1755.000000 11.060781 1.002553 0.279873 -0.011074
1756.000000 11.046936 1.002531 0.280319 -0.010977
1757.000000 11.032971 1.002509 0.280770 -0.010881
1758.000000 11.018884 1.002487 0.281226 -0.010785
1759.000000 11.004677 1.002464 0.281687 -0.010689
1760.000000 10.990349 1.002442 0.282152 -0.010592
1761.000000 10.975898 1.002420 0.282621 -0.010496
1762.000000 10.961327 1.002398 0.283096 -0.010399
1763.000000 10.946633 1.002375 0.283575 -0.010303
1764.000000 10.931818 1.002353 0.284059 -0.010206
1765.000000 10.916880 1.002331 0.284548 -0.010109
1766.000000 10.901821 1.002308 0.285042 -0.010013
1767.000000 10.886638 1.002286 0.285541 -0.009916
1768.000000 10.871334 1.002264 0.286044 -0.009819
1769.000000 10.855906 1.002241 0.286553 -0.009723
1770.000000 10.840356 1.002219 0.287066 -0.009626
1771.000000 10.824683 1.002197 0.287585 -0.009529
1772.000000 10.808887 1.002174 0.288108 -0.009433
1773.000000 10.792968 1.002152 0.288637 -0.009336
1774.000000 10.776926 1.002130 0.289170 -0.009239
1775.000000 10.760760 1.002108 0.289709 -0.009143
1776.000000 10.744471 1.002085 0.290253 -0.009047
1777.000000 10.728059 1.002063 0.290802 -0.008950
1778.000000 10.711523 1.002041 0.291356 -0.008854
1779.000000 10.694864 1.002019 0.291915 -0.008758
1780.000000 10.678082 1.001997 0.292480 -0.008662
1781.000000 10.661176 1.001975 0.293050 -0.008566
1782.000000 10.644146 1.001952 0.293625 -0.008470
1783.000000 10.626993 1.001930 0.294205 -0.008375
1784.000000 10.609716 1.001908 0.294791 -0.008279
1785.000000 10.592317 1.001886 0.295382 -0.008184
1786.000000 10.574793 1.001864 0.295979 -0.008089
1787.000000 10.557147 1.001842 0.296581 -0.007994
1788.000000 10.539378 1.001821 0.297188 -0.007899
1789.000000 10.521485 1.001799 0.297801 -0.007804
1790.000000 10.503470 1.001777 0.298419 -0.007710
1791.000000 10.485332 1.001755 0.299043 -0.007615
1792.000000 10.467072 1.001734 0.299672 -0.007521
1793.000000 10.448689 1.001712 0.300307 -0.007428
1794.000000 10.430184 1.001690 0.300948 -0.007334
1795.000000 10.411558 1.001669 0.301594 -0.007241
1796.000000 10.392810 1.001647 0.302245 -0.007148
1797.000000 10.373941 1.001626 0.302903 -0.007055
1798.000000 10.354951 1.001605 0.303566 -0.006962
1799.000000 10.335840 1.001583 0.304234 -0.006870
1800.000000 10.316609 1.001562 0.304909 -0.006778
1801.000000 10.297259 1.001541 0.305589 -0.006686
1802.000000 10.277790 1.001520 0.306274 -0.006595
1803.000000 10.258201 1.001499 0.306966 -0.006504
1804.000000 10.238495 1.001478 0.307663 -0.006413
1805.000000 10.218671 1.001457 0.308366 -0.006323
1806.000000 10.198730 1.001436 0.309075 -0.006233
1807.000000 10.178673 1.001416 0.309789 -0.006143
1808.000000 10.158500 1.001395 0.310510 -0.006054
1809.000000 10.138212 1.001375 0.311236 -0.005965
1810.000000 10.117810 1.001354 0.311968 -0.005876
1811.000000 10.097294 1.001334 0.312705 -0.005788
1812.000000 10.076667 1.001314 0.313449 -0.005700
1813.000000 10.055927 1.001293 0.314198 -0.005613
1814.000000 10.035077 1.001273 0.314953 -0.005526
1815.000000 10.014117 1.001253 0.315714 -0.005439
1816.000000 9.993049 1.001234 0.316481 -0.005353
1817.000000 9.971874 1.001214 0.317253 -0.005267
1818.000000 9.950592 1.001194 0.318032 -0.005182
1819.000000 9.929205 1.001175 0.318816 -0.005097
1820.000000 9.907715 1.001155 0.319606 -0.005013
1821.000000 9.886123 1.001136 0.320401 -0.004929
1822.000000 9.864429 1.001116 0.321202 -0.004845
1823.000000 9.842637 1.001097 0.322009 -0.004762
1824.000000 9.820747 1.001078 0.322822 -0.004680
1825.000000 9.798761 1.001059 0.323640 -0.004598
1826.000000 9.776680 1.001041 0.324464 -0.004517
1827.000000 9.754507 1.001022 0.325293 -0.004436
1828.000000 9.732244 1.001003 0.326128 -0.004355
1829.000000 9.709892 1.000985 0.326968 -0.004275
1830.000000 9.687454 1.000967 0.327814 -0.004196
1831.000000 9.664932 1.000949 0.328665 -0.004117
1832.000000 9.642327 1.000931 0.329521 -0.004039
1833.000000 9.619643 1.000913 0.330383 -0.003961
1834.000000 9.596882 1.000895 0.331250 -0.003884
1835.000000 9.574046 1.000877 0.332122 -0.003807
1836.000000 9.551139 1.000860 0.332999 -0.003731
1837.000000 9.528162 1.000842 0.333881 -0.003656
1838.000000 9.505119 1.000825 0.334768 -0.003581
1839.000000 9.482013 1.000808 0.335660 -0.003507
1840.000000 9.458847 1.000791 0.336556 -0.003433
1841.000000 9.435624 1.000774 0.337457 -0.003360
1842.000000 9.412347 1.000758 0.338363 -0.003288
1843.000000 9.389021 1.000741 0.339273 -0.003216
1844.000000 9.365648 1.000725 0.340187 -0.003145
1845.000000 9.342233 1.000708 0.341105 -0.003075
1846.000000 9.318780 1.000692 0.342027 -0.003005
1847.000000 9.295292 1.000676 0.342954 -0.002936
1848.000000 9.271773 1.000661 0.343884 -0.002867
1849.000000 9.248229 1.000645 0.344817 -0.002800
1850.000000 9.224663 1.000630 0.345754 -0.002732
1851.000000 9.201080 1.000614 0.346694 -0.002666
1852.000000 9.177486 1.000599 0.347637 -0.002600
1853.000000 9.153884 1.000584 0.348583 -0.002535
1854.000000 9.130281 1.000569 0.349531 -0.002471
1855.000000 9.106681 1.000555 0.350482 -0.002407
1856.000000 9.083090 1.000540 0.351435 -0.002344
1857.000000 9.059514 1.000526 0.352391 -0.002282
1858.000000 9.035958 1.000512 0.353348 -0.002221
1859.000000 9.012428 1.000498 0.354306 -0.002160
1860.000000 8.988932 1.000484 0.355266 -0.002100
1861.000000 8.965474 1.000470 0.356227 -0.002041
1862.000000 8.942062 1.000457 0.357188 -0.001982
1863.000000 8.918703 1.000443 0.358150 -0.001925
1864.000000 8.895402 1.000430 0.359112 -0.001868
1865.000000 8.872169 1.000417 0.360074 -0.001811
1866.000000 8.849009 1.000405 0.361035 -0.001756
1867.000000 8.825930 1.000392 0.361996 -0.001701
1868.000000 8.802941 1.000380 0.362955 -0.001647
1869.000000 8.780048 1.000367 0.363913 -0.001594
1870.000000 8.757260 1.000355 0.364869 -0.001542
1871.000000 8.734586 1.000343 0.365823 -0.001491
1872.000000 8.712034 1.000332 0.366774 -0.001440
1873.000000 8.689612 1.000320 0.367722 -0.001390
1874.000000 8.667330 1.000309 0.368666 -0.001341
1875.000000 8.645195 1.000298 0.369607 -0.001293
1876.000000 8.623219 1.000287 0.370543 -0.001245
1877.000000 8.601410 1.000276 0.371475 -0.001199
1878.000000 8.579777 1.000266 0.372401 -0.001153
1879.000000 8.558331 1.000255 0.373322 -0.001108
1880.000000 8.537081 1.000245 0.374236 -0.001064
1881.000000 8.516037 1.000235 0.375144 -0.001021
1882.000000 8.495210 1.000225 0.376045 -0.000978
1883.000000 8.474611 1.000216 0.376938 -0.000937
1884.000000 8.454248 1.000207 0.377822 -0.000896
1885.000000 8.434135 1.000197 0.378698 -0.000856
1886.000000 8.414280 1.000188 0.379565 -0.000817
1887.000000 8.394695 1.000180 0.380422 -0.000779
1888.000000 8.375391 1.000171 0.381268 -0.000742
1889.000000 8.356379 1.000163 0.382104 -0.000706
1890.000000 8.337670 1.000155 0.382927 -0.000670
1891.000000 8.319276 1.000147 0.383739 -0.000636
1892.000000 8.301207 1.000139 0.384538 -0.000602
1893.000000 8.283476 1.000131 0.385324 -0.000569
1894.000000 8.266093 1.000124 0.386096 -0.000537
1895.000000 8.249070 1.000117 0.386853 -0.000506
1896.000000 8.232417 1.000110 0.387596 -0.000476
1897.000000 8.216148 1.000103 0.388323 -0.000447
1898.000000 8.200272 1.000097 0.389033 -0.000419
1899.000000 8.184801 1.000090 0.389727 -0.000391
1900.000000 8.169746 1.000084 0.390403 -0.000365
1901.000000 8.155118 1.000078 0.391061 -0.000339
1902.000000 8.140928 1.000073 0.391700 -0.000315
1903.000000 8.127187 1.000067 0.392320 -0.000291
1904.000000 8.113905 1.000062 0.392921 -0.000268
1905.000000 8.101094 1.000057 0.393501 -0.000246
1906.000000 8.088762 1.000052 0.394060 -0.000225
1907.000000 8.076921 1.000047 0.394597 -0.000205
1908.000000 8.065579 1.000043 0.395113 -0.000186
1909.000000 8.054747 1.000039 0.395606 -0.000168
1910.000000 8.044434 1.000035 0.396076 -0.000151
1911.000000 8.034648 1.000031 0.396522 -0.000134
1912.000000 8.025398 1.000028 0.396945 -0.000119
1913.000000 8.016692 1.000024 0.397343 -0.000104
1914.000000 8.008539 1.000021 0.397716 -0.000091
1915.000000 8.000945 1.000018 0.398064 -0.000078
1916.000000 7.993917 1.000015 0.398386 -0.000067
1917.000000 7.987463 1.000013 0.398682 -0.000056
1918.000000 7.981588 1.000011 0.398952 -0.000046
1919.000000 7.976298 1.000009 0.399195 -0.000037
1920.000000 7.971598 1.000007 0.399411 -0.000029
1921.000000 7.967492 1.000005 0.399600 -0.000022
1922.000000 7.963986 1.000004 0.399761 -0.000016
1923.000000 7.961082 1.000003 0.399895 -0.000011
1924.000000 7.958784 1.000002 0.400001 -0.000007
1925.000000 7.957093 1.000001 0.400079 -0.000004
1926.000000 7.956013 1.000001 0.400128 -0.000002
1927.000000 7.955545 1.000000 0.400150 -0.000001
1928.000000 7.955689 1.000000 0.400143 -0.000000
1929.000000 7.956445 1.000000 0.400108 -0.000001
1930.000000 7.957813 1.000001 0.400045 -0.000003
1931.000000 7.959793 1.000001 0.399954 -0.000005
1932.000000 7.962383 1.000002 0.399835 -0.000009
1933.000000 7.965580 1.000003 0.399688 -0.000013
1934.000000 7.969383 1.000004 0.399513 -0.000018
1935.000000 7.973787 1.000006 0.399310 -0.000025
1936.000000 7.978790 1.000008 0.399081 -0.000032
1937.000000 7.984386 1.000009 0.398823 -0.000040
1938.000000 7.990571 1.000012 0.398540 -0.000049
1939.000000 7.997339 1.000014 0.398229 -0.000059
1940.000000 8.004685 1.000016 0.397892 -0.000071
1941.000000 8.012603 1.000019 0.397530 -0.000082
1942.000000 8.021084 1.000022 0.397142 -0.000095
1943.000000 8.030123 1.000025 0.396729 -0.000109
1944.000000 8.039710 1.000029 0.396291 -0.000124
1945.000000 8.049838 1.000032 0.395829 -0.000140
1946.000000 8.060499 1.000036 0.395344 -0.000156
1947.000000 8.071683 1.000040 0.394835 -0.000174
1948.000000 8.083381 1.000044 0.394304 -0.000193
1949.000000 8.095583 1.000049 0.393750 -0.000212
1950.000000 8.108279 1.000054 0.393175 -0.000232
1951.000000 8.121459 1.000059 0.392579 -0.000254
1952.000000 8.135112 1.000064 0.391962 -0.000276
1953.000000 8.149228 1.000069 0.391326 -0.000299
1954.000000 8.163795 1.000075 0.390670 -0.000323
1955.000000 8.178803 1.000080 0.389996 -0.000348
1956.000000 8.194239 1.000086 0.389303 -0.000374
1957.000000 8.210093 1.000092 0.388593 -0.000401
1958.000000 8.226353 1.000099 0.387867 -0.000428
1959.000000 8.243008 1.000105 0.387124 -0.000457
1960.000000 8.260044 1.000112 0.386365 -0.000487
1961.000000 8.277451 1.000119 0.385591 -0.000517
1962.000000 8.295217 1.000126 0.384804 -0.000548
1963.000000 8.313329 1.000134 0.384002 -0.000581
1964.000000 8.331777 1.000141 0.383187 -0.000614
1965.000000 8.350548 1.000149 0.382360 -0.000648
1966.000000 8.369630 1.000157 0.381521 -0.000683
1967.000000 8.389011 1.000166 0.380671 -0.000718
1968.000000 8.408681 1.000174 0.379810 -0.000755
1969.000000 8.428627 1.000183 0.378938 -0.000792
1970.000000 8.448839 1.000191 0.378058 -0.000831
1971.000000 8.469304 1.000201 0.377168 -0.000870
1972.000000 8.490011 1.000210 0.376270 -0.000910
1973.000000 8.510950 1.000219 0.375364 -0.000951
1974.000000 8.532110 1.000229 0.374451 -0.000993
1975.000000 8.553480 1.000239 0.373530 -0.001036
1976.000000 8.575049 1.000249 0.372604 -0.001079
1977.000000 8.596807 1.000259 0.371672 -0.001124
1978.000000 8.618744 1.000269 0.370734 -0.001169
1979.000000 8.640850 1.000280 0.369792 -0.001215
1980.000000 8.663115 1.000291 0.368845 -0.001262
1981.000000 8.685529 1.000302 0.367895 -0.001309
1982.000000 8.708084 1.000313 0.366941 -0.001358
1983.000000 8.730769 1.000324 0.365984 -0.001407
1984.000000 8.753577 1.000336 0.365024 -0.001457
1985.000000 8.776497 1.000348 0.364062 -0.001508
1986.000000 8.799522 1.000359 0.363098 -0.001560
1987.000000 8.822643 1.000372 0.362133 -0.001613
1988.000000 8.845852 1.000384 0.361166 -0.001666
1989.000000 8.869142 1.000396 0.360199 -0.001720
1990.000000 8.892504 1.000409 0.359232 -0.001775
1991.000000 8.915931 1.000422 0.358264 -0.001831
1992.000000 8.939415 1.000435 0.357297 -0.001887
1993.000000 8.962950 1.000448 0.356330 -0.001945
1994.000000 8.986529 1.000461 0.355364 -0.002003
1995.000000 9.010145 1.000475 0.354399 -0.002061
1996.000000 9.033791 1.000489 0.353436 -0.002121
1997.000000 9.057461 1.000503 0.352474 -0.002181
1998.000000 9.081150 1.000517 0.351514 -0.002242
