# z LM (E,E) abs(P1) alpha
0.000000 0.002158 1.000000 0.999752 -0.000000
0.066667 0.008632 1.000001 0.999007 -0.000003
0.133333 0.019423 1.000002 0.997766 -0.000008
0.200000 0.034536 1.000004 0.996032 -0.000015
0.266667 0.053971 1.000006 0.993806 -0.000024
0.333333 0.077735 1.000008 0.991090 -0.000035
0.400000 0.105831 1.000011 0.987890 -0.000048
0.466667 0.138266 1.000015 0.984208 -0.000062
0.533333 0.175047 1.000018 0.980049 -0.000079
0.600000 0.216181 1.000023 0.975418 -0.000097
0.666667 0.261678 1.000027 0.970323 -0.000117
0.733333 0.311546 1.000032 0.964768 -0.000139
0.800000 0.365797 1.000038 0.958761 -0.000163
0.866667 0.424440 1.000044 0.952309 -0.000189
0.933333 0.487489 1.000050 0.945422 -0.000217
1.000000 0.554955 1.000057 0.938107 -0.000247
1.066667 0.626852 1.000064 0.930374 -0.000278
1.133333 0.703193 1.000072 0.922232 -0.000312
1.200000 0.783994 1.000080 0.913693 -0.000347
1.266667 0.869268 1.000089 0.904767 -0.000384
1.333333 0.959031 1.000098 0.895465 -0.000424
1.400000 1.053300 1.000107 0.885799 -0.000465
1.466667 1.152089 1.000117 0.875781 -0.000508
1.533333 1.255414 1.000128 0.865425 -0.000553
1.600000 1.363293 1.000138 0.854743 -0.000600
1.666667 1.475741 1.000150 0.843748 -0.000648
1.733333 1.592772 1.000161 0.832456 -0.000699
1.800000 1.714404 1.000173 0.820880 -0.000752
1.866667 1.840650 1.000186 0.809035 -0.000806
1.933333 1.971525 1.000199 0.796937 -0.000863
2.000000 2.107040 1.000213 0.784599 -0.000921
2.066667 2.247207 1.000226 0.772040 -0.000982
2.133333 2.392037 1.000241 0.759273 -0.001044
2.200000 2.541536 1.000256 0.746317 -0.001109
2.266667 2.695710 1.000271 0.733187 -0.001175
2.333333 2.854561 1.000287 0.719900 -0.001243
2.400000 3.018089 1.000303 0.706473 -0.001313
2.466667 3.186290 1.000319 0.692924 -0.001385
2.533333 3.359153 1.000336 0.679270 -0.001459
2.600000 3.536665 1.000354 0.665529 -0.001535
2.666667 3.718807 1.000372 0.651718 -0.001613
2.733333 3.905551 1.000390 0.637856 -0.001693
2.800000 4.096863 1.000409 0.623960 -0.001775
2.866667 4.292702 1.000428 0.610049 -0.001859
2.933333 4.493014 1.000448 0.596141 -0.001945
3.000000 4.697737 1.000468 0.582255 -0.002032
3.066667 4.906796 1.000489 0.568408 -0.002122
3.133333 5.120101 1.000510 0.554619 -0.002214
3.200000 5.337550 1.000532 0.540907 -0.002307
3.266667 5.559022 1.000554 0.527289 -0.002403
3.333333 5.784378 1.000576 0.513785 -0.002500
3.400000 6.013458 1.000599 0.500411 -0.002599
3.466667 6.246081 1.000622 0.487187 -0.002700
3.533333 6.482040 1.000646 0.474131 -0.002803
3.600000 6.721103 1.000670 0.461259 -0.002908
3.666667 6.963009 1.000695 0.448590 -0.003015
3.733333 7.207465 1.000720 0.436141 -0.003123
3.800000 7.454147 1.000745 0.423929 -0.003234
3.866667 7.702696 1.000771 0.411970 -0.003346
3.933333 7.952717 1.000797 0.400280 -0.003460
4.000000 8.203778 1.000824 0.388876 -0.003576
4.066667 8.455410 1.000851 0.377772 -0.003693
4.133333 8.707106 1.000879 0.366982 -0.003813
4.200000 8.958323 1.000906 0.356520 -0.003933
4.266667 9.208484 1.000935 0.346398 -0.004056
4.333333 9.456981 1.000963 0.336629 -0.004180
4.400000 9.703177 1.000992 0.327221 -0.004306
4.466667 9.946419 1.001022 0.318185 -0.004434
4.533333 10.186036 1.001052 0.309527 -0.004563
4.600000 10.421356 1.001082 0.301254 -0.004694
4.666667 10.651712 1.001112 0.293369 -0.004826
4.733333 10.876456 1.001143 0.285876 -0.004960
4.800000 11.094971 1.001174 0.278773 -0.005095
4.866667 11.306686 1.001206 0.272061 -0.005231
4.933333 11.511087 1.001237 0.265733 -0.005369
5.000000 11.707732 1.001269 0.259785 -0.005508
5.066667 11.896266 1.001302 0.254207 -0.005648
5.133333 12.076426 1.001334 0.248988 -0.005790
5.200000 12.248056 1.001367 0.244117 -0.005933
5.266667 12.411109 1.001401 0.239577 -0.006077
5.333333 12.565648 1.001434 0.235352 -0.006222
5.400000 12.711853 1.001468 0.231423 -0.006367
5.466667 12.850009 1.001501 0.227772 -0.006514
5.533333 12.980505 1.001535 0.224375 -0.006662
5.600000 13.103823 1.001570 0.221212 -0.006810
5.666667 13.220528 1.001604 0.218260 -0.006960
5.733333 13.331255 1.001639 0.215495 -0.007110
5.800000 13.436692 1.001673 0.212895 -0.007260
5.866667 13.537574 1.001708 0.210437 -0.007411
5.933333 13.634660 1.001743 0.208098 -0.007563
6.000000 13.728730 1.001778 0.205856 -0.007715
6.066667 13.820567 1.001813 0.203691 -0.007867
6.133333 13.910948 1.001849 0.201582 -0.008020
6.200000 14.000637 1.001884 0.199512 -0.008172
6.266667 14.090377 1.001919 0.197461 -0.008325
6.333333 14.180884 1.001954 0.195414 -0.008478
6.400000 14.272843 1.001990 0.193356 -0.008631
6.466667 14.366907 1.002025 0.191273 -0.008783
6.533333 14.463690 1.002060 0.189154 -0.008936
6.600000 14.563774 1.002095 0.186987 -0.009088
6.666667 14.667701 1.002130 0.184763 -0.009239
6.733333 14.775977 1.002165 0.182474 -0.009390
6.800000 14.889075 1.002200 0.180113 -0.009541
6.866667 15.007431 1.002234 0.177676 -0.009690
6.933333 15.131450 1.002268 0.175157 -0.009839
7.000000 15.261505 1.002303 0.172554 -0.009987
7.066667 15.397939 1.002337 0.169865 -0.010134
7.133333 15.541064 1.002370 0.167089 -0.010280
7.200000 15.691166 1.002404 0.164226 -0.010425
7.266667 15.848502 1.002437 0.161278 -0.010568
7.333333 16.013302 1.002470 0.158247 -0.010710
7.400000 16.185767 1.002502 0.155136 -0.010851
7.466667 16.366069 1.002534 0.151949 -0.010990
7.533333 16.554351 1.002566 0.148690 -0.011127
7.600000 16.750722 1.002597 0.145366 -0.011263
7.666667 16.955255 1.002628 0.141983 -0.011397
7.733333 17.167982 1.002658 0.138548 -0.011528
7.800000 17.388891 1.002688 0.135069 -0.011658
7.866667 17.617918 1.002718 0.131554 -0.011786
7.933333 17.854935 1.002747 0.128013 -0.011911
8.000000 18.099749 1.002775 0.124455 -0.012034
8.066667 18.352082 1.002803 0.120892 -0.012154
8.133333 18.611563 1.002830 0.117333 -0.012272
8.200000 18.877710 1.002857 0.113793 -0.012388
8.266667 19.149914 1.002883 0.110282 -0.012501
8.333333 19.427418 1.002908 0.106814 -0.012611
8.400000 19.709301 1.002933 0.103403 -0.012718
8.466667 19.994451 1.002957 0.100064 -0.012822
8.533333 20.281551 1.002980 0.096810 -0.012923
8.600000 20.569055 1.003003 0.093659 -0.013021
8.666667 20.855178 1.003025 0.090624 -0.013116
8.733333 21.137891 1.003046 0.087721 -0.013208
8.800000 21.414923 1.003067 0.084968 -0.013297
8.866667 21.683789 1.003086 0.082378 -0.013382
8.933333 21.941825 1.003105 0.079967 -0.013464
9.000000 22.186256 1.003123 0.077748 -0.013542
9.066667 22.414285 1.003141 0.075733 -0.013617
9.133333 22.623206 1.003157 0.073933 -0.013688
9.200000 22.810534 1.003173 0.072356 -0.013756
9.266667 22.974142 1.003188 0.071006 -0.013820
9.333333 23.112395 1.003201 0.069884 -0.013880
9.400000 23.224260 1.003215 0.068990 -0.013937
9.466667 23.309385 1.003227 0.068317 -0.013990
9.533333 23.368122 1.003238 0.067857 -0.014039
9.600000 23.401514 1.003249 0.067597 -0.014084
9.666667 23.411218 1.003258 0.067521 -0.014125
9.733333 23.399403 1.003267 0.067613 -0.014163
9.800000 23.368616 1.003275 0.067853 -0.014197
9.866667 23.321649 1.003281 0.068221 -0.014227
9.933333 23.261405 1.003287 0.068696 -0.014253
10.000000 23.190780 1.003293 0.069257 -0.014275
10.066667 23.112577 1.003297 0.069883 -0.014293
10.133333 23.029434 1.003300 0.070555 -0.014307
10.200000 22.943780 1.003303 0.071254 -0.014318
10.266667 22.857815 1.003304 0.071963 -0.014324
10.333333 22.773499 1.003305 0.072665 -0.014327
10.400000 22.692558 1.003305 0.073345 -0.014326
10.466667 22.616498 1.003303 0.073990 -0.014322
10.533333 22.546625 1.003302 0.074588 -0.014313
10.600000 22.484062 1.003299 0.075127 -0.014301
10.666667 22.429775 1.003295 0.075598 -0.014285
10.733333 22.384594 1.003291 0.075992 -0.014266
10.800000 22.349232 1.003285 0.076302 -0.014243
10.866667 22.324306 1.003279 0.076522 -0.014216
10.933333 22.310353 1.003272 0.076645 -0.014186
11.000000 22.307845 1.003264 0.076667 -0.014152
11.066667 22.317205 1.003256 0.076584 -0.014115
11.133333 22.338817 1.003247 0.076394 -0.014075
11.200000 22.373039 1.003236 0.076094 -0.014032
11.266667 22.420208 1.003226 0.075681 -0.013985
11.333333 22.480655 1.003214 0.075157 -0.013935
11.400000 22.554708 1.003202 0.074519 -0.013882
11.466667 22.642699 1.003189 0.073767 -0.013826
11.533333 22.744973 1.003175 0.072904 -0.013767
11.600000 22.861894 1.003161 0.071929 -0.013705
11.666667 22.993849 1.003146 0.070845 -0.013641
11.733333 23.141253 1.003131 0.069653 -0.013573
11.800000 23.304560 1.003114 0.068355 -0.013503
11.866667 23.484262 1.003098 0.066956 -0.013431
11.933333 23.680902 1.003080 0.065457 -0.013356
12.000000 23.895075 1.003062 0.063863 -0.013278
12.066667 24.127439 1.003044 0.062177 -0.013198
12.133333 24.378720 1.003025 0.060404 -0.013116
12.200000 24.649721 1.003006 0.058548 -0.013032
12.266667 24.941330 1.002986 0.056615 -0.012946
12.333333 25.254527 1.002965 0.054610 -0.012858
12.400000 25.590395 1.002944 0.052539 -0.012768
12.466667 25.950127 1.002923 0.050407 -0.012676
12.533333 26.335030 1.002902 0.048222 -0.012582
12.600000 26.746528 1.002880 0.045991 -0.012487
12.666667 27.186159 1.002857 0.043721 -0.012390
12.733333 27.655555 1.002835 0.041421 -0.012291
12.800000 28.156408 1.002811 0.039100 -0.012191
12.866667 28.690399 1.002788 0.036769 -0.012090
12.933333 29.259071 1.002764 0.034439 -0.011988
13.000000 29.863613 1.002741 0.032123 -0.011884
13.066667 30.504491 1.002716 0.029838 -0.011780
13.133333 31.180847 1.002692 0.027603 -0.011674
13.200000 31.889530 1.002667 0.025440 -0.011568
13.266667 32.623580 1.002643 0.023379 -0.011460
13.333333 33.370016 1.002618 0.021454 -0.011352
13.400000 34.106906 1.002593 0.019709 -0.011244
13.466667 34.800326 1.002567 0.018196 -0.011134
13.533333 35.403085 1.002542 0.016976 -0.011024
13.600000 35.858745 1.002516 0.016109 -0.010914
13.666667 36.114237 1.002491 0.015642 -0.010803
13.733333 36.138720 1.002465 0.015598 -0.010692
13.800000 35.937414 1.002440 0.015964 -0.010581
13.866667 35.549133 1.002414 0.016693 -0.010469
13.933333 35.029668 1.002388 0.017722 -0.010357
14.000000 34.433853 1.002362 0.018980 -0.010246
14.066667 33.805415 1.002336 0.020405 -0.010134
14.133333 33.174815 1.002311 0.021941 -0.010022
14.200000 32.561285 1.002285 0.023547 -0.009911
14.266667 31.975964 1.002259 0.025188 -0.009799
14.333333 31.424651 1.002234 0.026839 -0.009688
14.400000 30.909819 1.002208 0.028478 -0.009577
14.466667 30.431960 1.002183 0.030089 -0.009467
14.533333 29.990438 1.002157 0.031658 -0.009357
14.600000 29.584022 1.002132 0.033174 -0.009247
14.666667 29.211203 1.002107 0.034629 -0.009138
14.733333 28.870379 1.002082 0.036015 -0.009030
14.800000 28.559969 1.002057 0.037325 -0.008922
14.866667 28.278471 1.002032 0.038555 -0.008815
14.933333 28.024494 1.002007 0.039699 -0.008708
15.000000 27.796770 1.001983 0.040753 -0.008602
15.066667 27.594159 1.001959 0.041715 -0.008497
15.133333 27.415648 1.001935 0.042581 -0.008393
15.200000 27.260345 1.001911 0.043349 -0.008290
15.266667 27.127470 1.001887 0.044018 -0.008187
15.333333 27.016357 1.001864 0.044584 -0.008086
15.400000 26.926438 1.001841 0.045048 -0.007985
15.466667 26.857242 1.001818 0.045409 -0.007886
15.533333 26.808394 1.001795 0.045665 -0.007787
15.600000 26.779605 1.001773 0.045816 -0.007690
15.666667 26.770671 1.001750 0.045863 -0.007594
15.733333 26.781475 1.001728 0.045806 -0.007499
15.800000 26.811983 1.001707 0.045646 -0.007405
15.866667 26.862243 1.001685 0.045382 -0.007312
15.933333 26.932394 1.001664 0.045017 -0.007220
16.000000 27.022661 1.001643 0.044552 -0.007130
16.066667 27.133366 1.001623 0.043988 -0.007041
16.133333 27.264929 1.001603 0.043326 -0.006953
16.200000 27.417884 1.001583 0.042570 -0.006866
16.266667 27.592881 1.001563 0.041721 -0.006781
16.333333 27.790708 1.001544 0.040782 -0.006697
16.400000 28.012304 1.001525 0.039754 -0.006615
16.466667 28.258779 1.001506 0.038642 -0.006534
16.533333 28.531445 1.001488 0.037448 -0.006454
16.600000 28.831850 1.001470 0.036175 -0.006376
16.666667 29.161816 1.001452 0.034826 -0.006299
16.733333 29.523499 1.001434 0.033406 -0.006224
16.800000 29.919456 1.001417 0.031917 -0.006150
16.866667 30.352737 1.001401 0.030364 -0.006078
16.933333 30.827004 1.001384 0.028751 -0.006007
17.000000 31.346690 1.001368 0.027081 -0.005937
17.066667 31.917211 1.001353 0.025359 -0.005870
17.133333 32.545267 1.001337 0.023590 -0.005803
17.200000 33.239249 1.001323 0.021779 -0.005738
17.266667 34.009831 1.001308 0.019930 -0.005675
17.333333 34.870839 1.001294 0.018049 -0.005613
17.400000 35.840544 1.001280 0.016143 -0.005553
17.466667 36.943653 1.001266 0.014217 -0.005494
17.533333 38.214404 1.001253 0.012282 -0.005437
17.600000 39.701355 1.001240 0.010350 -0.005382
17.666667 41.474051 1.001228 0.008439 -0.005328
17.733333 43.627064 1.001216 0.006586 -0.005275
17.800000 46.242565 1.001204 0.004874 -0.005225
17.866667 49.059465 1.001193 0.003524 -0.005175
17.933333 50.280321 1.001182 0.003062 -0.005128
18.000000 48.369790 1.001171 0.003815 -0.005082
18.066667 45.556802 1.001161 0.005274 -0.005037
18.133333 43.102437 1.001151 0.006996 -0.004994
18.200000 41.097194 1.001141 0.008813 -0.004953
18.266667 39.444383 1.001132 0.010661 -0.004913
18.333333 38.055798 1.001123 0.012509 -0.004874
18.400000 36.868309 1.001115 0.014341 -0.004838
18.466667 35.837835 1.001107 0.016148 -0.004802
18.533333 34.933107 1.001099 0.017920 -0.004769
18.600000 34.131403 1.001092 0.019653 -0.004736
18.666667 33.415802 1.001084 0.021341 -0.004706
18.733333 32.773419 1.001078 0.022979 -0.004677
18.800000 32.194245 1.001071 0.024563 -0.004649
18.866667 31.670370 1.001065 0.026090 -0.004623
18.933333 31.195444 1.001060 0.027557 -0.004598
19.000000 30.764306 1.001054 0.028959 -0.004575
19.066667 30.372708 1.001049 0.030295 -0.004553
19.133333 30.017121 1.001045 0.031561 -0.004533
19.200000 29.694585 1.001040 0.032754 -0.004514
19.266667 29.402598 1.001036 0.033874 -0.004496
19.333333 29.139033 1.001033 0.034918 -0.004480
19.400000 28.902066 1.001029 0.035884 -0.004466
19.466667 28.690128 1.001026 0.036770 -0.004453
19.533333 28.501862 1.001023 0.037576 -0.004441
19.600000 28.336086 1.001021 0.038300 -0.004430
19.666667 28.191770 1.001019 0.038941 -0.004421
19.733333 28.068008 1.001017 0.039500 -0.004413
19.800000 27.964001 1.001016 0.039976 -0.004407
19.866667 27.879039 1.001014 0.040369 -0.004402
19.933333 27.812486 1.001013 0.040680 -0.004398
20.000000 27.763765 1.001013 0.040908 -0.004395
20.066667 27.732348 1.001012 0.041057 -0.004393
20.133333 27.717739 1.001012 0.041126 -0.004393
20.200000 27.719464 1.001013 0.041118 -0.004394
20.266667 27.737055 1.001013 0.041034 -0.004396
20.333333 27.770039 1.001014 0.040879 -0.004400
20.400000 27.817919 1.001015 0.040654 -0.004404
20.466667 27.880156 1.001016 0.040364 -0.004410
20.533333 27.956148 1.001018 0.040012 -0.004417
20.600000 28.045207 1.001020 0.039604 -0.004424
20.666667 28.146532 1.001022 0.039145 -0.004433
20.733333 28.259173 1.001024 0.038640 -0.004443
20.800000 28.381999 1.001027 0.038098 -0.004454
20.866667 28.513656 1.001029 0.037525 -0.004466
20.933333 28.652522 1.001032 0.036930 -0.004479
21.000000 28.796661 1.001035 0.036322 -0.004493
21.066667 28.943779 1.001039 0.035712 -0.004508
21.133333 29.091181 1.001043 0.035111 -0.004524
21.200000 29.235748 1.001046 0.034531 -0.004541
21.266667 29.373924 1.001050 0.033986 -0.004558
21.333333 29.501747 1.001055 0.033490 -0.004577
21.400000 29.614916 1.001059 0.033056 -0.004596
21.466667 29.708913 1.001064 0.032700 -0.004616
21.533333 29.779191 1.001069 0.032437 -0.004637
21.600000 29.821406 1.001074 0.032280 -0.004659
21.666667 29.831704 1.001079 0.032241 -0.004681
21.733333 29.807000 1.001084 0.032333 -0.004704
21.800000 29.745239 1.001090 0.032564 -0.004728
21.866667 29.645572 1.001095 0.032940 -0.004753
21.933333 29.508429 1.001101 0.033464 -0.004778
22.000000 29.335465 1.001107 0.034137 -0.004803
22.066667 29.129401 1.001113 0.034957 -0.004830
22.133333 28.893771 1.001119 0.035918 -0.004857
22.200000 28.632641 1.001126 0.037014 -0.004884
22.266667 28.350328 1.001132 0.038237 -0.004912
22.333333 28.051144 1.001139 0.039577 -0.004940
22.400000 27.739209 1.001145 0.041024 -0.004969
22.466667 27.418313 1.001152 0.042568 -0.004999
22.533333 27.091840 1.001159 0.044199 -0.005029
22.600000 26.762730 1.001166 0.045905 -0.005059
22.666667 26.433485 1.001173 0.047679 -0.005089
22.733333 26.106190 1.001180 0.049510 -0.005120
22.800000 25.782551 1.001187 0.051389 -0.005151
22.866667 25.463938 1.001194 0.053309 -0.005183
22.933333 25.151430 1.001202 0.055262 -0.005215
23.000000 24.845856 1.001209 0.057241 -0.005247
23.066667 24.547839 1.001217 0.059239 -0.005279
23.133333 24.257826 1.001224 0.061250 -0.005311
23.200000 23.976120 1.001232 0.063269 -0.005344
23.266667 23.702906 1.001239 0.065291 -0.005377
23.333333 23.438275 1.001247 0.067311 -0.005410
23.400000 23.182235 1.001254 0.069325 -0.005443
23.466667 22.934733 1.001262 0.071329 -0.005476
23.533333 22.695666 1.001270 0.073319 -0.005509
23.600000 22.464885 1.001277 0.075293 -0.005542
23.666667 22.242212 1.001285 0.077248 -0.005575
23.733333 22.027439 1.001293 0.079182 -0.005609
23.800000 21.820336 1.001300 0.081093 -0.005642
23.866667 21.620655 1.001308 0.082979 -0.005675
23.933333 21.428135 1.001315 0.084839 -0.005708
24.000000 21.242501 1.001323 0.086671 -0.005741
24.066667 21.063467 1.001331 0.088476 -0.005774
24.133333 20.890741 1.001338 0.090253 -0.005806
24.200000 20.724022 1.001346 0.092002 -0.005839
24.266667 20.563002 1.001353 0.093724 -0.005871
24.333333 20.407369 1.001361 0.095418 -0.005904
24.400000 20.256806 1.001368 0.097087 -0.005936
24.466667 20.110991 1.001375 0.098730 -0.005967
24.533333 19.969600 1.001383 0.100351 -0.005999
24.600000 19.832303 1.001390 0.101949 -0.006030
24.666667 19.698771 1.001397 0.103529 -0.006061
24.733333 19.568671 1.001404 0.105091 -0.006092
24.800000 19.441671 1.001411 0.106639 -0.006123
24.866667 19.317437 1.001418 0.108175 -0.006153
24.933333 19.195638 1.001425 0.109703 -0.006183
25.000000 19.075942 1.001432 0.111225 -0.006212
25.066667 18.958024 1.001439 0.112745 -0.006242
25.133333 18.841561 1.001445 0.114267 -0.006271
25.200000 18.726236 1.001452 0.115795 -0.006299
25.266667 18.611741 1.001458 0.117331 -0.006327
25.333333 18.497775 1.001465 0.118881 -0.006355
25.400000 18.384049 1.001471 0.120447 -0.006382
25.466667 18.270288 1.001477 0.122035 -0.006409
25.533333 18.156228 1.001483 0.123648 -0.006436
25.600000 18.041623 1.001489 0.125291 -0.006462
25.666667 17.926245 1.001495 0.126966 -0.006488
25.733333 17.809883 1.001501 0.128678 -0.006513
25.800000 17.692349 1.001507 0.130432 -0.006538
25.866667 17.573475 1.001513 0.132229 -0.006563
25.933333 17.453115 1.001518 0.134074 -0.006587
26.000000 17.331149 1.001524 0.135970 -0.006610
26.066667 17.207479 1.001529 0.137920 -0.006633
26.133333 17.082031 1.001534 0.139926 -0.006656
26.200000 16.954758 1.001539 0.141991 -0.006678
26.266667 16.825633 1.001544 0.144118 -0.006700
26.333333 16.694654 1.001549 0.146308 -0.006722
26.400000 16.561842 1.001554 0.148562 -0.006743
26.466667 16.427238 1.001559 0.150882 -0.006763
26.533333 16.290903 1.001563 0.153269 -0.006783
26.600000 16.152917 1.001568 0.155724 -0.006803
26.666667 16.013375 1.001572 0.158245 -0.006822
26.733333 15.872389 1.001577 0.160835 -0.006841
26.800000 15.730082 1.001581 0.163492 -0.006859
26.866667 15.586588 1.001585 0.166215 -0.006877
26.933333 15.442053 1.001589 0.169004 -0.006894
27.000000 15.296625 1.001593 0.171858 -0.006911
27.066667 15.150463 1.001597 0.174774 -0.006928
27.133333 15.003725 1.001600 0.177752 -0.006944
27.200000 14.856573 1.001604 0.180789 -0.006959
27.266667 14.709170 1.001608 0.183883 -0.006975
27.333333 14.561677 1.001611 0.187032 -0.006989
27.400000 14.414254 1.001614 0.190234 -0.007004
27.466667 14.267055 1.001618 0.193485 -0.007018
27.533333 14.120234 1.001621 0.196783 -0.007031
27.600000 13.973935 1.001624 0.200126 -0.007045
27.666667 13.828302 1.001627 0.203510 -0.007058
27.733333 13.683467 1.001630 0.206932 -0.007070
27.800000 13.539559 1.001632 0.210389 -0.007082
27.866667 13.396699 1.001635 0.213877 -0.007094
27.933333 13.255000 1.001638 0.217395 -0.007105
28.000000 13.114568 1.001640 0.220939 -0.007116
28.066667 12.975501 1.001643 0.224504 -0.007126
28.133333 12.837892 1.001645 0.228090 -0.007137
28.200000 12.701824 1.001647 0.231691 -0.007146
28.266667 12.567372 1.001649 0.235305 -0.007156
28.333333 12.434607 1.001652 0.238929 -0.007165
28.400000 12.303590 1.001654 0.242561 -0.007174
28.466667 12.174377 1.001656 0.246196 -0.007182
28.533333 12.047018 1.001657 0.249833 -0.007191
28.600000 11.921556 1.001659 0.253467 -0.007199
28.666667 11.798026 1.001661 0.257098 -0.007206
28.733333 11.676462 1.001663 0.260722 -0.007213
28.800000 11.556888 1.001664 0.264336 -0.007220
28.866667 11.439327 1.001666 0.267938 -0.007227
28.933333 11.323794 1.001667 0.271525 -0.007234
29.000000 11.210300 1.001669 0.275096 -0.007240
29.066667 11.098854 1.001670 0.278649 -0.007246
29.133333 10.989460 1.001671 0.282181 -0.007251
29.200000 10.882117 1.001673 0.285689 -0.007257
29.266667 10.776821 1.001674 0.289174 -0.007262
29.333333 10.673568 1.001675 0.292632 -0.007267
29.400000 10.572346 1.001676 0.296062 -0.007271
29.466667 10.473145 1.001677 0.299463 -0.007276
29.533333 10.375949 1.001678 0.302833 -0.007280
29.600000 10.280743 1.001679 0.306170 -0.007284
29.666667 10.187508 1.001680 0.309474 -0.007288
29.733333 10.096223 1.001681 0.312744 -0.007291
29.800000 10.006866 1.001681 0.315978 -0.007295
29.866667 9.919415 1.001682 0.319175 -0.007298
29.933333 9.833844 1.001683 0.322335 -0.007301
30.000000 9.750128 1.001684 0.325457 -0.007304
30.066667 9.668241 1.001684 0.328540 -0.007307
30.133333 9.588156 1.001685 0.331583 -0.007309
30.200000 9.509844 1.001685 0.334586 -0.007312
30.266667 9.433277 1.001686 0.337548 -0.007314
30.333333 9.358427 1.001686 0.340470 -0.007316
30.400000 9.285265 1.001687 0.343350 -0.007318
30.466667 9.213762 1.001687 0.346188 -0.007320
30.533333 9.143889 1.001688 0.348984 -0.007321
30.600000 9.075617 1.001688 0.351738 -0.007323
30.666667 9.008918 1.001688 0.354449 -0.007325
30.733333 8.943764 1.001689 0.357118 -0.007326
30.800000 8.880126 1.001689 0.359744 -0.007327
30.866667 8.817978 1.001689 0.362327 -0.007328
30.933333 8.757291 1.001689 0.364868 -0.007329
31.000000 8.698041 1.001690 0.367365 -0.007330
31.066667 8.640200 1.001690 0.369820 -0.007331
31.133333 8.583745 1.001690 0.372231 -0.007332
31.200000 8.528650 1.001690 0.374600 -0.007333
31.266667 8.474892 1.001690 0.376925 -0.007334
31.333333 8.422448 1.001691 0.379208 -0.007334
31.400000 8.371296 1.001691 0.381448 -0.007335
31.466667 8.321414 1.001691 0.383645 -0.007335
31.533333 8.272783 1.001691 0.385799 -0.007336
31.600000 8.225382 1.001691 0.387910 -0.007336
31.666667 8.179192 1.001691 0.389978 -0.007337
31.733333 8.134195 1.001691 0.392004 -0.007337
31.800000 8.090374 1.001691 0.393986 -0.007337
31.866667 8.047711 1.001691 0.395926 -0.007337
31.933333 8.006191 1.001691 0.397824 -0.007338
32.000000 7.965797 1.001691 0.399678 -0.007338
32.066667 7.926516 1.001691 0.401489 -0.007338
32.133333 7.888333 1.001691 0.403258 -0.007338
32.200000 7.851234 1.001691 0.404984 -0.007338
32.266667 7.815205 1.001691 0.406668 -0.007338
32.333333 7.780233 1.001691 0.408308 -0.007338
32.400000 7.746307 1.001692 0.409906 -0.007338
32.466667 7.713412 1.001692 0.411462 -0.007339
32.533333 7.681536 1.001692 0.412974 -0.007339
32.600000 7.650669 1.001692 0.414445 -0.007339
32.666667 7.620796 1.001692 0.415873 -0.007339
32.733333 7.591905 1.001692 0.417258 -0.007339
32.800000 7.563985 1.001692 0.418601 -0.007339
32.866667 7.537022 1.001692 0.419903 -0.007339
32.933333 7.511004 1.001692 0.421163 -0.007339
33.000000 7.485916 1.001692 0.422381 -0.007339
33.066667 7.461745 1.001692 0.423558 -0.007339
33.133333 7.438477 1.001692 0.424694 -0.007339
33.200000 7.416095 1.001692 0.425790 -0.007339
33.266667 7.394585 1.001692 0.426846 -0.007339
33.333333 7.373930 1.001692 0.427862 -0.007339
33.400000 7.354112 1.001692 0.428839 -0.007339
33.466667 7.335113 1.001692 0.429778 -0.007340
33.533333 7.316914 1.001692 0.430680 -0.007340
33.600000 7.299494 1.001692 0.431544 -0.007340
33.666667 7.282831 1.001692 0.432373 -0.007340
33.733333 7.266903 1.001692 0.433166 -0.007340
33.800000 7.251686 1.001692 0.433926 -0.007341
33.866667 7.237155 1.001692 0.434653 -0.007341
33.933333 7.223284 1.001692 0.435347 -0.007341
34.000000 7.210045 1.001692 0.436011 -0.007341
34.066667 7.197408 1.001692 0.436646 -0.007342
34.133333 7.185345 1.001692 0.437253 -0.007342
34.200000 7.173823 1.001692 0.437833 -0.007343
34.266667 7.162810 1.001693 0.438389 -0.007343
34.333333 7.152271 1.001693 0.438921 -0.007343
34.400000 7.142172 1.001693 0.439432 -0.007344
34.466667 7.132476 1.001693 0.439923 -0.007345
34.533333 7.123145 1.001693 0.440395 -0.007345
34.600000 7.114141 1.001693 0.440852 -0.007346
34.666667 7.105424 1.001693 0.441295 -0.007346
34.733333 7.096954 1.001693 0.441725 -0.007347
34.800000 7.088689 1.001694 0.442146 -0.007348
34.866667 7.080588 1.001694 0.442558 -0.007349
34.933333 7.072608 1.001694 0.442965 -0.007350
35.000000 7.064706 1.001694 0.443368 -0.007350
35.066667 7.056838 1.001694 0.443770 -0.007351
35.133333 7.048963 1.001695 0.444173 -0.007352
35.200000 7.041036 1.001695 0.444578 -0.007353
35.266667 7.033014 1.001695 0.444989 -0.007354
35.333333 7.024856 1.001695 0.445407 -0.007356
35.400000 7.016518 1.001696 0.445835 -0.007357
35.466667 7.007960 1.001696 0.446274 -0.007358
35.533333 6.999141 1.001696 0.446728 -0.007359
35.600000 6.990024 1.001697 0.447197 -0.007361
35.666667 6.980569 1.001697 0.447684 -0.007362
35.733333 6.970742 1.001697 0.448191 -0.007363
35.800000 6.960508 1.001698 0.448719 -0.007365
35.866667 6.949835 1.001698 0.449271 -0.007367
35.933333 6.938695 1.001698 0.449847 -0.007368
36.000000 6.927058 1.001699 0.450451 -0.007370
36.066667 6.914902 1.001699 0.451081 -0.007371
36.133333 6.902204 1.001699 0.451741 -0.007373
36.200000 6.888944 1.001700 0.452431 -0.007375
36.266667 6.875109 1.001700 0.453153 -0.007377
36.333333 6.860685 1.001701 0.453906 -0.007379
36.400000 6.845662 1.001701 0.454692 -0.007381
36.466667 6.830037 1.001702 0.455510 -0.007382
36.533333 6.813806 1.001702 0.456362 -0.007384
36.600000 6.796970 1.001703 0.457248 -0.007386
36.666667 6.779537 1.001703 0.458166 -0.007388
36.733333 6.761513 1.001704 0.459118 -0.007391
36.800000 6.742913 1.001704 0.460102 -0.007393
36.866667 6.723751 1.001704 0.461118 -0.007395
36.933333 6.704049 1.001705 0.462166 -0.007397
37.000000 6.683829 1.001705 0.463243 -0.007399
37.066667 6.663118 1.001706 0.464349 -0.007401
37.133333 6.641946 1.001707 0.465482 -0.007404
37.200000 6.620347 1.001707 0.466641 -0.007406
37.266667 6.598358 1.001708 0.467824 -0.007408
37.333333 6.576017 1.001708 0.469028 -0.007410
37.400000 6.553367 1.001709 0.470253 -0.007412
37.466667 6.530453 1.001709 0.471495 -0.007415
37.533333 6.507321 1.001710 0.472753 -0.007417
37.600000 6.484022 1.001710 0.474022 -0.007419
37.666667 6.460606 1.001711 0.475302 -0.007421
37.733333 6.437126 1.001711 0.476589 -0.007423
37.800000 6.413638 1.001712 0.477879 -0.007425
37.866667 6.390197 1.001712 0.479171 -0.007428
37.933333 6.366860 1.001713 0.480460 -0.007430
38.000000 6.343686 1.001713 0.481743 -0.007432
38.066667 6.320733 1.001713 0.483018 -0.007434
38.133333 6.298060 1.001714 0.484281 -0.007435
38.200000 6.275726 1.001714 0.485527 -0.007437
38.266667 6.253793 1.001715 0.486755 -0.007439
38.333333 6.232318 1.001715 0.487960 -0.007441
38.400000 6.211361 1.001716 0.489139 -0.007443
38.466667 6.190981 1.001716 0.490288 -0.007444
38.533333 6.171236 1.001716 0.491403 -0.007446
38.600000 6.152183 1.001717 0.492483 -0.007447
38.666667 6.133879 1.001717 0.493521 -0.007449
38.733333 6.116378 1.001717 0.494517 -0.007450
38.800000 6.099733 1.001717 0.495465 -0.007451
38.866667 6.083999 1.001718 0.496364 -0.007452
38.933333 6.069225 1.001718 0.497209 -0.007453
39.000000 6.055461 1.001718 0.497997 -0.007454
39.066667 6.042754 1.001718 0.498726 -0.007455
39.133333 6.031150 1.001718 0.499393 -0.007455
39.200000 6.020692 1.001719 0.499995 -0.007456
39.266667 6.011421 1.001719 0.500529 -0.007456
39.333333 6.003378 1.001719 0.500992 -0.007457
39.400000 5.996598 1.001719 0.501384 -0.007457
39.466667 5.991116 1.001719 0.501700 -0.007457
39.533333 5.986965 1.001719 0.501940 -0.007457
39.600000 5.984173 1.001719 0.502101 -0.007457
39.666667 5.982767 1.001719 0.502183 -0.007456
39.733333 5.982772 1.001719 0.502182 -0.007456
39.800000 5.984208 1.001718 0.502099 -0.007455
39.866667 5.987094 1.001718 0.501932 -0.007454
39.933333 5.991444 1.001718 0.501681 -0.007453
40.000000 5.997271 1.001718 0.501345 -0.007452
40.066667 6.004583 1.001717 0.500923 -0.007451
40.133333 6.013385 1.001717 0.500415 -0.007449
40.200000 6.023680 1.001717 0.499823 -0.007448
40.266667 6.035466 1.001716 0.499145 -0.007446
40.333333 6.048737 1.001716 0.498383 -0.007444
40.400000 6.063484 1.001715 0.497537 -0.007442
40.466667 6.079694 1.001715 0.496610 -0.007440
40.533333 6.097350 1.001714 0.495601 -0.007437
40.600000 6.116432 1.001714 0.494514 -0.007435
40.666667 6.136912 1.001713 0.493349 -0.007432
40.733333 6.158762 1.001712 0.492110 -0.007429
40.800000 6.181947 1.001712 0.490798 -0.007426
40.866667 6.206427 1.001711 0.489417 -0.007423
40.933333 6.232160 1.001710 0.487969 -0.007419
41.000000 6.259097 1.001709 0.486458 -0.007415
41.066667 6.287184 1.001708 0.484887 -0.007412
41.133333 6.316363 1.001707 0.483261 -0.007408
41.200000 6.346571 1.001706 0.481583 -0.007403
41.266667 6.377737 1.001705 0.479858 -0.007399
41.333333 6.409790 1.001704 0.478091 -0.007395
41.400000 6.442649 1.001703 0.476286 -0.007390
41.466667 6.476230 1.001702 0.474448 -0.007385
41.533333 6.510445 1.001701 0.472583 -0.007380
41.600000 6.545199 1.001700 0.470696 -0.007375
41.666667 6.580392 1.001699 0.468792 -0.007370
41.733333 6.615921 1.001697 0.466879 -0.007364
41.800000 6.651677 1.001696 0.464961 -0.007359
41.866667 6.687547 1.001695 0.463044 -0.007353
41.933333 6.723416 1.001693 0.461136 -0.007347
42.000000 6.759162 1.001692 0.459242 -0.007341
42.066667 6.794662 1.001691 0.457369 -0.007335
42.133333 6.829790 1.001689 0.455523 -0.007328
42.200000 6.864419 1.001688 0.453711 -0.007322
42.266667 6.898419 1.001686 0.451938 -0.007315
42.333333 6.931661 1.001685 0.450212 -0.007309
42.400000 6.964013 1.001683 0.448538 -0.007302
42.466667 6.995348 1.001682 0.446923 -0.007295
42.533333 7.025539 1.001680 0.445372 -0.007288
42.600000 7.054461 1.001678 0.443892 -0.007281
42.666667 7.081993 1.001677 0.442487 -0.007274
42.733333 7.108019 1.001675 0.441163 -0.007267
42.800000 7.132430 1.001673 0.439925 -0.007260
42.866667 7.155122 1.001672 0.438777 -0.007253
42.933333 7.175999 1.001670 0.437724 -0.007246
43.000000 7.194975 1.001668 0.436768 -0.007238
43.066667 7.211972 1.001667 0.435915 -0.007231
43.133333 7.226923 1.001665 0.435165 -0.007224
43.200000 7.239773 1.001663 0.434522 -0.007217
43.266667 7.250479 1.001662 0.433986 -0.007210
43.333333 7.259009 1.001660 0.433560 -0.007203
43.400000 7.265347 1.001659 0.433244 -0.007196
43.466667 7.269487 1.001657 0.433038 -0.007189
43.533333 7.271440 1.001655 0.432940 -0.007182
43.600000 7.271228 1.001654 0.432951 -0.007175
43.666667 7.268889 1.001652 0.433067 -0.007169
43.733333 7.264474 1.001651 0.433288 -0.007162
43.800000 7.258045 1.001649 0.433608 -0.007156
43.866667 7.249680 1.001648 0.434026 -0.007150
43.933333 7.239467 1.001647 0.434537 -0.007144
44.000000 7.227507 1.001645 0.435136 -0.007138
44.066667 7.213911 1.001644 0.435817 -0.007132
44.133333 7.198799 1.001643 0.436576 -0.007127
44.200000 7.182302 1.001641 0.437406 -0.007122
44.266667 7.164557 1.001640 0.438301 -0.007117
44.333333 7.145709 1.001639 0.439253 -0.007112
44.400000 7.125910 1.001638 0.440255 -0.007108
44.466667 7.105316 1.001637 0.441300 -0.007103
44.533333 7.084086 1.001636 0.442380 -0.007100
44.600000 7.062384 1.001636 0.443487 -0.007096
44.666667 7.040376 1.001635 0.444612 -0.007093
44.733333 7.018228 1.001634 0.445747 -0.007090
44.800000 6.996107 1.001634 0.446884 -0.007087
44.866667 6.974179 1.001633 0.448013 -0.007085
44.933333 6.952611 1.001633 0.449127 -0.007083
45.000000 6.931567 1.001632 0.450217 -0.007082
45.066667 6.911208 1.001632 0.451273 -0.007080
45.133333 6.891693 1.001632 0.452288 -0.007080
45.200000 6.873177 1.001632 0.453253 -0.007079
45.266667 6.855812 1.001632 0.454161 -0.007079
45.333333 6.839746 1.001632 0.455001 -0.007079
45.400000 6.825122 1.001632 0.455768 -0.007080
45.466667 6.812079 1.001632 0.456453 -0.007081
45.533333 6.800749 1.001632 0.457049 -0.007082
45.600000 6.791262 1.001633 0.457548 -0.007084
45.666667 6.783741 1.001633 0.457945 -0.007086
45.733333 6.778304 1.001634 0.458231 -0.007089
45.800000 6.775063 1.001635 0.458402 -0.007092
45.866667 6.774126 1.001635 0.458452 -0.007095
45.933333 6.775592 1.001636 0.458374 -0.007099
46.000000 6.779558 1.001637 0.458165 -0.007103
46.066667 6.786114 1.001638 0.457820 -0.007107
46.133333 6.795343 1.001639 0.457333 -0.007112
46.200000 6.807322 1.001640 0.456703 -0.007117
46.266667 6.822123 1.001642 0.455925 -0.007122
46.333333 6.839811 1.001643 0.454998 -0.007127
46.400000 6.860444 1.001644 0.453918 -0.007133
46.466667 6.884076 1.001646 0.452685 -0.007139
46.533333 6.910750 1.001647 0.451297 -0.007145
46.600000 6.940505 1.001648 0.449754 -0.007152
46.666667 6.973371 1.001650 0.448055 -0.007159
46.733333 7.009371 1.001652 0.446202 -0.007165
46.800000 7.048520 1.001653 0.444195 -0.007172
46.866667 7.090822 1.001655 0.442037 -0.007180
46.933333 7.136274 1.001657 0.439730 -0.007187
47.000000 7.184864 1.001658 0.437277 -0.007194
47.066667 7.236566 1.001660 0.434682 -0.007202
47.133333 7.291346 1.001662 0.431949 -0.007209
47.200000 7.349156 1.001663 0.429084 -0.007217
47.266667 7.409937 1.001665 0.426092 -0.007225
47.333333 7.473615 1.001667 0.422979 -0.007232
47.400000 7.540100 1.001669 0.419754 -0.007240
47.466667 7.609287 1.001670 0.416424 -0.007247
47.533333 7.681056 1.001672 0.412997 -0.007255
47.600000 7.755265 1.001674 0.409484 -0.007262
47.666667 7.831755 1.001676 0.405894 -0.007269
47.733333 7.910344 1.001677 0.402238 -0.007276
47.800000 7.990831 1.001679 0.398528 -0.007283
47.866667 8.072989 1.001680 0.394776 -0.007290
47.933333 8.156568 1.001682 0.390995 -0.007296
48.000000 8.241291 1.001683 0.387200 -0.007303
48.066667 8.326857 1.001685 0.383404 -0.007309
48.133333 8.412937 1.001686 0.379624 -0.007314
48.200000 8.499175 1.001687 0.375873 -0.007320
48.266667 8.585187 1.001688 0.372169 -0.007325
48.333333 8.670564 1.001689 0.368529 -0.007330
48.400000 8.754871 1.001690 0.364969 -0.007334
48.466667 8.837649 1.001691 0.361508 -0.007338
48.533333 8.918419 1.001692 0.358162 -0.007342
48.600000 8.996683 1.001693 0.354949 -0.007345
48.666667 9.071931 1.001694 0.351887 -0.007348
48.733333 9.143644 1.001694 0.348994 -0.007351
48.800000 9.211299 1.001695 0.346286 -0.007353
48.866667 9.274379 1.001695 0.343780 -0.007355
48.933333 9.332378 1.001696 0.341492 -0.007356
49.000000 9.384812 1.001696 0.339437 -0.007357
49.066667 9.431224 1.001696 0.337628 -0.007358
49.133333 9.471194 1.001696 0.336078 -0.007358
49.200000 9.504350 1.001696 0.334798 -0.007357
49.266667 9.530371 1.001696 0.333796 -0.007357
49.333333 9.549002 1.001695 0.333081 -0.007356
49.400000 9.560053 1.001695 0.332658 -0.007354
49.466667 9.563408 1.001695 0.332529 -0.007352
49.533333 9.559026 1.001694 0.332697 -0.007350
49.600000 9.546944 1.001693 0.333160 -0.007347
49.666667 9.527277 1.001693 0.333915 -0.007344
49.733333 9.500214 1.001692 0.334957 -0.007341
49.800000 9.466016 1.001691 0.336279 -0.007337
49.866667 9.425008 1.001690 0.337870 -0.007333
49.933333 9.377576 1.001689 0.339720 -0.007328
50.000000 9.324155 1.001688 0.341816 -0.007324
50.066667 9.265224 1.001687 0.344143 -0.007319
50.133333 9.201296 1.001686 0.346685 -0.007313
50.200000 9.132910 1.001684 0.349425 -0.007308
50.266667 9.060620 1.001683 0.352346 -0.007302
50.333333 8.984992 1.001682 0.355427 -0.007296
50.400000 8.906593 1.001680 0.358650 -0.007290
50.466667 8.825986 1.001679 0.361993 -0.007284
50.533333 8.743724 1.001677 0.365438 -0.007278
50.600000 8.660346 1.001676 0.368963 -0.007271
50.666667 8.576375 1.001674 0.372547 -0.007265
50.733333 8.492310 1.001673 0.376170 -0.007258
50.800000 8.408629 1.001671 0.379812 -0.007251
50.866667 8.325787 1.001670 0.383452 -0.007245
50.933333 8.244212 1.001668 0.387070 -0.007238
51.000000 8.164309 1.001667 0.390647 -0.007232
51.066667 8.086457 1.001665 0.394164 -0.007225
51.133333 8.011011 1.001664 0.397603 -0.007219
51.200000 7.938303 1.001662 0.400945 -0.007212
51.266667 7.868642 1.001661 0.404174 -0.007206
51.333333 7.802318 1.001660 0.407272 -0.007200
51.400000 7.739600 1.001658 0.410223 -0.007194
51.466667 7.680740 1.001657 0.413012 -0.007188
51.533333 7.625971 1.001656 0.415625 -0.007183
51.600000 7.575514 1.001654 0.418046 -0.007177
51.666667 7.529575 1.001653 0.420263 -0.007172
51.733333 7.488347 1.001652 0.422263 -0.007168
51.800000 7.452014 1.001651 0.424033 -0.007163
51.866667 7.420749 1.001650 0.425562 -0.007159
51.933333 7.394718 1.001649 0.426839 -0.007155
52.000000 7.374079 1.001648 0.427854 -0.007151
52.066667 7.358985 1.001648 0.428599 -0.007148
52.133333 7.349586 1.001647 0.429063 -0.007145
52.200000 7.346026 1.001646 0.429239 -0.007142
52.266667 7.348449 1.001646 0.429119 -0.007140
52.333333 7.356996 1.001645 0.428697 -0.007138
52.400000 7.371808 1.001645 0.427966 -0.007136
52.466667 7.393028 1.001645 0.426922 -0.007135
52.533333 7.420798 1.001644 0.425559 -0.007134
52.600000 7.455265 1.001644 0.423874 -0.007133
52.666667 7.496577 1.001644 0.421863 -0.007133
52.733333 7.544889 1.001644 0.419523 -0.007133
52.800000 7.600359 1.001644 0.416852 -0.007134
52.866667 7.663150 1.001644 0.413850 -0.007134
52.933333 7.733434 1.001645 0.410514 -0.007135
53.000000 7.811389 1.001645 0.406846 -0.007136
53.066667 7.897202 1.001645 0.402847 -0.007138
53.133333 7.991069 1.001646 0.398517 -0.007140
53.200000 8.093196 1.001646 0.393858 -0.007142
53.266667 8.203800 1.001647 0.388875 -0.007144
53.333333 8.323110 1.001647 0.383570 -0.007147
53.400000 8.451367 1.001648 0.377948 -0.007150
53.466667 8.588825 1.001649 0.372014 -0.007153
53.533333 8.735751 1.001649 0.365774 -0.007156
53.600000 8.892430 1.001650 0.359235 -0.007159
53.666667 9.059156 1.001651 0.352405 -0.007163
53.733333 9.236242 1.001652 0.345293 -0.007166
53.800000 9.424013 1.001653 0.337909 -0.007170
53.866667 9.622809 1.001653 0.330263 -0.007173
53.933333 9.832981 1.001654 0.322367 -0.007177
54.000000 10.054889 1.001655 0.314236 -0.007181
54.066667 10.288901 1.001656 0.305883 -0.007185
54.133333 10.535382 1.001657 0.297325 -0.007189
54.200000 10.794691 1.001658 0.288579 -0.007193
54.266667 11.067167 1.001659 0.279667 -0.007196
54.333333 11.353114 1.001660 0.270610 -0.007200
54.400000 11.652782 1.001660 0.261433 -0.007203
54.466667 11.966334 1.001661 0.252164 -0.007207
54.533333 12.293807 1.001662 0.242834 -0.007210
54.600000 12.635062 1.001663 0.233478 -0.007213
54.666667 12.989711 1.001663 0.224137 -0.007216
54.733333 13.357023 1.001664 0.214857 -0.007219
54.800000 13.735804 1.001665 0.205688 -0.007222
54.866667 14.124241 1.001665 0.196693 -0.007224
54.933333 14.519713 1.001666 0.187938 -0.007226
55.000000 14.918557 1.001666 0.179503 -0.007228
55.066667 15.315821 1.001666 0.171478 -0.007230
55.133333 15.705005 1.001667 0.163964 -0.007231
55.200000 16.077871 1.001667 0.157075 -0.007232
55.266667 16.424390 1.001667 0.150932 -0.007233
55.333333 16.732960 1.001667 0.145664 -0.007233
55.400000 16.991027 1.001667 0.141400 -0.007233
55.466667 17.186169 1.001667 0.138258 -0.007233
55.533333 17.307592 1.001667 0.136339 -0.007232
55.600000 17.347757 1.001667 0.135710 -0.007231
55.666667 17.303697 1.001666 0.136400 -0.007230
55.733333 17.177572 1.001666 0.138395 -0.007228
55.800000 16.976262 1.001666 0.141640 -0.007226
55.866667 16.710146 1.001665 0.146047 -0.007224
55.933333 16.391499 1.001665 0.151504 -0.007221
56.000000 16.032944 1.001664 0.157889 -0.007219
56.066667 15.646292 1.001663 0.165077 -0.007215
56.133333 15.241852 1.001662 0.172945 -0.007212
56.200000 14.828159 1.001661 0.181381 -0.007208
56.266667 14.411983 1.001660 0.190283 -0.007203
56.333333 13.998517 1.001659 0.199560 -0.007199
56.400000 13.591615 1.001658 0.209131 -0.007194
56.466667 13.194057 1.001657 0.218926 -0.007189
56.533333 12.807776 1.001656 0.228882 -0.007184
56.600000 12.434060 1.001654 0.238944 -0.007178
56.666667 12.073712 1.001653 0.249066 -0.007172
56.733333 11.727175 1.001652 0.259204 -0.007166
56.800000 11.394629 1.001650 0.269320 -0.007160
56.866667 11.076069 1.001649 0.279381 -0.007153
56.933333 10.771357 1.001647 0.289356 -0.007146
57.000000 10.480264 1.001646 0.299217 -0.007140
57.066667 10.202502 1.001644 0.308941 -0.007133
57.133333 9.937747 1.001642 0.318502 -0.007126
57.200000 9.685653 1.001641 0.327882 -0.007118
57.266667 9.445865 1.001639 0.337060 -0.007111
57.333333 9.218030 1.001637 0.346018 -0.007104
57.400000 9.001800 1.001636 0.354740 -0.007096
57.466667 8.796836 1.001634 0.363210 -0.007089
57.533333 8.602813 1.001632 0.371415 -0.007082
57.600000 8.419420 1.001631 0.379340 -0.007074
57.666667 8.246362 1.001629 0.386974 -0.007067
57.733333 8.083361 1.001627 0.394305 -0.007060
57.800000 7.930153 1.001626 0.401321 -0.007052
57.866667 7.786494 1.001624 0.408014 -0.007045
57.933333 7.652152 1.001622 0.414374 -0.007038
58.000000 7.526913 1.001621 0.420392 -0.007031
58.066667 7.410578 1.001619 0.426060 -0.007024
58.133333 7.302960 1.001618 0.431372 -0.007018
58.200000 7.203890 1.001616 0.436320 -0.007011
58.266667 7.113209 1.001615 0.440899 -0.007005
58.333333 7.030773 1.001613 0.445104 -0.006999
58.400000 6.956449 1.001612 0.448929 -0.006993
58.466667 6.890117 1.001611 0.452370 -0.006988
58.533333 6.831669 1.001609 0.455425 -0.006982
58.600000 6.781006 1.001608 0.458089 -0.006977
58.666667 6.738041 1.001607 0.460360 -0.006972
58.733333 6.702698 1.001606 0.462237 -0.006968
58.800000 6.674910 1.001605 0.463719 -0.006964
58.866667 6.654620 1.001604 0.464803 -0.006960
58.933333 6.641783 1.001603 0.465491 -0.006956
59.000000 6.636361 1.001603 0.465781 -0.006953
59.066667 6.638325 1.001602 0.465676 -0.006950
59.133333 6.647657 1.001601 0.465176 -0.006947
59.200000 6.664349 1.001601 0.464283 -0.006944
59.266667 6.688401 1.001600 0.462999 -0.006942
59.333333 6.719822 1.001600 0.461327 -0.006940
59.400000 6.758632 1.001599 0.459270 -0.006939
59.466667 6.804859 1.001599 0.456833 -0.006938
59.533333 6.858544 1.001599 0.454018 -0.006937
59.600000 6.919734 1.001599 0.450830 -0.006936
59.666667 6.988491 1.001599 0.447276 -0.006936
59.733333 7.064884 1.001599 0.443359 -0.006936
59.800000 7.148996 1.001599 0.439087 -0.006936
59.866667 7.240921 1.001599 0.434464 -0.006937
59.933333 7.340765 1.001599 0.429499 -0.006938
60.000000 7.448650 1.001599 0.424197 -0.006939
60.066667 7.564708 1.001600 0.418567 -0.006941
60.133333 7.689089 1.001600 0.412616 -0.006943
60.200000 7.821958 1.001601 0.406352 -0.006945
60.266667 7.963497 1.001601 0.399784 -0.006947
60.333333 8.113908 1.001602 0.392920 -0.006949
60.400000 8.273411 1.001602 0.385771 -0.006952
60.466667 8.442250 1.001603 0.378345 -0.006955
60.533333 8.620690 1.001604 0.370651 -0.006958
60.600000 8.809024 1.001605 0.362701 -0.006962
60.666667 9.007573 1.001605 0.354504 -0.006966
60.733333 9.216687 1.001606 0.346071 -0.006969
60.800000 9.436754 1.001607 0.337413 -0.006973
60.866667 9.668195 1.001608 0.328542 -0.006977
60.933333 9.911476 1.001609 0.319467 -0.006982
61.000000 10.167109 1.001610 0.310202 -0.006986
61.066667 10.435655 1.001611 0.300758 -0.006991
61.133333 10.717734 1.001612 0.291148 -0.006996
61.200000 11.014030 1.001614 0.281383 -0.007001
61.266667 11.325296 1.001615 0.271478 -0.007006
61.333333 11.652366 1.001616 0.261446 -0.007011
61.400000 11.996161 1.001617 0.251300 -0.007016
61.466667 12.357702 1.001618 0.241054 -0.007021
61.533333 12.738118 1.001620 0.230725 -0.007027
61.600000 13.138658 1.001621 0.220327 -0.007032
61.666667 13.560705 1.001622 0.209877 -0.007038
61.733333 14.005782 1.001623 0.199393 -0.007043
61.800000 14.475561 1.001625 0.188896 -0.007049
61.866667 14.971862 1.001626 0.178405 -0.007055
61.933333 15.496642 1.001627 0.167945 -0.007061
62.000000 16.051960 1.001629 0.157544 -0.007066
62.066667 16.639904 1.001630 0.147233 -0.007072
62.133333 17.262448 1.001632 0.137050 -0.007078
62.200000 17.921197 1.001633 0.127040 -0.007084
62.266667 18.616936 1.001634 0.117261 -0.007091
62.333333 19.348858 1.001636 0.107785 -0.007097
62.400000 20.113276 1.001637 0.098704 -0.007103
62.466667 20.901540 1.001639 0.090141 -0.007109
62.533333 21.696908 1.001640 0.082254 -0.007116
62.600000 22.470395 1.001642 0.075245 -0.007122
62.666667 23.176706 1.001643 0.069369 -0.007129
62.733333 23.753749 1.001645 0.064910 -0.007135
62.800000 24.131602 1.001646 0.062147 -0.007142
62.866667 24.254291 1.001648 0.061275 -0.007149
62.933333 24.105141 1.001649 0.062337 -0.007156
63.000000 23.715584 1.001651 0.065196 -0.007162
63.066667 23.148977 1.001653 0.069591 -0.007170
63.133333 22.474422 1.001654 0.075211 -0.007177
63.200000 21.748902 1.001656 0.081763 -0.007184
63.266667 21.012032 1.001658 0.089002 -0.007191
63.333333 20.288275 1.001659 0.096736 -0.007199
63.400000 19.591263 1.001661 0.104818 -0.007206
63.466667 18.927672 1.001663 0.113140 -0.007214
63.533333 18.299994 1.001665 0.121619 -0.007222
63.600000 17.708326 1.001667 0.130192 -0.007230
63.666667 17.151469 1.001668 0.138812 -0.007239
63.733333 16.627577 1.001670 0.147442 -0.007247
63.800000 16.134534 1.001672 0.156053 -0.007255
63.866667 15.670167 1.001674 0.164623 -0.007264
63.933333 15.232361 1.001676 0.173134 -0.007273
64.000000 14.819117 1.001679 0.181570 -0.007282
64.066667 14.428580 1.001681 0.189920 -0.007291
64.133333 14.059043 1.001683 0.198175 -0.007301
64.200000 13.708947 1.001685 0.206325 -0.007311
64.266667 13.376873 1.001687 0.214366 -0.007320
64.333333 13.061531 1.001690 0.222292 -0.007330
64.400000 12.761747 1.001692 0.230098 -0.007341
64.466667 12.476453 1.001694 0.237781 -0.007351
64.533333 12.204680 1.001697 0.245339 -0.007362
64.600000 11.945541 1.001699 0.252768 -0.007372
64.666667 11.698230 1.001702 0.260069 -0.007383
64.733333 11.462007 1.001704 0.267239 -0.007394
64.800000 11.236199 1.001707 0.274277 -0.007406
64.866667 11.020184 1.001710 0.281184 -0.007417
64.933333 10.813395 1.001712 0.287959 -0.007429
65.000000 10.615309 1.001715 0.294601 -0.007440
65.066667 10.425444 1.001718 0.301112 -0.007452
65.133333 10.243359 1.001720 0.307491 -0.007464
65.200000 10.068644 1.001723 0.313738 -0.007476
65.266667 9.900922 1.001726 0.319856 -0.007488
65.333333 9.739845 1.001729 0.325843 -0.007500
65.400000 9.585092 1.001732 0.331700 -0.007513
65.466667 9.436366 1.001735 0.337428 -0.007525
65.533333 9.293393 1.001737 0.343029 -0.007537
65.600000 9.155919 1.001740 0.348501 -0.007550
65.666667 9.023710 1.001743 0.353846 -0.007562
65.733333 8.896552 1.001746 0.359064 -0.007574
65.800000 8.774246 1.001749 0.364156 -0.007586
65.866667 8.656609 1.001751 0.369122 -0.007598
65.933333 8.543473 1.001754 0.373961 -0.007610
66.000000 8.434686 1.001757 0.378674 -0.007622
66.066667 8.330106 1.001760 0.383261 -0.007634
66.133333 8.229604 1.001762 0.387721 -0.007645
66.200000 8.133065 1.001765 0.392055 -0.007656
66.266667 8.040383 1.001767 0.396261 -0.007667
66.333333 7.951462 1.001770 0.400338 -0.007678
66.400000 7.866216 1.001772 0.404286 -0.007688
66.466667 7.784568 1.001775 0.408105 -0.007698
66.533333 7.706452 1.001777 0.411792 -0.007708
66.600000 7.631806 1.001779 0.415346 -0.007717
66.666667 7.560579 1.001781 0.418766 -0.007726
66.733333 7.492725 1.001783 0.422050 -0.007734
66.800000 7.428205 1.001785 0.425197 -0.007742
66.866667 7.366989 1.001786 0.428204 -0.007750
66.933333 7.309049 1.001788 0.431070 -0.007756
67.000000 7.254365 1.001789 0.433792 -0.007763
67.066667 7.202921 1.001791 0.436369 -0.007768
67.133333 7.154706 1.001792 0.438798 -0.007773
67.200000 7.109715 1.001793 0.441077 -0.007777
67.266667 7.067944 1.001794 0.443203 -0.007781
67.333333 7.029395 1.001794 0.445174 -0.007784
67.400000 6.994075 1.001795 0.446988 -0.007786
67.466667 6.961989 1.001795 0.448643 -0.007787
67.533333 6.933151 1.001795 0.450135 -0.007788
67.600000 6.907574 1.001795 0.451462 -0.007788
67.666667 6.885273 1.001795 0.452623 -0.007786
67.733333 6.866269 1.001794 0.453614 -0.007784
67.800000 6.850580 1.001794 0.454434 -0.007782
67.866667 6.838230 1.001793 0.455081 -0.007778
67.933333 6.829241 1.001792 0.455552 -0.007773
68.000000 6.823640 1.001790 0.455846 -0.007768
68.066667 6.821451 1.001789 0.455961 -0.007761
68.133333 6.822702 1.001787 0.455895 -0.007753
68.200000 6.827421 1.001785 0.455647 -0.007745
68.266667 6.835636 1.001783 0.455217 -0.007735
68.333333 6.847376 1.001781 0.454602 -0.007725
68.400000 6.862669 1.001778 0.453802 -0.007713
68.466667 6.881544 1.001775 0.452817 -0.007701
68.533333 6.904031 1.001772 0.451646 -0.007688
68.600000 6.930157 1.001769 0.450290 -0.007673
68.666667 6.959950 1.001765 0.448748 -0.007658
68.733333 6.993439 1.001761 0.447021 -0.007641
68.800000 7.030649 1.001757 0.445110 -0.007624
68.866667 7.071605 1.001753 0.443016 -0.007606
68.933333 7.116333 1.001749 0.440741 -0.007586
69.000000 7.164855 1.001744 0.438286 -0.007566
69.066667 7.217193 1.001739 0.435653 -0.007545
69.133333 7.273365 1.001734 0.432844 -0.007523
69.200000 7.333390 1.001729 0.429863 -0.007500
69.266667 7.397281 1.001723 0.426713 -0.007476
69.333333 7.465053 1.001718 0.423397 -0.007451
69.400000 7.536713 1.001712 0.419918 -0.007426
69.466667 7.612269 1.001706 0.416281 -0.007399
69.533333 7.691722 1.001699 0.412490 -0.007372
69.600000 7.775072 1.001693 0.408551 -0.007345
69.666667 7.862313 1.001686 0.404468 -0.007316
69.733333 7.953433 1.001680 0.400247 -0.007287
69.800000 8.048417 1.001673 0.395894 -0.007257
69.866667 8.147242 1.001666 0.391415 -0.007226
69.933333 8.249880 1.001659 0.386817 -0.007195
70.000000 8.356296 1.001651 0.382107 -0.007164
70.066667 8.466444 1.001644 0.377292 -0.007132
70.133333 8.580274 1.001636 0.372380 -0.007099
70.200000 8.697723 1.001629 0.367379 -0.007066
70.266667 8.818720 1.001621 0.362296 -0.007033
70.333333 8.943180 1.001613 0.357142 -0.007000
70.400000 9.071008 1.001606 0.351925 -0.006966
70.466667 9.202096 1.001598 0.346653 -0.006932
70.533333 9.336319 1.001590 0.341338 -0.006898
70.600000 9.473539 1.001582 0.335987 -0.006864
70.666667 9.613601 1.001574 0.330613 -0.006829
70.733333 9.756330 1.001566 0.325225 -0.006795
70.800000 9.901534 1.001558 0.319833 -0.006761
70.866667 10.048998 1.001550 0.314449 -0.006726
70.933333 10.198489 1.001543 0.309083 -0.006692
71.000000 10.349747 1.001535 0.303747 -0.006659
71.066667 10.502492 1.001527 0.298453 -0.006625
71.133333 10.656416 1.001519 0.293210 -0.006592
71.200000 10.811188 1.001512 0.288032 -0.006559
71.266667 10.966449 1.001504 0.282929 -0.006526
71.333333 11.121817 1.001497 0.277913 -0.006494
71.400000 11.276880 1.001490 0.272996 -0.006463
71.466667 11.431205 1.001482 0.268188 -0.006432
71.533333 11.584333 1.001475 0.263502 -0.006402
71.600000 11.735785 1.001469 0.258947 -0.006372
71.666667 11.885059 1.001462 0.254535 -0.006343
71.733333 12.031641 1.001456 0.250275 -0.006315
71.800000 12.175002 1.001449 0.246178 -0.006288
71.866667 12.314608 1.001443 0.242253 -0.006262
71.933333 12.449921 1.001437 0.238509 -0.006236
72.000000 12.580407 1.001432 0.234952 -0.006212
72.066667 12.705545 1.001426 0.231592 -0.006188
72.133333 12.824829 1.001421 0.228433 -0.006166
72.200000 12.937781 1.001416 0.225482 -0.006145
72.266667 13.043952 1.001412 0.222742 -0.006125
72.333333 13.142936 1.001407 0.220218 -0.006106
72.400000 13.234371 1.001403 0.217912 -0.006088
72.466667 13.317947 1.001399 0.215825 -0.006072
72.533333 13.393410 1.001396 0.213958 -0.006057
72.600000 13.460566 1.001393 0.212311 -0.006043
72.666667 13.519283 1.001390 0.210880 -0.006031
72.733333 13.569491 1.001387 0.209665 -0.006020
72.800000 13.611181 1.001385 0.208661 -0.006011
72.866667 13.644404 1.001383 0.207864 -0.006003
72.933333 13.669263 1.001382 0.207270 -0.005996
73.000000 13.685913 1.001381 0.206873 -0.005991
73.066667 13.694551 1.001380 0.206668 -0.005988
73.133333 13.695412 1.001380 0.206647 -0.005986
73.200000 13.688760 1.001380 0.206805 -0.005986
73.266667 13.674882 1.001380 0.207136 -0.005987
73.333333 13.654079 1.001381 0.207633 -0.005990
73.400000 13.626661 1.001382 0.208289 -0.005995
73.466667 13.592939 1.001383 0.209100 -0.006001
73.533333 13.553224 1.001385 0.210058 -0.006009
73.600000 13.507814 1.001387 0.211159 -0.006019
73.666667 13.456997 1.001390 0.212398 -0.006030
73.733333 13.401047 1.001393 0.213770 -0.006042
73.800000 13.340219 1.001396 0.215273 -0.006057
73.866667 13.274748 1.001400 0.216902 -0.006073
73.933333 13.204851 1.001404 0.218654 -0.006091
74.000000 13.130727 1.001408 0.220528 -0.006110
74.066667 13.052554 1.001413 0.222522 -0.006131
74.133333 12.970494 1.001418 0.224634 -0.006153
74.200000 12.884692 1.001424 0.226864 -0.006177
74.266667 12.795281 1.001430 0.229211 -0.006203
74.333333 12.702380 1.001436 0.231676 -0.006230
74.400000 12.606103 1.001442 0.234258 -0.006258
74.466667 12.506552 1.001449 0.236959 -0.006288
74.533333 12.403830 1.001456 0.239778 -0.006319
74.600000 12.298033 1.001464 0.242716 -0.006352
74.666667 12.189263 1.001472 0.245775 -0.006386
74.733333 12.077619 1.001480 0.248954 -0.006422
74.800000 11.963209 1.001488 0.252255 -0.006458
74.866667 11.846143 1.001497 0.255678 -0.006496
74.933333 11.726540 1.001506 0.259223 -0.006535
75.000000 11.604527 1.001515 0.262890 -0.006575
75.066667 11.480241 1.001525 0.266678 -0.006616
75.133333 11.353825 1.001535 0.270588 -0.006659
75.200000 11.225435 1.001545 0.274618 -0.006702
75.266667 11.095234 1.001555 0.278765 -0.006746
75.333333 10.963394 1.001565 0.283029 -0.006791
75.400000 10.830097 1.001576 0.287406 -0.006836
75.466667 10.695530 1.001586 0.291893 -0.006883
75.533333 10.559888 1.001597 0.296487 -0.006930
75.600000 10.423373 1.001608 0.301184 -0.006977
75.666667 10.286188 1.001619 0.305978 -0.007025
75.733333 10.148541 1.001631 0.310866 -0.007074
75.800000 10.010644 1.001642 0.315840 -0.007123
75.866667 9.872707 1.001653 0.320896 -0.007172
75.933333 9.734941 1.001665 0.326027 -0.007222
76.000000 9.597557 1.001676 0.331224 -0.007271
76.066667 9.460761 1.001687 0.336482 -0.007321
76.133333 9.324759 1.001699 0.341792 -0.007370
76.200000 9.189752 1.001710 0.347146 -0.007420
76.266667 9.055935 1.001722 0.352536 -0.007469
76.333333 8.923500 1.001733 0.357952 -0.007518
76.400000 8.792631 1.001744 0.363386 -0.007567
76.466667 8.663508 1.001755 0.368829 -0.007616
76.533333 8.536303 1.001766 0.374270 -0.007664
76.600000 8.411181 1.001777 0.379700 -0.007711
76.666667 8.288302 1.001788 0.385110 -0.007758
76.733333 8.167818 1.001799 0.390489 -0.007804
76.800000 8.049872 1.001809 0.395828 -0.007849
76.866667 7.934604 1.001820 0.401116 -0.007894
76.933333 7.822143 1.001830 0.406343 -0.007937
77.000000 7.712614 1.001839 0.411499 -0.007980
77.066667 7.606134 1.001849 0.416575 -0.008021
77.133333 7.502816 1.001858 0.421560 -0.008062
77.200000 7.402763 1.001867 0.426444 -0.008101
77.266667 7.306076 1.001876 0.431217 -0.008139
77.333333 7.212847 1.001885 0.435871 -0.008175
77.400000 7.123165 1.001893 0.440394 -0.008211
77.466667 7.037113 1.001900 0.444779 -0.008244
77.533333 6.954770 1.001908 0.449016 -0.008277
77.600000 6.876208 1.001915 0.453095 -0.008307
77.666667 6.801499 1.001922 0.457009 -0.008337
77.733333 6.730708 1.001928 0.460749 -0.008364
77.800000 6.663897 1.001934 0.464307 -0.008390
77.866667 6.601125 1.001940 0.467675 -0.008414
77.933333 6.542448 1.001945 0.470845 -0.008436
78.000000 6.487917 1.001949 0.473810 -0.008456
78.066667 6.437585 1.001954 0.476563 -0.008475
78.133333 6.391498 1.001957 0.479099 -0.008492
78.200000 6.349702 1.001961 0.481410 -0.008506
78.266667 6.312241 1.001964 0.483491 -0.008519
78.333333 6.279157 1.001966 0.485336 -0.008530
78.400000 6.250491 1.001968 0.486940 -0.008539
78.466667 6.226281 1.001970 0.488299 -0.008546
78.533333 6.206565 1.001971 0.489409 -0.008550
78.600000 6.191381 1.001972 0.490265 -0.008553
78.666667 6.180764 1.001972 0.490865 -0.008554
78.733333 6.174750 1.001972 0.491205 -0.008553
78.800000 6.173372 1.001971 0.491283 -0.008550
78.866667 6.176665 1.001970 0.491096 -0.008544
78.933333 6.184663 1.001968 0.490644 -0.008537
79.000000 6.197397 1.001966 0.489926 -0.008528
79.066667 6.214902 1.001963 0.488939 -0.008517
79.133333 6.237210 1.001960 0.487685 -0.008503
79.200000 6.264352 1.001957 0.486164 -0.008488
79.266667 6.296361 1.001953 0.484375 -0.008471
79.333333 6.333269 1.001948 0.482321 -0.008452
79.400000 6.375107 1.001944 0.480004 -0.008432
79.466667 6.421907 1.001938 0.477424 -0.008409
79.533333 6.473699 1.001933 0.474586 -0.008385
79.600000 6.530515 1.001927 0.471492 -0.008359
79.666667 6.592383 1.001921 0.468145 -0.008331
79.733333 6.659333 1.001914 0.464551 -0.008302
79.800000 6.731394 1.001907 0.460713 -0.008271
79.866667 6.808592 1.001899 0.456636 -0.008239
79.933333 6.890952 1.001891 0.452327 -0.008205
80.000000 6.978498 1.001883 0.447791 -0.008170
80.066667 7.071251 1.001875 0.443034 -0.008133
80.133333 7.169229 1.001866 0.438065 -0.008095
80.200000 7.272448 1.001857 0.432890 -0.008056
80.266667 7.380918 1.001848 0.427518 -0.008016
80.333333 7.494644 1.001838 0.421957 -0.007974
80.400000 7.613626 1.001828 0.416216 -0.007932
80.466667 7.737856 1.001818 0.410305 -0.007889
80.533333 7.867319 1.001808 0.404235 -0.007844
80.600000 8.001988 1.001798 0.398016 -0.007799
80.666667 8.141826 1.001787 0.391660 -0.007754
80.733333 8.286782 1.001777 0.385177 -0.007707
80.800000 8.436788 1.001766 0.378583 -0.007660
80.866667 8.591759 1.001755 0.371888 -0.007613
80.933333 8.751588 1.001744 0.365107 -0.007565
81.000000 8.916142 1.001733 0.358256 -0.007516
81.066667 9.085260 1.001721 0.351348 -0.007468
81.133333 9.258749 1.001710 0.344400 -0.007419
81.200000 9.436376 1.001699 0.337428 -0.007370
81.266667 9.617867 1.001687 0.330451 -0.007321
81.333333 9.802898 1.001676 0.323486 -0.007272
81.400000 9.991091 1.001665 0.316552 -0.007223
81.466667 10.182005 1.001654 0.309670 -0.007174
81.533333 10.375129 1.001642 0.302861 -0.007125
81.600000 10.569879 1.001631 0.296146 -0.007077
81.666667 10.765586 1.001620 0.289548 -0.007029
81.733333 10.961490 1.001609 0.283091 -0.006982
81.800000 11.156738 1.001598 0.276798 -0.006935
81.866667 11.350375 1.001588 0.270696 -0.006888
81.933333 11.541342 1.001577 0.264809 -0.006843
82.000000 11.728483 1.001567 0.259165 -0.006798
82.066667 11.910539 1.001557 0.253789 -0.006753
82.133333 12.086166 1.001547 0.248709 -0.006710
82.200000 12.253945 1.001537 0.243951 -0.006667
82.266667 12.412405 1.001527 0.239541 -0.006626
82.333333 12.560049 1.001518 0.235504 -0.006585
82.400000 12.695388 1.001509 0.231863 -0.006546
82.466667 12.816986 1.001500 0.228639 -0.006507
82.533333 12.923495 1.001491 0.225853 -0.006470
82.600000 13.013710 1.001483 0.223519 -0.006434
82.666667 13.086611 1.001475 0.221651 -0.006399
82.733333 13.141403 1.001467 0.220257 -0.006365
82.800000 13.177552 1.001460 0.219342 -0.006333
82.866667 13.194807 1.001452 0.218907 -0.006302
82.933333 13.193211 1.001446 0.218947 -0.006272
83.000000 13.173097 1.001439 0.219455 -0.006244
83.066667 13.135071 1.001433 0.220418 -0.006218
83.133333 13.079985 1.001427 0.221820 -0.006192
83.200000 13.008895 1.001422 0.223643 -0.006169
83.266667 12.923024 1.001417 0.225865 -0.006147
83.333333 12.823708 1.001412 0.228462 -0.006126
83.400000 12.712358 1.001407 0.231410 -0.006107
83.466667 12.590410 1.001403 0.234682 -0.006089
83.533333 12.459295 1.001400 0.238251 -0.006074
83.600000 12.320402 1.001397 0.242092 -0.006059
83.666667 12.175059 1.001394 0.246177 -0.006047
83.733333 12.024510 1.001391 0.250481 -0.006036
83.800000 11.869909 1.001389 0.254979 -0.006026
83.866667 11.712308 1.001387 0.259648 -0.006018
83.933333 11.552660 1.001386 0.264464 -0.006012
84.000000 11.391813 1.001385 0.269407 -0.006008
84.066667 11.230522 1.001384 0.274457 -0.006005
84.133333 11.069447 1.001384 0.279594 -0.006003
84.200000 10.909163 1.001384 0.284801 -0.006003
84.266667 10.750168 1.001384 0.290062 -0.006005
84.333333 10.592887 1.001385 0.295363 -0.006009
84.400000 10.437681 1.001386 0.300688 -0.006013
84.466667 10.284855 1.001387 0.306025 -0.006020
84.533333 10.134661 1.001389 0.311363 -0.006028
84.600000 9.987308 1.001391 0.316690 -0.006037
84.666667 9.842968 1.001394 0.321997 -0.006048
84.733333 9.701776 1.001397 0.327274 -0.006060
84.800000 9.563839 1.001400 0.332513 -0.006074
84.866667 9.429241 1.001403 0.337705 -0.006089
84.933333 9.298041 1.001407 0.342845 -0.006105
85.000000 9.170283 1.001411 0.347925 -0.006122
85.066667 9.045994 1.001415 0.352940 -0.006141
85.133333 8.925189 1.001420 0.357883 -0.006161
85.200000 8.807874 1.001425 0.362749 -0.006182
85.266667 8.694042 1.001430 0.367534 -0.006205
85.333333 8.583683 1.001435 0.372234 -0.006228
85.400000 8.476781 1.001441 0.376843 -0.006253
85.466667 8.373315 1.001447 0.381359 -0.006278
85.533333 8.273261 1.001453 0.385778 -0.006304
85.600000 8.176593 1.001459 0.390095 -0.006332
85.666667 8.083284 1.001466 0.394308 -0.006360
85.733333 7.993305 1.001472 0.398414 -0.006389
85.800000 7.906629 1.001479 0.402410 -0.006419
85.866667 7.823228 1.001486 0.406292 -0.006449
85.933333 7.743076 1.001494 0.410059 -0.006480
86.000000 7.666147 1.001501 0.413707 -0.006512
86.066667 7.592418 1.001508 0.417233 -0.006544
86.133333 7.521867 1.001516 0.420636 -0.006577
86.200000 7.454475 1.001523 0.423913 -0.006610
86.266667 7.390223 1.001531 0.427060 -0.006644
86.333333 7.329096 1.001539 0.430076 -0.006677
86.400000 7.271082 1.001547 0.432958 -0.006712
86.466667 7.216171 1.001555 0.435704 -0.006746
86.533333 7.164354 1.001563 0.438311 -0.006781
86.600000 7.115628 1.001571 0.440777 -0.006816
86.666667 7.069989 1.001579 0.443099 -0.006850
86.733333 7.027437 1.001587 0.445275 -0.006885
86.800000 6.987976 1.001595 0.447302 -0.006920
86.866667 6.951611 1.001603 0.449179 -0.006955
86.933333 6.918350 1.001611 0.450902 -0.006989
87.000000 6.888203 1.001619 0.452470 -0.007024
87.066667 6.861183 1.001627 0.453880 -0.007058
87.133333 6.837306 1.001635 0.455129 -0.007092
87.200000 6.816588 1.001642 0.456216 -0.007125
87.266667 6.799051 1.001650 0.457138 -0.007159
87.333333 6.784715 1.001658 0.457893 -0.007192
87.400000 6.773606 1.001665 0.458479 -0.007224
87.466667 6.765750 1.001672 0.458894 -0.007256
87.533333 6.761175 1.001680 0.459136 -0.007287
87.600000 6.759912 1.001687 0.459203 -0.007318
87.666667 6.761992 1.001694 0.459093 -0.007348
87.733333 6.767451 1.001700 0.458804 -0.007377
87.800000 6.776324 1.001707 0.458336 -0.007406
87.866667 6.788650 1.001714 0.457686 -0.007434
87.933333 6.804467 1.001720 0.456853 -0.007461
88.000000 6.823817 1.001726 0.455837 -0.007488
88.066667 6.846744 1.001732 0.454635 -0.007514
88.133333 6.873292 1.001738 0.453247 -0.007538
88.200000 6.903507 1.001743 0.451674 -0.007562
88.266667 6.937437 1.001748 0.449913 -0.007585
88.333333 6.975131 1.001754 0.447964 -0.007608
88.400000 7.016642 1.001759 0.445829 -0.007629
88.466667 7.062020 1.001763 0.443505 -0.007649
88.533333 7.111321 1.001768 0.440995 -0.007669
88.600000 7.164600 1.001772 0.438298 -0.007687
88.666667 7.221915 1.001776 0.435416 -0.007705
88.733333 7.283325 1.001780 0.432348 -0.007721
88.800000 7.348889 1.001783 0.429097 -0.007737
88.866667 7.418670 1.001787 0.425664 -0.007751
88.933333 7.492732 1.001790 0.422050 -0.007765
89.000000 7.571140 1.001793 0.418257 -0.007777
89.066667 7.653961 1.001795 0.414288 -0.007789
89.133333 7.741262 1.001798 0.410144 -0.007799
89.200000 7.833116 1.001800 0.405830 -0.007809
89.266667 7.929592 1.001802 0.401347 -0.007817
89.333333 8.030764 1.001804 0.396700 -0.007825
89.400000 8.136707 1.001805 0.391890 -0.007832
89.466667 8.247497 1.001807 0.386924 -0.007837
89.533333 8.363211 1.001808 0.381803 -0.007842
89.600000 8.483928 1.001809 0.376533 -0.007846
89.666667 8.609729 1.001809 0.371119 -0.007849
89.733333 8.740693 1.001810 0.365566 -0.007851
89.800000 8.876902 1.001810 0.359878 -0.007852
89.866667 9.018439 1.001810 0.354061 -0.007852
89.933333 9.165384 1.001810 0.348121 -0.007852
90.000000 9.317819 1.001810 0.342065 -0.007851
90.066667 9.475825 1.001809 0.335899 -0.007849
90.133333 9.639478 1.001809 0.329630 -0.007846
90.200000 9.808855 1.001808 0.323264 -0.007842
90.266667 9.984027 1.001807 0.316810 -0.007838
90.333333 10.165061 1.001806 0.310275 -0.007833
90.400000 10.352015 1.001804 0.303668 -0.007827
90.466667 10.544940 1.001803 0.296998 -0.007821
90.533333 10.743875 1.001801 0.290273 -0.007814
90.600000 10.948845 1.001800 0.283503 -0.007807
90.666667 11.159856 1.001798 0.276699 -0.007799
90.733333 11.376894 1.001796 0.269870 -0.007791
90.800000 11.599916 1.001794 0.263029 -0.007782
90.866667 11.828846 1.001792 0.256187 -0.007772
90.933333 12.063569 1.001789 0.249357 -0.007763
91.000000 12.303919 1.001787 0.242552 -0.007752
91.066667 12.549674 1.001785 0.235785 -0.007742
91.133333 12.800539 1.001782 0.229073 -0.007731
91.200000 13.056134 1.001779 0.222430 -0.007720
91.266667 13.315980 1.001777 0.215874 -0.007708
91.333333 13.579480 1.001774 0.209424 -0.007696
91.400000 13.845898 1.001771 0.203098 -0.007684
91.466667 14.114339 1.001768 0.196917 -0.007672
91.533333 14.383723 1.001766 0.190903 -0.007659
91.600000 14.652762 1.001763 0.185081 -0.007647
91.666667 14.919940 1.001760 0.179475 -0.007634
91.733333 15.183489 1.001757 0.174111 -0.007621
91.800000 15.441378 1.001754 0.169017 -0.007608
91.866667 15.691306 1.001751 0.164223 -0.007595
91.933333 15.930715 1.001748 0.159759 -0.007582
92.000000 16.156818 1.001745 0.155654 -0.007568
92.066667 16.366649 1.001741 0.151938 -0.007555
92.133333 16.557149 1.001738 0.148642 -0.007542
92.200000 16.725267 1.001735 0.145793 -0.007528
92.266667 16.868098 1.001732 0.143415 -0.007515
92.333333 16.983029 1.001729 0.141530 -0.007502
92.400000 17.067894 1.001726 0.140154 -0.007489
92.466667 17.121113 1.001723 0.139298 -0.007475
92.533333 17.141802 1.001720 0.138966 -0.007462
92.600000 17.129833 1.001717 0.139158 -0.007449
92.666667 17.085840 1.001714 0.139865 -0.007436
92.733333 17.011169 1.001711 0.141072 -0.007423
92.800000 16.907780 1.001708 0.142761 -0.007410
92.866667 16.778105 1.001705 0.144909 -0.007397
92.933333 16.624905 1.001702 0.147487 -0.007385
93.000000 16.451111 1.001699 0.150468 -0.007372
93.066667 16.259695 1.001696 0.153821 -0.007360
93.133333 16.053549 1.001694 0.157515 -0.007347
93.200000 15.835408 1.001691 0.161521 -0.007335
93.266667 15.607786 1.001688 0.165810 -0.007323
93.333333 15.372947 1.001685 0.170354 -0.007311
93.400000 15.132887 1.001682 0.175128 -0.007299
93.466667 14.889342 1.001680 0.180108 -0.007287
93.533333 14.643797 1.001677 0.185272 -0.007275
93.600000 14.397504 1.001674 0.190601 -0.007264
93.666667 14.151508 1.001672 0.196076 -0.007252
93.733333 13.906670 1.001669 0.201682 -0.007241
93.800000 13.663689 1.001666 0.207403 -0.007229
93.866667 13.423125 1.001664 0.213228 -0.007218
93.933333 13.185422 1.001661 0.219144 -0.007207
94.000000 12.950924 1.001659 0.225141 -0.007196
94.066667 12.719892 1.001656 0.231209 -0.007185
94.133333 12.492518 1.001654 0.237342 -0.007174
94.200000 12.268939 1.001651 0.243530 -0.007164
94.266667 12.049244 1.001649 0.249769 -0.007153
94.333333 11.833486 1.001646 0.256051 -0.007143
94.400000 11.621688 1.001644 0.262371 -0.007132
94.466667 11.413850 1.001642 0.268725 -0.007122
94.533333 11.209955 1.001639 0.275107 -0.007112
94.600000 11.009970 1.001637 0.281515 -0.007101
94.666667 10.813853 1.001634 0.287944 -0.007091
94.733333 10.621556 1.001632 0.294389 -0.007081
94.800000 10.433024 1.001630 0.300849 -0.007071
94.866667 10.248202 1.001628 0.307319 -0.007062
94.933333 10.067032 1.001625 0.313797 -0.007052
95.000000 9.889457 1.001623 0.320278 -0.007043
95.066667 9.715420 1.001621 0.326760 -0.007033
95.133333 9.544870 1.001619 0.333240 -0.007024
95.200000 9.377753 1.001617 0.339713 -0.007014
95.266667 9.214022 1.001615 0.346178 -0.007005
95.333333 9.053634 1.001613 0.352629 -0.006996
95.400000 8.896546 1.001611 0.359065 -0.006988
95.466667 8.742722 1.001609 0.365480 -0.006979
95.533333 8.592128 1.001607 0.371872 -0.006970
95.600000 8.444736 1.001605 0.378236 -0.006962
95.666667 8.300519 1.001603 0.384569 -0.006954
95.733333 8.159457 1.001601 0.390865 -0.006946
95.800000 8.021530 1.001599 0.397122 -0.006938
95.866667 7.886724 1.001597 0.403333 -0.006930
95.933333 7.755027 1.001596 0.409495 -0.006923
96.000000 7.626431 1.001594 0.415603 -0.006915
96.066667 7.500930 1.001592 0.421651 -0.006908
96.133333 7.378522 1.001591 0.427636 -0.006902
96.200000 7.259206 1.001589 0.433550 -0.006895
96.266667 7.142985 1.001588 0.439391 -0.006889
96.333333 7.029862 1.001586 0.445151 -0.006883
96.400000 6.919845 1.001585 0.450825 -0.006877
96.466667 6.812941 1.001584 0.456408 -0.006871
96.533333 6.709160 1.001583 0.461894 -0.006866
96.600000 6.608515 1.001581 0.467277 -0.006861
96.666667 6.511016 1.001580 0.472552 -0.006857
96.733333 6.416680 1.001579 0.477712 -0.006853
96.800000 6.325520 1.001579 0.482752 -0.006849
96.866667 6.237554 1.001578 0.487666 -0.006845
96.933333 6.152798 1.001577 0.492448 -0.006842
97.000000 6.071271 1.001576 0.497092 -0.006839
97.066667 5.992990 1.001576 0.501592 -0.006837
97.133333 5.917976 1.001575 0.505943 -0.006835
97.200000 5.846249 1.001575 0.510138 -0.006833
97.266667 5.777828 1.001575 0.514172 -0.006832
97.333333 5.712736 1.001575 0.518040 -0.006831
97.400000 5.650993 1.001574 0.521735 -0.006831
97.466667 5.592621 1.001574 0.525253 -0.006831
97.533333 5.537643 1.001575 0.528589 -0.006832
97.600000 5.486081 1.001575 0.531736 -0.006832
97.666667 5.437958 1.001575 0.534690 -0.006834
97.733333 5.393297 1.001576 0.537446 -0.006836
97.800000 5.352121 1.001576 0.540000 -0.006838
97.866667 5.314456 1.001577 0.542347 -0.006840
97.933333 5.280323 1.001577 0.544482 -0.006843
98.000000 5.249749 1.001578 0.546402 -0.006847
98.066667 5.222758 1.001579 0.548103 -0.006851
98.133333 5.199376 1.001580 0.549580 -0.006855
98.200000 5.179627 1.001581 0.550831 -0.006860
98.266667 5.163538 1.001582 0.551853 -0.006865
98.333333 5.151135 1.001584 0.552641 -0.006871
98.400000 5.142445 1.001585 0.553194 -0.006877
98.466667 5.137496 1.001587 0.553510 -0.006883
98.533333 5.136316 1.001588 0.553585 -0.006890
98.600000 5.138933 1.001590 0.553418 -0.006897
98.666667 5.145375 1.001591 0.553008 -0.006905
98.733333 5.155674 1.001593 0.552352 -0.006912
98.800000 5.169860 1.001595 0.551451 -0.006920
98.866667 5.187963 1.001597 0.550303 -0.006929
98.933333 5.210015 1.001599 0.548908 -0.006938
99.000000 5.236051 1.001601 0.547265 -0.006947
99.066667 5.266103 1.001603 0.545375 -0.006956
99.133333 5.300206 1.001605 0.543237 -0.006965
99.200000 5.338396 1.001608 0.540854 -0.006975
99.266667 5.380711 1.001610 0.538226 -0.006985
99.333333 5.427187 1.001612 0.535354 -0.006995
99.400000 5.477864 1.001615 0.532239 -0.007005
99.466667 5.532783 1.001617 0.528884 -0.007015
99.533333 5.591986 1.001619 0.525292 -0.007025
99.600000 5.655516 1.001622 0.521464 -0.007036
99.666667 5.723416 1.001624 0.517403 -0.007046
99.733333 5.795735 1.001627 0.513113 -0.007057
99.800000 5.872520 1.001629 0.508597 -0.007068
99.866667 5.953819 1.001631 0.503859 -0.007078
