# z LM (E,E) abs(P1) alpha
0.000000 0.000999 1.000000 0.999885 -0.000000
0.066667 0.003996 1.000001 0.999540 -0.000002
0.133333 0.008990 1.000002 0.998965 -0.000006
0.200000 0.015979 1.000003 0.998162 -0.000011
0.266667 0.024958 1.000004 0.997131 -0.000018
0.333333 0.035924 1.000006 0.995873 -0.000026
0.400000 0.048872 1.000008 0.994389 -0.000035
0.466667 0.063795 1.000011 0.992682 -0.000046
0.533333 0.080685 1.000013 0.990754 -0.000058
0.600000 0.099535 1.000017 0.988606 -0.000071
0.666667 0.120335 1.000020 0.986241 -0.000086
0.733333 0.143074 1.000024 0.983663 -0.000102
0.800000 0.167741 1.000028 0.980873 -0.000119
0.866667 0.194323 1.000032 0.977876 -0.000137
0.933333 0.222806 1.000036 0.974675 -0.000157
1.000000 0.253174 1.000041 0.971273 -0.000179
1.066667 0.285412 1.000047 0.967675 -0.000201
1.133333 0.319501 1.000052 0.963884 -0.000225
1.200000 0.355423 1.000058 0.959906 -0.000250
1.266667 0.393156 1.000064 0.955745 -0.000277
1.333333 0.432678 1.000070 0.951406 -0.000304
1.400000 0.473967 1.000077 0.946895 -0.000333
1.466667 0.516997 1.000084 0.942215 -0.000363
1.533333 0.561741 1.000091 0.937374 -0.000395
1.600000 0.608171 1.000099 0.932377 -0.000427
1.666667 0.656256 1.000106 0.927229 -0.000461
1.733333 0.705965 1.000114 0.921938 -0.000496
1.800000 0.757264 1.000123 0.916509 -0.000532
1.866667 0.810118 1.000131 0.910949 -0.000569
1.933333 0.864487 1.000140 0.905265 -0.000607
2.000000 0.920333 1.000149 0.899463 -0.000647
2.066667 0.977614 1.000158 0.893551 -0.000687
2.133333 1.036285 1.000168 0.887536 -0.000729
2.200000 1.096300 1.000178 0.881424 -0.000771
2.266667 1.157610 1.000188 0.875225 -0.000815
2.333333 1.220164 1.000198 0.868944 -0.000859
2.400000 1.283909 1.000209 0.862590 -0.000905
2.466667 1.348789 1.000219 0.856171 -0.000951
2.533333 1.414744 1.000230 0.849694 -0.000999
2.600000 1.481714 1.000241 0.843168 -0.001047
2.666667 1.549636 1.000253 0.836601 -0.001096
2.733333 1.618443 1.000264 0.830000 -0.001146
2.800000 1.688066 1.000276 0.823373 -0.001197
2.866667 1.758433 1.000288 0.816730 -0.001249
2.933333 1.829471 1.000300 0.810077 -0.001301
3.000000 1.901103 1.000312 0.803424 -0.001354
3.066667 1.973250 1.000325 0.796778 -0.001408
3.133333 2.045829 1.000337 0.790148 -0.001463
3.200000 2.118757 1.000350 0.783542 -0.001518
3.266667 2.191947 1.000363 0.776967 -0.001573
3.333333 2.265312 1.000376 0.770432 -0.001630
3.400000 2.338759 1.000389 0.763945 -0.001686
3.466667 2.412197 1.000402 0.757513 -0.001743
3.533333 2.485531 1.000415 0.751144 -0.001801
3.600000 2.558666 1.000428 0.744846 -0.001859
3.666667 2.631505 1.000442 0.738626 -0.001918
3.733333 2.703949 1.000455 0.732491 -0.001977
3.800000 2.775900 1.000469 0.726449 -0.002036
3.866667 2.847258 1.000483 0.720505 -0.002095
3.933333 2.917925 1.000496 0.714667 -0.002155
4.000000 2.987801 1.000510 0.708941 -0.002214
4.066667 3.056788 1.000524 0.703332 -0.002274
4.133333 3.124789 1.000538 0.697848 -0.002334
4.200000 3.191707 1.000552 0.692492 -0.002394
4.266667 3.257449 1.000566 0.687270 -0.002454
4.333333 3.321922 1.000579 0.682188 -0.002514
4.400000 3.385038 1.000593 0.677249 -0.002574
4.466667 3.446709 1.000607 0.672457 -0.002634
4.533333 3.506854 1.000621 0.667817 -0.002694
4.600000 3.565395 1.000634 0.663331 -0.002753
4.666667 3.622255 1.000648 0.659003 -0.002812
4.733333 3.677367 1.000661 0.654835 -0.002871
4.800000 3.730666 1.000675 0.650829 -0.002929
4.866667 3.782092 1.000688 0.646987 -0.002987
4.933333 3.831592 1.000702 0.643310 -0.003045
5.000000 3.879118 1.000715 0.639800 -0.003102
5.066667 3.924630 1.000728 0.636456 -0.003158
5.133333 3.968093 1.000740 0.633279 -0.003214
5.200000 4.009478 1.000753 0.630269 -0.003269
5.266667 4.048763 1.000766 0.627425 -0.003323
5.333333 4.085932 1.000778 0.624746 -0.003377
5.400000 4.120978 1.000790 0.622230 -0.003430
5.466667 4.153897 1.000802 0.619876 -0.003482
5.533333 4.184694 1.000814 0.617683 -0.003533
5.600000 4.213378 1.000826 0.615646 -0.003583
5.666667 4.239966 1.000837 0.613764 -0.003632
5.733333 4.264479 1.000848 0.612035 -0.003681
5.800000 4.286944 1.000859 0.610454 -0.003728
5.866667 4.307393 1.000870 0.609018 -0.003774
5.933333 4.325863 1.000880 0.607725 -0.003818
6.000000 4.342394 1.000890 0.606569 -0.003862
6.066667 4.357031 1.000900 0.605548 -0.003904
6.133333 4.369822 1.000909 0.604657 -0.003945
6.200000 4.380818 1.000918 0.603892 -0.003985
6.266667 4.390073 1.000927 0.603249 -0.004023
6.333333 4.397643 1.000936 0.602723 -0.004060
6.400000 4.403584 1.000944 0.602311 -0.004095
6.466667 4.407955 1.000952 0.602008 -0.004129
6.533333 4.410816 1.000959 0.601810 -0.004162
6.600000 4.412227 1.000966 0.601712 -0.004193
6.666667 4.412248 1.000973 0.601710 -0.004222
6.733333 4.410939 1.000979 0.601801 -0.004249
6.800000 4.408358 1.000985 0.601980 -0.004275
6.866667 4.404565 1.000991 0.602243 -0.004299
6.933333 4.399616 1.000996 0.602586 -0.004322
7.000000 4.393567 1.001001 0.603006 -0.004343
7.066667 4.386473 1.001005 0.603499 -0.004362
7.133333 4.378386 1.001009 0.604061 -0.004379
7.200000 4.369356 1.001013 0.604689 -0.004394
7.266667 4.359432 1.001016 0.605380 -0.004408
7.333333 4.348660 1.001018 0.606132 -0.004420
7.400000 4.337084 1.001021 0.606940 -0.004429
7.466667 4.324745 1.001023 0.607803 -0.004437
7.533333 4.311683 1.001024 0.608718 -0.004444
7.600000 4.297934 1.001025 0.609682 -0.004448
7.666667 4.283534 1.001025 0.610694 -0.004450
7.733333 4.268513 1.001026 0.611751 -0.004451
7.800000 4.252901 1.001025 0.612851 -0.004449
7.866667 4.236726 1.001024 0.613993 -0.004446
7.933333 4.220013 1.001023 0.615176 -0.004441
8.000000 4.202785 1.001022 0.616397 -0.004433
8.066667 4.185062 1.001019 0.617656 -0.004424
8.133333 4.166864 1.001017 0.618952 -0.004413
8.200000 4.148207 1.001014 0.620283 -0.004401
8.266667 4.129107 1.001011 0.621648 -0.004386
8.333333 4.109577 1.001007 0.623047 -0.004369
8.400000 4.089630 1.001003 0.624480 -0.004351
8.466667 4.069277 1.000998 0.625945 -0.004331
8.533333 4.048526 1.000993 0.627442 -0.004309
8.600000 4.027386 1.000987 0.628971 -0.004285
8.666667 4.005865 1.000982 0.630531 -0.004260
8.733333 3.983969 1.000975 0.632123 -0.004232
8.800000 3.961703 1.000969 0.633745 -0.004203
8.866667 3.939074 1.000962 0.635399 -0.004173
8.933333 3.916085 1.000954 0.637083 -0.004141
9.000000 3.892741 1.000946 0.638797 -0.004107
9.066667 3.869046 1.000938 0.640542 -0.004072
9.133333 3.845005 1.000930 0.642318 -0.004035
9.200000 3.820620 1.000921 0.644123 -0.003996
9.266667 3.795897 1.000912 0.645959 -0.003957
9.333333 3.770839 1.000902 0.647826 -0.003915
9.400000 3.745451 1.000892 0.649722 -0.003873
9.466667 3.719737 1.000882 0.651648 -0.003829
9.533333 3.693704 1.000872 0.653604 -0.003784
9.600000 3.667357 1.000861 0.655590 -0.003738
9.666667 3.640702 1.000850 0.657605 -0.003690
9.733333 3.613747 1.000839 0.659649 -0.003642
9.800000 3.586499 1.000828 0.661721 -0.003592
9.866667 3.558967 1.000816 0.663822 -0.003541
9.933333 3.531160 1.000804 0.665951 -0.003489
10.000000 3.503088 1.000792 0.668106 -0.003437
10.066667 3.474761 1.000780 0.670289 -0.003384
10.133333 3.446193 1.000767 0.672497 -0.003329
10.200000 3.417394 1.000754 0.674730 -0.003274
10.266667 3.388379 1.000742 0.676988 -0.003219
10.333333 3.359161 1.000729 0.679269 -0.003163
10.400000 3.329756 1.000716 0.681573 -0.003106
10.466667 3.300180 1.000702 0.683898 -0.003048
10.533333 3.270448 1.000689 0.686242 -0.002991
10.600000 3.240579 1.000676 0.688606 -0.002932
10.666667 3.210590 1.000662 0.690988 -0.002874
10.733333 3.180500 1.000649 0.693386 -0.002815
10.800000 3.150330 1.000635 0.695799 -0.002756
10.866667 3.120098 1.000621 0.698225 -0.002697
10.933333 3.089825 1.000608 0.700662 -0.002637
11.000000 3.059534 1.000594 0.703110 -0.002578
11.066667 3.029244 1.000580 0.705566 -0.002519
11.133333 2.998980 1.000567 0.708029 -0.002459
11.200000 2.968762 1.000553 0.710496 -0.002400
11.266667 2.938615 1.000539 0.712967 -0.002341
11.333333 2.908561 1.000526 0.715438 -0.002282
11.400000 2.878624 1.000512 0.717908 -0.002224
11.466667 2.848827 1.000499 0.720375 -0.002165
11.533333 2.819195 1.000486 0.722837 -0.002108
11.600000 2.789752 1.000472 0.725291 -0.002050
11.666667 2.760520 1.000459 0.727736 -0.001993
11.733333 2.731526 1.000446 0.730170 -0.001937
11.800000 2.702792 1.000433 0.732589 -0.001881
11.866667 2.674344 1.000421 0.734992 -0.001826
11.933333 2.646204 1.000408 0.737377 -0.001771
12.000000 2.618396 1.000396 0.739742 -0.001717
12.066667 2.590945 1.000383 0.742083 -0.001664
12.133333 2.563874 1.000371 0.744400 -0.001611
12.200000 2.537205 1.000359 0.746689 -0.001560
12.266667 2.510963 1.000348 0.748948 -0.001509
12.333333 2.485169 1.000336 0.751176 -0.001459
12.400000 2.459847 1.000325 0.753369 -0.001410
12.466667 2.435018 1.000314 0.755525 -0.001362
12.533333 2.410703 1.000303 0.757643 -0.001315
12.600000 2.386925 1.000293 0.759720 -0.001269
12.666667 2.363705 1.000282 0.761754 -0.001224
12.733333 2.341062 1.000272 0.763742 -0.001181
12.800000 2.319017 1.000262 0.765683 -0.001138
12.866667 2.297590 1.000253 0.767574 -0.001096
12.933333 2.276800 1.000243 0.769414 -0.001056
13.000000 2.256666 1.000234 0.771199 -0.001017
13.066667 2.237206 1.000226 0.772929 -0.000978
13.133333 2.218438 1.000217 0.774601 -0.000942
13.200000 2.200380 1.000209 0.776213 -0.000906
13.266667 2.183048 1.000201 0.777764 -0.000872
13.333333 2.166459 1.000193 0.779250 -0.000839
13.400000 2.150629 1.000186 0.780672 -0.000807
13.466667 2.135574 1.000179 0.782026 -0.000776
13.533333 2.121308 1.000172 0.783312 -0.000747
13.600000 2.107846 1.000166 0.784527 -0.000719
13.666667 2.095202 1.000160 0.785669 -0.000692
13.733333 2.083390 1.000154 0.786739 -0.000667
13.800000 2.072423 1.000148 0.787733 -0.000643
13.866667 2.062313 1.000143 0.788650 -0.000620
13.933333 2.053072 1.000138 0.789490 -0.000599
14.000000 2.044712 1.000134 0.790250 -0.000579
14.066667 2.037244 1.000129 0.790930 -0.000561
14.133333 2.030678 1.000125 0.791528 -0.000543
14.200000 2.025025 1.000122 0.792043 -0.000528
14.266667 2.020295 1.000118 0.792474 -0.000513
14.333333 2.016496 1.000115 0.792821 -0.000500
14.400000 2.013636 1.000113 0.793082 -0.000488
14.466667 2.011725 1.000110 0.793257 -0.000477
14.533333 2.010769 1.000108 0.793344 -0.000468
14.600000 2.010775 1.000106 0.793343 -0.000460
14.666667 2.011751 1.000105 0.793254 -0.000454
14.733333 2.013701 1.000104 0.793076 -0.000448
14.800000 2.016632 1.000103 0.792809 -0.000445
14.866667 2.020549 1.000102 0.792451 -0.000442
14.933333 2.025454 1.000102 0.792004 -0.000441
15.000000 2.031354 1.000102 0.791466 -0.000440
15.066667 2.038249 1.000102 0.790838 -0.000442
15.133333 2.046144 1.000102 0.790120 -0.000444
15.200000 2.055040 1.000103 0.789311 -0.000448
15.266667 2.064938 1.000104 0.788412 -0.000453
15.333333 2.075839 1.000106 0.787423 -0.000459
15.400000 2.087743 1.000108 0.786344 -0.000466
15.466667 2.100649 1.000110 0.785177 -0.000475
15.533333 2.114557 1.000112 0.783921 -0.000484
15.600000 2.129463 1.000114 0.782577 -0.000495
15.666667 2.145366 1.000117 0.781145 -0.000507
15.733333 2.162260 1.000120 0.779627 -0.000520
15.800000 2.180143 1.000123 0.778024 -0.000534
15.866667 2.199009 1.000127 0.776336 -0.000550
15.933333 2.218851 1.000131 0.774564 -0.000566
16.000000 2.239662 1.000135 0.772711 -0.000584
16.066667 2.261435 1.000139 0.770776 -0.000602
16.133333 2.284161 1.000143 0.768762 -0.000622
16.200000 2.307830 1.000148 0.766670 -0.000642
16.266667 2.332431 1.000153 0.764502 -0.000664
16.333333 2.357951 1.000158 0.762259 -0.000687
16.400000 2.384379 1.000164 0.759943 -0.000710
16.466667 2.411699 1.000169 0.757557 -0.000735
16.533333 2.439896 1.000175 0.755101 -0.000760
16.600000 2.468954 1.000181 0.752579 -0.000786
16.666667 2.498855 1.000188 0.749993 -0.000813
16.733333 2.529579 1.000194 0.747345 -0.000841
16.800000 2.561105 1.000201 0.744637 -0.000870
16.866667 2.593413 1.000207 0.741873 -0.000900
16.933333 2.626478 1.000214 0.739054 -0.000930
17.000000 2.660276 1.000222 0.736184 -0.000961
17.066667 2.694780 1.000229 0.733265 -0.000993
17.133333 2.729962 1.000236 0.730301 -0.001026
17.200000 2.765793 1.000244 0.727295 -0.001059
17.266667 2.802241 1.000252 0.724249 -0.001093
17.333333 2.839274 1.000260 0.721168 -0.001128
17.400000 2.876857 1.000268 0.718054 -0.001163
17.466667 2.914954 1.000276 0.714912 -0.001199
17.533333 2.953526 1.000285 0.711744 -0.001236
17.600000 2.992534 1.000293 0.708555 -0.001273
17.666667 3.031936 1.000302 0.705348 -0.001310
17.733333 3.071688 1.000311 0.702127 -0.001348
17.800000 3.111745 1.000320 0.698896 -0.001387
17.866667 3.152061 1.000329 0.695660 -0.001426
17.933333 3.192586 1.000338 0.692422 -0.001465
18.000000 3.233269 1.000347 0.689186 -0.001505
18.066667 3.274057 1.000356 0.685957 -0.001546
18.133333 3.314898 1.000366 0.682740 -0.001586
18.200000 3.355733 1.000375 0.679537 -0.001627
18.266667 3.396507 1.000384 0.676355 -0.001668
18.333333 3.437159 1.000394 0.673197 -0.001709
18.400000 3.477629 1.000404 0.670067 -0.001751
18.466667 3.517855 1.000413 0.666971 -0.001793
18.533333 3.557773 1.000423 0.663913 -0.001835
18.600000 3.597318 1.000433 0.660897 -0.001877
18.666667 3.636426 1.000442 0.657929 -0.001919
18.733333 3.675028 1.000452 0.655011 -0.001962
18.800000 3.713059 1.000462 0.652149 -0.002004
18.866667 3.750449 1.000472 0.649348 -0.002046
18.933333 3.787130 1.000481 0.646612 -0.002089
19.000000 3.823034 1.000491 0.643944 -0.002131
19.066667 3.858092 1.000501 0.641350 -0.002173
19.133333 3.892235 1.000510 0.638834 -0.002215
19.200000 3.925397 1.000520 0.636400 -0.002257
19.266667 3.957508 1.000530 0.634052 -0.002299
19.333333 3.988504 1.000539 0.631793 -0.002341
19.400000 4.018320 1.000549 0.629628 -0.002382
19.466667 4.046891 1.000558 0.627560 -0.002423
19.533333 4.074157 1.000568 0.625593 -0.002464
19.600000 4.100057 1.000577 0.623731 -0.002505
19.666667 4.124535 1.000586 0.621975 -0.002545
19.733333 4.147535 1.000596 0.620331 -0.002584
19.800000 4.169006 1.000605 0.618799 -0.002624
19.866667 4.188899 1.000614 0.617384 -0.002663
19.933333 4.207169 1.000622 0.616086 -0.002701
20.000000 4.223774 1.000631 0.614910 -0.002739
20.066667 4.238676 1.000640 0.613856 -0.002776
20.133333 4.251840 1.000648 0.612926 -0.002813
20.200000 4.263238 1.000656 0.612122 -0.002849
20.266667 4.272844 1.000665 0.611446 -0.002884
20.333333 4.280636 1.000673 0.610897 -0.002919
20.400000 4.286598 1.000680 0.610478 -0.002953
20.466667 4.290717 1.000688 0.610189 -0.002987
20.533333 4.292988 1.000696 0.610029 -0.003019
20.600000 4.293405 1.000703 0.610000 -0.003051
20.666667 4.291973 1.000710 0.610100 -0.003082
20.733333 4.288696 1.000717 0.610331 -0.003112
20.800000 4.283586 1.000724 0.610690 -0.003142
20.866667 4.276659 1.000730 0.611177 -0.003170
20.933333 4.267932 1.000737 0.611791 -0.003198
21.000000 4.257431 1.000743 0.612532 -0.003224
21.066667 4.245182 1.000749 0.613396 -0.003250
21.133333 4.231217 1.000755 0.614383 -0.003275
21.200000 4.215570 1.000760 0.615491 -0.003298
21.266667 4.198279 1.000765 0.616717 -0.003321
21.333333 4.179385 1.000770 0.618060 -0.003342
21.400000 4.158932 1.000775 0.619517 -0.003363
21.466667 4.136965 1.000779 0.621086 -0.003382
21.533333 4.113533 1.000784 0.622764 -0.003401
21.600000 4.088686 1.000788 0.624548 -0.003418
21.666667 4.062476 1.000791 0.626435 -0.003434
21.733333 4.034956 1.000795 0.628423 -0.003449
21.800000 4.006181 1.000798 0.630509 -0.003463
21.866667 3.976205 1.000801 0.632688 -0.003476
21.933333 3.945084 1.000803 0.634959 -0.003487
22.000000 3.912876 1.000806 0.637318 -0.003497
22.066667 3.879635 1.000808 0.639762 -0.003506
22.133333 3.845419 1.000810 0.642287 -0.003514
22.200000 3.810283 1.000811 0.644890 -0.003521
22.266667 3.774283 1.000813 0.647569 -0.003526
22.333333 3.737473 1.000813 0.650319 -0.003530
22.400000 3.699909 1.000814 0.653137 -0.003533
22.466667 3.661642 1.000815 0.656021 -0.003535
22.533333 3.622724 1.000815 0.658967 -0.003536
22.600000 3.583207 1.000814 0.661972 -0.003535
22.666667 3.543141 1.000814 0.665033 -0.003533
22.733333 3.502572 1.000813 0.668146 -0.003530
22.800000 3.461548 1.000812 0.671309 -0.003525
22.866667 3.420114 1.000811 0.674519 -0.003520
22.933333 3.378313 1.000809 0.677773 -0.003513
23.000000 3.336188 1.000808 0.681068 -0.003505
23.066667 3.293778 1.000805 0.684402 -0.003495
23.133333 3.251122 1.000803 0.687771 -0.003485
23.200000 3.208256 1.000800 0.691174 -0.003473
23.266667 3.165217 1.000797 0.694607 -0.003460
23.333333 3.122038 1.000794 0.698069 -0.003446
23.400000 3.078750 1.000791 0.701556 -0.003431
23.466667 3.035384 1.000787 0.705068 -0.003415
23.533333 2.991968 1.000783 0.708601 -0.003398
23.600000 2.948530 1.000779 0.712153 -0.003379
23.666667 2.905096 1.000774 0.715723 -0.003360
23.733333 2.861689 1.000769 0.719309 -0.003339
23.800000 2.818333 1.000764 0.722909 -0.003317
23.866667 2.775048 1.000759 0.726520 -0.003295
23.933333 2.731855 1.000754 0.730142 -0.003271
24.000000 2.688773 1.000748 0.733772 -0.003247
24.066667 2.645820 1.000742 0.737410 -0.003221
24.133333 2.603011 1.000736 0.741053 -0.003195
24.200000 2.560363 1.000730 0.744701 -0.003168
24.266667 2.517890 1.000723 0.748351 -0.003140
24.333333 2.475605 1.000717 0.752003 -0.003111
24.400000 2.433521 1.000710 0.755656 -0.003081
24.466667 2.391651 1.000703 0.759307 -0.003051
24.533333 2.350004 1.000696 0.762957 -0.003020
24.600000 2.308591 1.000688 0.766603 -0.002988
24.666667 2.267422 1.000681 0.770245 -0.002955
24.733333 2.226507 1.000673 0.773882 -0.002922
24.800000 2.185853 1.000666 0.777512 -0.002888
24.866667 2.145469 1.000658 0.781136 -0.002854
24.933333 2.105363 1.000650 0.784751 -0.002819
25.000000 2.065542 1.000642 0.788357 -0.002784
25.066667 2.026013 1.000633 0.791953 -0.002749
25.133333 1.986784 1.000625 0.795538 -0.002713
25.200000 1.947860 1.000617 0.799111 -0.002676
25.266667 1.909249 1.000608 0.802671 -0.002639
25.333333 1.870956 1.000600 0.806217 -0.002602
25.400000 1.832989 1.000591 0.809749 -0.002565
25.466667 1.795352 1.000582 0.813266 -0.002528
25.533333 1.758054 1.000574 0.816765 -0.002490
25.600000 1.721100 1.000565 0.820248 -0.002452
25.666667 1.684496 1.000556 0.823712 -0.002415
25.733333 1.648249 1.000548 0.827156 -0.002377
25.800000 1.612367 1.000539 0.830580 -0.002339
25.866667 1.576855 1.000530 0.833983 -0.002301
25.933333 1.541721 1.000522 0.837363 -0.002263
26.000000 1.506973 1.000513 0.840720 -0.002226
26.066667 1.472617 1.000504 0.844052 -0.002188
26.133333 1.438662 1.000496 0.847358 -0.002151
26.200000 1.405116 1.000487 0.850637 -0.002114
26.266667 1.371987 1.000479 0.853887 -0.002077
26.333333 1.339284 1.000470 0.857109 -0.002041
26.400000 1.307016 1.000462 0.860299 -0.002005
26.466667 1.275192 1.000454 0.863456 -0.001969
26.533333 1.243823 1.000446 0.866580 -0.001934
26.600000 1.212918 1.000438 0.869669 -0.001899
26.666667 1.182487 1.000430 0.872721 -0.001865
26.733333 1.152542 1.000422 0.875735 -0.001831
26.800000 1.123094 1.000414 0.878709 -0.001798
26.866667 1.094154 1.000407 0.881642 -0.001765
26.933333 1.065733 1.000399 0.884532 -0.001733
27.000000 1.037845 1.000392 0.887376 -0.001702
27.066667 1.010502 1.000385 0.890174 -0.001672
27.133333 0.983716 1.000378 0.892923 -0.001642
27.200000 0.957502 1.000372 0.895622 -0.001613
27.266667 0.931872 1.000365 0.898269 -0.001584
27.333333 0.906840 1.000359 0.900861 -0.001557
27.400000 0.882421 1.000353 0.903398 -0.001530
27.466667 0.858630 1.000347 0.905876 -0.001504
27.533333 0.835480 1.000341 0.908293 -0.001479
27.600000 0.812988 1.000335 0.910648 -0.001455
27.666667 0.791169 1.000330 0.912939 -0.001432
27.733333 0.770039 1.000325 0.915162 -0.001410
27.800000 0.749613 1.000320 0.917317 -0.001389
27.866667 0.729909 1.000315 0.919400 -0.001368
27.933333 0.710941 1.000311 0.921410 -0.001349
28.000000 0.692728 1.000307 0.923344 -0.001331
28.066667 0.675286 1.000303 0.925200 -0.001313
28.133333 0.658632 1.000299 0.926976 -0.001297
28.200000 0.642785 1.000295 0.928669 -0.001282
28.266667 0.627760 1.000292 0.930276 -0.001268
28.333333 0.613576 1.000289 0.931797 -0.001254
28.400000 0.600252 1.000286 0.933227 -0.001242
28.466667 0.587804 1.000284 0.934566 -0.001231
28.533333 0.576252 1.000281 0.935809 -0.001221
28.600000 0.565613 1.000279 0.936956 -0.001212
28.666667 0.555907 1.000278 0.938004 -0.001204
28.733333 0.547151 1.000276 0.938950 -0.001198
28.800000 0.539365 1.000275 0.939792 -0.001192
28.866667 0.532567 1.000274 0.940528 -0.001187
28.933333 0.526776 1.000273 0.941155 -0.001183
29.000000 0.522011 1.000272 0.941672 -0.001181
29.066667 0.518291 1.000272 0.942075 -0.001179
29.133333 0.515635 1.000272 0.942363 -0.001178
29.200000 0.514062 1.000272 0.942534 -0.001179
29.266667 0.513592 1.000272 0.942585 -0.001180
29.333333 0.514243 1.000273 0.942514 -0.001183
29.400000 0.516036 1.000273 0.942320 -0.001186
29.466667 0.518988 1.000274 0.941999 -0.001190
29.533333 0.523119 1.000276 0.941551 -0.001196
29.600000 0.528449 1.000277 0.940974 -0.001202
29.666667 0.534996 1.000279 0.940265 -0.001209
29.733333 0.542780 1.000280 0.939423 -0.001217
29.800000 0.551820 1.000283 0.938445 -0.001226
29.866667 0.562135 1.000285 0.937332 -0.001236
29.933333 0.573744 1.000287 0.936080 -0.001246
30.000000 0.586666 1.000290 0.934688 -0.001258
30.066667 0.600920 1.000293 0.933155 -0.001270
30.133333 0.616524 1.000296 0.931481 -0.001283
30.200000 0.633498 1.000299 0.929662 -0.001296
30.266667 0.651860 1.000302 0.927699 -0.001311
30.333333 0.671628 1.000306 0.925590 -0.001326
30.400000 0.692820 1.000309 0.923334 -0.001342
30.466667 0.715456 1.000313 0.920931 -0.001358
30.533333 0.739552 1.000317 0.918380 -0.001376
30.600000 0.765126 1.000321 0.915680 -0.001393
30.666667 0.792197 1.000325 0.912831 -0.001412
30.733333 0.820781 1.000330 0.909831 -0.001431
30.800000 0.850895 1.000334 0.906683 -0.001450
30.866667 0.882556 1.000339 0.903384 -0.001470
30.933333 0.915780 1.000343 0.899935 -0.001490
31.000000 0.950583 1.000348 0.896336 -0.001511
31.066667 0.986981 1.000353 0.892588 -0.001533
31.133333 1.024989 1.000358 0.888691 -0.001554
31.200000 1.064621 1.000363 0.884645 -0.001577
31.266667 1.105892 1.000369 0.880451 -0.001599
31.333333 1.148814 1.000374 0.876111 -0.001622
31.400000 1.193402 1.000379 0.871625 -0.001645
31.466667 1.239666 1.000385 0.866995 -0.001669
31.533333 1.287619 1.000390 0.862222 -0.001692
31.600000 1.337270 1.000395 0.857307 -0.001716
31.666667 1.388629 1.000401 0.852253 -0.001740
31.733333 1.441704 1.000407 0.847061 -0.001765
31.800000 1.496503 1.000412 0.841734 -0.001789
31.866667 1.553032 1.000418 0.836274 -0.001814
31.933333 1.611296 1.000424 0.830683 -0.001839
32.000000 1.671296 1.000429 0.824964 -0.001864
32.066667 1.733037 1.000435 0.819121 -0.001889
32.133333 1.796515 1.000441 0.813157 -0.001914
32.200000 1.861731 1.000447 0.807074 -0.001939
32.266667 1.928679 1.000453 0.800877 -0.001964
32.333333 1.997352 1.000458 0.794570 -0.001990
32.400000 2.067742 1.000464 0.788157 -0.002015
32.466667 2.139837 1.000470 0.781642 -0.002040
32.533333 2.213621 1.000476 0.775031 -0.002065
32.600000 2.289077 1.000482 0.768327 -0.002090
32.666667 2.366183 1.000487 0.761537 -0.002115
32.733333 2.444914 1.000493 0.754665 -0.002140
32.800000 2.525239 1.000499 0.747718 -0.002165
32.866667 2.607125 1.000505 0.740702 -0.002190
32.933333 2.690533 1.000510 0.733624 -0.002214
33.000000 2.775419 1.000516 0.726489 -0.002239
33.066667 2.861733 1.000521 0.719305 -0.002263
33.133333 2.949419 1.000527 0.712080 -0.002287
33.200000 3.038415 1.000532 0.704822 -0.002311
33.266667 3.128652 1.000538 0.697537 -0.002334
33.333333 3.220053 1.000543 0.690236 -0.002358
33.400000 3.312534 1.000549 0.682925 -0.002381
33.466667 3.406001 1.000554 0.675616 -0.002404
33.533333 3.500353 1.000559 0.668317 -0.002426
33.600000 3.595479 1.000564 0.661037 -0.002449
33.666667 3.691256 1.000569 0.653788 -0.002471
33.733333 3.787554 1.000574 0.646580 -0.002493
33.800000 3.884229 1.000579 0.639423 -0.002514
33.866667 3.981128 1.000584 0.632330 -0.002535
33.933333 4.078084 1.000589 0.625311 -0.002556
34.000000 4.174920 1.000594 0.618378 -0.002577
34.066667 4.271445 1.000598 0.611544 -0.002597
34.133333 4.367458 1.000603 0.604821 -0.002616
34.200000 4.462743 1.000607 0.598223 -0.002636
34.266667 4.557073 1.000612 0.591761 -0.002655
34.333333 4.650208 1.000616 0.585450 -0.002673
34.400000 4.741899 1.000620 0.579302 -0.002691
34.466667 4.831883 1.000624 0.573332 -0.002709
34.533333 4.919890 1.000628 0.567552 -0.002726
34.600000 5.005638 1.000632 0.561976 -0.002743
34.666667 5.088842 1.000636 0.556619 -0.002760
34.733333 5.169208 1.000640 0.551492 -0.002776
34.800000 5.246440 1.000643 0.546611 -0.002791
34.866667 5.320241 1.000647 0.541986 -0.002806
34.933333 5.390315 1.000650 0.537631 -0.002821
35.000000 5.456371 1.000653 0.533558 -0.002834
35.066667 5.518124 1.000656 0.529778 -0.002848
35.133333 5.575301 1.000659 0.526302 -0.002861
35.200000 5.627640 1.000662 0.523140 -0.002873
35.266667 5.674900 1.000665 0.520301 -0.002885
35.333333 5.716858 1.000667 0.517794 -0.002896
35.400000 5.753314 1.000670 0.515625 -0.002907
35.466667 5.784096 1.000672 0.513801 -0.002917
35.533333 5.809062 1.000674 0.512327 -0.002926
35.600000 5.828098 1.000676 0.511205 -0.002935
35.666667 5.841127 1.000678 0.510439 -0.002943
35.733333 5.848104 1.000680 0.510029 -0.002951
35.800000 5.849022 1.000682 0.509975 -0.002958
35.866667 5.843908 1.000683 0.510275 -0.002964
35.933333 5.832824 1.000684 0.510927 -0.002970
36.000000 5.815867 1.000686 0.511925 -0.002975
36.066667 5.793168 1.000687 0.513265 -0.002979
36.133333 5.764886 1.000687 0.514939 -0.002983
36.200000 5.731211 1.000688 0.516939 -0.002986
36.266667 5.692357 1.000689 0.519257 -0.002988
36.333333 5.648561 1.000689 0.521882 -0.002990
36.400000 5.600079 1.000689 0.524803 -0.002991
36.466667 5.547185 1.000689 0.528008 -0.002991
36.533333 5.490163 1.000689 0.531486 -0.002990
36.600000 5.429307 1.000689 0.535223 -0.002989
36.666667 5.364919 1.000688 0.539205 -0.002987
36.733333 5.297302 1.000688 0.543419 -0.002984
36.800000 5.226761 1.000687 0.547850 -0.002980
36.866667 5.153599 1.000686 0.552484 -0.002976
36.933333 5.078113 1.000685 0.557307 -0.002971
37.000000 5.000597 1.000683 0.562303 -0.002965
37.066667 4.921334 1.000682 0.567457 -0.002958
37.133333 4.840600 1.000680 0.572756 -0.002951
37.200000 4.758661 1.000678 0.578185 -0.002943
37.266667 4.675768 1.000676 0.583729 -0.002934
37.333333 4.592166 1.000674 0.589375 -0.002924
37.400000 4.508083 1.000671 0.595108 -0.002914
37.466667 4.423737 1.000669 0.600915 -0.002903
37.533333 4.339333 1.000666 0.606783 -0.002891
37.600000 4.255062 1.000663 0.612699 -0.002878
37.666667 4.171104 1.000660 0.618650 -0.002865
37.733333 4.087628 1.000657 0.624624 -0.002851
37.800000 4.004788 1.000653 0.630610 -0.002836
37.866667 3.922730 1.000650 0.636595 -0.002820
37.933333 3.841586 1.000646 0.642570 -0.002804
38.000000 3.761479 1.000642 0.648524 -0.002787
38.066667 3.682523 1.000638 0.654446 -0.002769
38.133333 3.604820 1.000634 0.660327 -0.002751
38.200000 3.528464 1.000629 0.666157 -0.002732
38.266667 3.453541 1.000625 0.671928 -0.002712
38.333333 3.380128 1.000620 0.677632 -0.002692
38.400000 3.308296 1.000615 0.683259 -0.002671
38.466667 3.238107 1.000610 0.688802 -0.002650
38.533333 3.169617 1.000605 0.694255 -0.002627
38.600000 3.102875 1.000600 0.699610 -0.002605
38.666667 3.037927 1.000595 0.704861 -0.002582
38.733333 2.974810 1.000589 0.710002 -0.002558
38.800000 2.913557 1.000584 0.715027 -0.002534
38.866667 2.854197 1.000578 0.719930 -0.002509
38.933333 2.796754 1.000572 0.724707 -0.002484
39.000000 2.741247 1.000566 0.729353 -0.002458
39.066667 2.687693 1.000560 0.733864 -0.002432
39.133333 2.636103 1.000554 0.738235 -0.002406
39.200000 2.586487 1.000548 0.742464 -0.002379
39.266667 2.538849 1.000542 0.746548 -0.002352
39.333333 2.493192 1.000536 0.750482 -0.002325
39.400000 2.449515 1.000529 0.754266 -0.002297
39.466667 2.407815 1.000523 0.757895 -0.002270
39.533333 2.368087 1.000517 0.761370 -0.002242
39.600000 2.330323 1.000510 0.764687 -0.002213
39.666667 2.294510 1.000503 0.767847 -0.002185
39.733333 2.260638 1.000497 0.770847 -0.002156
39.800000 2.228692 1.000490 0.773687 -0.002128
39.866667 2.198653 1.000484 0.776367 -0.002099
39.933333 2.170505 1.000477 0.778888 -0.002071
40.000000 2.144225 1.000471 0.781248 -0.002042
40.066667 2.119793 1.000464 0.783448 -0.002013
40.133333 2.097183 1.000457 0.785490 -0.001985
40.200000 2.076371 1.000451 0.787375 -0.001957
40.266667 2.057328 1.000444 0.789103 -0.001928
40.333333 2.040026 1.000438 0.790676 -0.001900
40.400000 2.024434 1.000431 0.792097 -0.001872
40.466667 2.010521 1.000425 0.793367 -0.001845
40.533333 1.998252 1.000419 0.794488 -0.001817
40.600000 1.987594 1.000413 0.795464 -0.001790
40.666667 1.978509 1.000406 0.796296 -0.001764
40.733333 1.970961 1.000400 0.796988 -0.001737
40.800000 1.964909 1.000394 0.797544 -0.001711
40.866667 1.960315 1.000389 0.797966 -0.001686
40.933333 1.957136 1.000383 0.798258 -0.001661
41.000000 1.955329 1.000377 0.798424 -0.001636
41.066667 1.954851 1.000372 0.798468 -0.001612
41.133333 1.955656 1.000366 0.798394 -0.001589
41.200000 1.957698 1.000361 0.798206 -0.001566
41.266667 1.960929 1.000356 0.797909 -0.001544
41.333333 1.965301 1.000351 0.797508 -0.001522
41.400000 1.970765 1.000346 0.797006 -0.001501
41.466667 1.977271 1.000341 0.796410 -0.001481
41.533333 1.984766 1.000337 0.795723 -0.001462
41.600000 1.993200 1.000333 0.794950 -0.001443
41.666667 2.002519 1.000328 0.794098 -0.001425
41.733333 2.012670 1.000324 0.793170 -0.001408
41.800000 2.023600 1.000321 0.792173 -0.001391
41.866667 2.035255 1.000317 0.791111 -0.001376
41.933333 2.047579 1.000314 0.789989 -0.001361
42.000000 2.060519 1.000311 0.788813 -0.001347
42.066667 2.074019 1.000308 0.787588 -0.001334
42.133333 2.088025 1.000305 0.786319 -0.001322
42.200000 2.102482 1.000302 0.785011 -0.001311
42.266667 2.117337 1.000300 0.783670 -0.001301
42.333333 2.132536 1.000298 0.782300 -0.001292
42.400000 2.148025 1.000296 0.780906 -0.001284
42.466667 2.163752 1.000294 0.779493 -0.001276
42.533333 2.179667 1.000293 0.778066 -0.001270
42.600000 2.195720 1.000292 0.776630 -0.001265
42.666667 2.211861 1.000291 0.775188 -0.001260
42.733333 2.228043 1.000290 0.773745 -0.001257
42.800000 2.244220 1.000289 0.772305 -0.001255
42.866667 2.260349 1.000289 0.770872 -0.001254
42.933333 2.276388 1.000289 0.769450 -0.001253
43.000000 2.292298 1.000289 0.768042 -0.001254
43.066667 2.308039 1.000289 0.766652 -0.001256
43.133333 2.323578 1.000290 0.765281 -0.001259
43.200000 2.338883 1.000291 0.763934 -0.001263
43.266667 2.353923 1.000292 0.762612 -0.001267
43.333333 2.368671 1.000293 0.761319 -0.001273
43.400000 2.383104 1.000295 0.760055 -0.001280
43.466667 2.397200 1.000297 0.758822 -0.001288
43.533333 2.410943 1.000299 0.757623 -0.001297
43.600000 2.424316 1.000301 0.756457 -0.001306
43.666667 2.437310 1.000304 0.755326 -0.001317
43.733333 2.449915 1.000306 0.754231 -0.001329
43.800000 2.462128 1.000309 0.753171 -0.001342
43.866667 2.473946 1.000312 0.752147 -0.001355
43.933333 2.485371 1.000316 0.751158 -0.001370
44.000000 2.496408 1.000319 0.750204 -0.001385
44.066667 2.507066 1.000323 0.749284 -0.001401
44.133333 2.517356 1.000327 0.748397 -0.001418
44.200000 2.527292 1.000331 0.747542 -0.001436
44.266667 2.536891 1.000335 0.746716 -0.001455
44.333333 2.546174 1.000340 0.745918 -0.001474
44.400000 2.555162 1.000344 0.745147 -0.001495
44.466667 2.563883 1.000349 0.744399 -0.001516
44.533333 2.572362 1.000354 0.743673 -0.001537
44.600000 2.580631 1.000359 0.742965 -0.001560
44.666667 2.588720 1.000365 0.742274 -0.001583
44.733333 2.596665 1.000370 0.741595 -0.001607
44.800000 2.604499 1.000376 0.740926 -0.001631
44.866667 2.612261 1.000382 0.740265 -0.001656
44.933333 2.619988 1.000388 0.739606 -0.001682
45.000000 2.627720 1.000394 0.738948 -0.001708
45.066667 2.635496 1.000400 0.738287 -0.001734
45.133333 2.643359 1.000406 0.737619 -0.001761
45.200000 2.651348 1.000412 0.736941 -0.001789
45.266667 2.659505 1.000419 0.736249 -0.001817
45.333333 2.667872 1.000425 0.735540 -0.001845
45.400000 2.676491 1.000432 0.734811 -0.001874
45.466667 2.685402 1.000438 0.734057 -0.001903
45.533333 2.694647 1.000445 0.733276 -0.001932
45.600000 2.704264 1.000452 0.732465 -0.001961
45.666667 2.714293 1.000459 0.731620 -0.001991
45.733333 2.724771 1.000466 0.730738 -0.002021
45.800000 2.735736 1.000473 0.729816 -0.002051
45.866667 2.747223 1.000480 0.728851 -0.002081
45.933333 2.759265 1.000487 0.727841 -0.002112
46.000000 2.771894 1.000494 0.726784 -0.002142
46.066667 2.785140 1.000501 0.725676 -0.002172
46.133333 2.799032 1.000508 0.724517 -0.002203
46.200000 2.813595 1.000514 0.723303 -0.002233
46.266667 2.828853 1.000521 0.722033 -0.002263
46.333333 2.844828 1.000528 0.720707 -0.002293
46.400000 2.861537 1.000535 0.719322 -0.002323
46.466667 2.878998 1.000542 0.717877 -0.002353
46.533333 2.897222 1.000549 0.716372 -0.002382
46.600000 2.916222 1.000556 0.714807 -0.002412
46.666667 2.936003 1.000562 0.713181 -0.002441
46.733333 2.956571 1.000569 0.711494 -0.002469
46.800000 2.977926 1.000576 0.709747 -0.002498
46.866667 3.000066 1.000582 0.707940 -0.002526
46.933333 3.022986 1.000588 0.706075 -0.002554
47.000000 3.046676 1.000595 0.704152 -0.002581
47.066667 3.071124 1.000601 0.702172 -0.002608
47.133333 3.096314 1.000607 0.700139 -0.002634
47.200000 3.122224 1.000613 0.698054 -0.002660
47.266667 3.148831 1.000619 0.695919 -0.002685
47.333333 3.176108 1.000624 0.693737 -0.002710
47.400000 3.204022 1.000630 0.691511 -0.002734
47.466667 3.232538 1.000635 0.689244 -0.002758
47.533333 3.261615 1.000641 0.686941 -0.002781
47.600000 3.291209 1.000646 0.684604 -0.002803
47.666667 3.321273 1.000651 0.682239 -0.002825
47.733333 3.351754 1.000656 0.679849 -0.002846
47.800000 3.382595 1.000660 0.677439 -0.002866
47.866667 3.413737 1.000665 0.675015 -0.002886
47.933333 3.445113 1.000669 0.672581 -0.002904
48.000000 3.476657 1.000673 0.670143 -0.002923
48.066667 3.508294 1.000677 0.667706 -0.002940
48.133333 3.539949 1.000681 0.665277 -0.002956
48.200000 3.571541 1.000685 0.662862 -0.002972
48.266667 3.602987 1.000688 0.660466 -0.002987
48.333333 3.634199 1.000692 0.658097 -0.003001
48.400000 3.665087 1.000695 0.655761 -0.003015
48.466667 3.695559 1.000698 0.653465 -0.003027
48.533333 3.725518 1.000700 0.651215 -0.003039
48.600000 3.754865 1.000703 0.649018 -0.003050
48.666667 3.783502 1.000705 0.646882 -0.003060
48.733333 3.811327 1.000707 0.644813 -0.003069
48.800000 3.838237 1.000709 0.642818 -0.003077
48.866667 3.864128 1.000711 0.640905 -0.003084
48.933333 3.888897 1.000712 0.639080 -0.003091
49.000000 3.912442 1.000713 0.637350 -0.003096
49.066667 3.934660 1.000715 0.635722 -0.003101
49.133333 3.955451 1.000715 0.634202 -0.003105
49.200000 3.974716 1.000716 0.632797 -0.003108
49.266667 3.992359 1.000717 0.631513 -0.003110
49.333333 4.008289 1.000717 0.630356 -0.003111
49.400000 4.022416 1.000717 0.629331 -0.003112
49.466667 4.034658 1.000717 0.628445 -0.003111
49.533333 4.044935 1.000717 0.627702 -0.003110
49.600000 4.053175 1.000716 0.627106 -0.003108
49.666667 4.059312 1.000715 0.626664 -0.003105
49.733333 4.063285 1.000714 0.626377 -0.003101
49.800000 4.065043 1.000713 0.626250 -0.003096
49.866667 4.064541 1.000712 0.626286 -0.003091
49.933333 4.061742 1.000711 0.626488 -0.003084
50.000000 4.056618 1.000709 0.626858 -0.003077
50.066667 4.049149 1.000707 0.627397 -0.003070
50.133333 4.039326 1.000705 0.628107 -0.003061
50.200000 4.027145 1.000703 0.628989 -0.003052
50.266667 4.012613 1.000701 0.630042 -0.003042
50.333333 3.995746 1.000698 0.631266 -0.003031
50.400000 3.976567 1.000696 0.632662 -0.003019
50.466667 3.955109 1.000693 0.634227 -0.003007
50.533333 3.931411 1.000690 0.635959 -0.002994
50.600000 3.905522 1.000687 0.637858 -0.002980
50.666667 3.877497 1.000683 0.639919 -0.002966
50.733333 3.847397 1.000680 0.642141 -0.002951
50.800000 3.815291 1.000676 0.644519 -0.002936
50.866667 3.781251 1.000673 0.647049 -0.002919
50.933333 3.745358 1.000669 0.649729 -0.002903
51.000000 3.707693 1.000665 0.652552 -0.002885
51.066667 3.668346 1.000661 0.655515 -0.002867
51.133333 3.627405 1.000656 0.658612 -0.002849
51.200000 3.584966 1.000652 0.661838 -0.002830
51.266667 3.541122 1.000648 0.665187 -0.002811
51.333333 3.495972 1.000643 0.668654 -0.002791
51.400000 3.449613 1.000638 0.672232 -0.002770
51.466667 3.402145 1.000633 0.675916 -0.002749
51.533333 3.353665 1.000629 0.679699 -0.002728
51.600000 3.304271 1.000624 0.683575 -0.002706
51.666667 3.254062 1.000618 0.687538 -0.002684
51.733333 3.203134 1.000613 0.691581 -0.002661
51.800000 3.151579 1.000608 0.695698 -0.002638
51.866667 3.099492 1.000603 0.699883 -0.002615
51.933333 3.046963 1.000597 0.704128 -0.002591
52.000000 2.994078 1.000592 0.708429 -0.002567
52.066667 2.940923 1.000586 0.712777 -0.002543
52.133333 2.887581 1.000580 0.717168 -0.002518
52.200000 2.834130 1.000575 0.721595 -0.002493
52.266667 2.780647 1.000569 0.726052 -0.002468
52.333333 2.727205 1.000563 0.730533 -0.002443
52.400000 2.673872 1.000557 0.735032 -0.002417
52.466667 2.620717 1.000551 0.739544 -0.002391
52.533333 2.567800 1.000545 0.744063 -0.002365
52.600000 2.515183 1.000539 0.748585 -0.002339
52.666667 2.462922 1.000533 0.753102 -0.002313
52.733333 2.411068 1.000527 0.757612 -0.002286
52.800000 2.359674 1.000521 0.762108 -0.002259
52.866667 2.308785 1.000514 0.766586 -0.002232
52.933333 2.258444 1.000508 0.771042 -0.002206
53.000000 2.208694 1.000502 0.775471 -0.002179
53.066667 2.159570 1.000496 0.779869 -0.002152
53.133333 2.111109 1.000490 0.784232 -0.002124
53.200000 2.063342 1.000483 0.788557 -0.002097
53.266667 2.016299 1.000477 0.792839 -0.002070
53.333333 1.970007 1.000471 0.797076 -0.002043
53.400000 1.924490 1.000464 0.801264 -0.002016
53.466667 1.879772 1.000458 0.805400 -0.001989
53.533333 1.835871 1.000452 0.809481 -0.001962
53.600000 1.792807 1.000446 0.813504 -0.001935
53.666667 1.750594 1.000440 0.817467 -0.001908
53.733333 1.709248 1.000433 0.821368 -0.001881
53.800000 1.668780 1.000427 0.825203 -0.001854
53.866667 1.629202 1.000421 0.828972 -0.001827
53.933333 1.590522 1.000415 0.832672 -0.001801
54.000000 1.552748 1.000409 0.836301 -0.001775
54.066667 1.515886 1.000403 0.839858 -0.001749
54.133333 1.479942 1.000397 0.843340 -0.001723
54.200000 1.444919 1.000391 0.846748 -0.001697
54.266667 1.410819 1.000385 0.850079 -0.001672
54.333333 1.377645 1.000379 0.853331 -0.001646
54.400000 1.345397 1.000374 0.856505 -0.001622
54.466667 1.314075 1.000368 0.859600 -0.001597
54.533333 1.283679 1.000362 0.862613 -0.001573
54.600000 1.254205 1.000357 0.865545 -0.001549
54.666667 1.225654 1.000352 0.868395 -0.001525
54.733333 1.198020 1.000346 0.871162 -0.001502
54.800000 1.171302 1.000341 0.873846 -0.001479
54.866667 1.145496 1.000336 0.876446 -0.001457
54.933333 1.120596 1.000331 0.878962 -0.001435
55.000000 1.096600 1.000326 0.881394 -0.001414
55.066667 1.073502 1.000321 0.883741 -0.001393
55.133333 1.051297 1.000316 0.886003 -0.001372
55.200000 1.029980 1.000312 0.888180 -0.001352
55.266667 1.009546 1.000307 0.890272 -0.001333
55.333333 0.989991 1.000303 0.892279 -0.001314
55.400000 0.971307 1.000299 0.894200 -0.001296
55.466667 0.953491 1.000295 0.896036 -0.001278
55.533333 0.936536 1.000291 0.897787 -0.001261
55.600000 0.920439 1.000287 0.899452 -0.001245
55.666667 0.905193 1.000283 0.901032 -0.001229
55.733333 0.890794 1.000280 0.902527 -0.001214
55.800000 0.877236 1.000277 0.903937 -0.001200
55.866667 0.864517 1.000273 0.905262 -0.001186
55.933333 0.852630 1.000270 0.906501 -0.001173
56.000000 0.841572 1.000268 0.907656 -0.001162
56.066667 0.831339 1.000265 0.908726 -0.001150
56.133333 0.821928 1.000263 0.909711 -0.001140
56.200000 0.813334 1.000261 0.910612 -0.001130
56.266667 0.805556 1.000259 0.911428 -0.001122
56.333333 0.798590 1.000257 0.912159 -0.001114
56.400000 0.792434 1.000255 0.912806 -0.001107
56.466667 0.787085 1.000254 0.913368 -0.001101
56.533333 0.782542 1.000253 0.913846 -0.001096
56.600000 0.778804 1.000252 0.914239 -0.001092
56.666667 0.775869 1.000251 0.914548 -0.001088
56.733333 0.773736 1.000250 0.914773 -0.001086
56.800000 0.772405 1.000250 0.914913 -0.001085
56.866667 0.771876 1.000250 0.914969 -0.001085
56.933333 0.772149 1.000250 0.914940 -0.001085
57.000000 0.773223 1.000251 0.914827 -0.001087
57.066667 0.775101 1.000251 0.914629 -0.001090
57.133333 0.777782 1.000252 0.914347 -0.001093
57.200000 0.781269 1.000253 0.913980 -0.001098
57.266667 0.785562 1.000254 0.913528 -0.001104
57.333333 0.790664 1.000256 0.912992 -0.001111
57.400000 0.796576 1.000258 0.912370 -0.001119
57.466667 0.803301 1.000260 0.911664 -0.001128
57.533333 0.810842 1.000262 0.910873 -0.001138
57.600000 0.819200 1.000265 0.909997 -0.001149
57.666667 0.828380 1.000268 0.909036 -0.001161
57.733333 0.838384 1.000271 0.907989 -0.001174
57.800000 0.849216 1.000274 0.906858 -0.001189
57.866667 0.860879 1.000277 0.905641 -0.001204
57.933333 0.873376 1.000281 0.904339 -0.001220
58.000000 0.886711 1.000285 0.902952 -0.001237
58.066667 0.900889 1.000289 0.901479 -0.001256
58.133333 0.915913 1.000294 0.899921 -0.001275
58.200000 0.931787 1.000299 0.898278 -0.001296
58.266667 0.948514 1.000303 0.896550 -0.001317
58.333333 0.966100 1.000309 0.894736 -0.001339
58.400000 0.984549 1.000314 0.892838 -0.001362
58.466667 1.003864 1.000320 0.890855 -0.001387
58.533333 1.024050 1.000325 0.888787 -0.001412
58.600000 1.045110 1.000331 0.886634 -0.001438
58.666667 1.067049 1.000337 0.884398 -0.001464
58.733333 1.089872 1.000344 0.882077 -0.001492
58.800000 1.113582 1.000350 0.879672 -0.001521
58.866667 1.138182 1.000357 0.877184 -0.001550
58.933333 1.163678 1.000364 0.874613 -0.001580
59.000000 1.190072 1.000371 0.871960 -0.001611
59.066667 1.217369 1.000378 0.869224 -0.001642
59.133333 1.245572 1.000386 0.866406 -0.001674
59.200000 1.274684 1.000393 0.863507 -0.001707
59.266667 1.304709 1.000401 0.860527 -0.001741
59.333333 1.335650 1.000409 0.857467 -0.001775
59.400000 1.367509 1.000417 0.854328 -0.001809
59.466667 1.400290 1.000425 0.851110 -0.001844
59.533333 1.433995 1.000433 0.847813 -0.001880
59.600000 1.468627 1.000441 0.844440 -0.001916
59.666667 1.504187 1.000450 0.840990 -0.001952
59.733333 1.540677 1.000458 0.837464 -0.001989
59.800000 1.578099 1.000467 0.833864 -0.002026
59.866667 1.616455 1.000476 0.830190 -0.002064
59.933333 1.655745 1.000484 0.826443 -0.002101
60.000000 1.695970 1.000493 0.822624 -0.002139
60.066667 1.737130 1.000502 0.818735 -0.002177
60.133333 1.779225 1.000510 0.814777 -0.002215
60.200000 1.822256 1.000519 0.810750 -0.002253
60.266667 1.866221 1.000528 0.806657 -0.002291
60.333333 1.911120 1.000537 0.802498 -0.002330
60.400000 1.956949 1.000546 0.798275 -0.002368
60.466667 2.003708 1.000554 0.793989 -0.002406
60.533333 2.051394 1.000563 0.789642 -0.002444
60.600000 2.100004 1.000572 0.785235 -0.002482
60.666667 2.149533 1.000580 0.780770 -0.002519
60.733333 2.199978 1.000589 0.776249 -0.002557
60.800000 2.251332 1.000598 0.771673 -0.002594
60.866667 2.303592 1.000606 0.767044 -0.002630
60.933333 2.356749 1.000614 0.762364 -0.002666
61.000000 2.410797 1.000623 0.757635 -0.002702
61.066667 2.465728 1.000631 0.752859 -0.002738
61.133333 2.521531 1.000639 0.748038 -0.002773
61.200000 2.578197 1.000647 0.743173 -0.002807
61.266667 2.635714 1.000655 0.738268 -0.002841
61.333333 2.694070 1.000662 0.733325 -0.002874
61.400000 2.753251 1.000670 0.728346 -0.002907
61.466667 2.813242 1.000677 0.723332 -0.002939
61.533333 2.874026 1.000684 0.718288 -0.002970
61.600000 2.935584 1.000691 0.713216 -0.003000
61.666667 2.997898 1.000698 0.708117 -0.003030
61.733333 3.060944 1.000705 0.702996 -0.003059
61.800000 3.124701 1.000711 0.697855 -0.003087
61.866667 3.189141 1.000718 0.692696 -0.003114
61.933333 3.254237 1.000724 0.687524 -0.003140
62.000000 3.319958 1.000729 0.682342 -0.003166
62.066667 3.386273 1.000735 0.677152 -0.003190
62.133333 3.453145 1.000740 0.671959 -0.003214
62.200000 3.520536 1.000746 0.666766 -0.003236
62.266667 3.588405 1.000751 0.661576 -0.003258
62.333333 3.656707 1.000755 0.656394 -0.003278
62.400000 3.725396 1.000760 0.651224 -0.003298
62.466667 3.794418 1.000764 0.646069 -0.003316
62.533333 3.863720 1.000768 0.640935 -0.003333
62.600000 3.933241 1.000772 0.635825 -0.003350
62.666667 4.002920 1.000775 0.630745 -0.003365
62.733333 4.072687 1.000778 0.625699 -0.003379
62.800000 4.142473 1.000781 0.620692 -0.003392
62.866667 4.212199 1.000784 0.615730 -0.003403
62.933333 4.281784 1.000787 0.610817 -0.003414
63.000000 4.351142 1.000789 0.605959 -0.003423
63.066667 4.420182 1.000791 0.601161 -0.003432
63.133333 4.488806 1.000792 0.596430 -0.003439
63.200000 4.556914 1.000794 0.591772 -0.003445
63.266667 4.624396 1.000795 0.587192 -0.003450
63.333333 4.691142 1.000796 0.582697 -0.003454
63.400000 4.757033 1.000796 0.578294 -0.003456
63.466667 4.821946 1.000797 0.573988 -0.003458
63.533333 4.885753 1.000797 0.569787 -0.003458
63.600000 4.948321 1.000797 0.565697 -0.003457
63.666667 5.009512 1.000796 0.561726 -0.003455
63.733333 5.069186 1.000795 0.557880 -0.003452
63.800000 5.127195 1.000794 0.554166 -0.003448
63.866667 5.183391 1.000793 0.550593 -0.003443
63.933333 5.237623 1.000792 0.547166 -0.003436
64.000000 5.289735 1.000790 0.543893 -0.003429
64.066667 5.339574 1.000788 0.540781 -0.003420
64.133333 5.386984 1.000786 0.537837 -0.003411
64.200000 5.431808 1.000783 0.535069 -0.003400
64.266667 5.473894 1.000781 0.532482 -0.003388
64.333333 5.513089 1.000778 0.530085 -0.003376
64.400000 5.549245 1.000775 0.527883 -0.003362
64.466667 5.582220 1.000771 0.525883 -0.003348
64.533333 5.611875 1.000768 0.524090 -0.003332
64.600000 5.638082 1.000764 0.522512 -0.003316
64.666667 5.660718 1.000760 0.521152 -0.003298
64.733333 5.679670 1.000756 0.520016 -0.003280
64.800000 5.694838 1.000751 0.519108 -0.003261
64.866667 5.706132 1.000747 0.518434 -0.003241
64.933333 5.713476 1.000742 0.517996 -0.003220
65.000000 5.716806 1.000737 0.517797 -0.003198
65.066667 5.716074 1.000732 0.517841 -0.003176
65.133333 5.711248 1.000726 0.518129 -0.003153
65.200000 5.702308 1.000721 0.518662 -0.003129
65.266667 5.689255 1.000715 0.519442 -0.003104
65.333333 5.672102 1.000709 0.520469 -0.003079
65.400000 5.650881 1.000704 0.521742 -0.003053
65.466667 5.625638 1.000697 0.523261 -0.003027
65.533333 5.596434 1.000691 0.525023 -0.003000
65.600000 5.563348 1.000685 0.527027 -0.002972
65.666667 5.526469 1.000678 0.529269 -0.002944
65.733333 5.485904 1.000672 0.531747 -0.002915
65.800000 5.441768 1.000665 0.534456 -0.002886
65.866667 5.394189 1.000658 0.537391 -0.002856
65.933333 5.343308 1.000651 0.540548 -0.002826
66.000000 5.289270 1.000644 0.543922 -0.002795
66.066667 5.232231 1.000637 0.547505 -0.002764
66.133333 5.172354 1.000630 0.551293 -0.002733
66.200000 5.109805 1.000622 0.555277 -0.002701
66.266667 5.044755 1.000615 0.559451 -0.002669
66.333333 4.977379 1.000607 0.563808 -0.002636
66.400000 4.907853 1.000600 0.568339 -0.002604
66.466667 4.836353 1.000592 0.573037 -0.002571
66.533333 4.763056 1.000585 0.577893 -0.002538
66.600000 4.688138 1.000577 0.582899 -0.002504
66.666667 4.611772 1.000569 0.588046 -0.002471
66.733333 4.534128 1.000562 0.593326 -0.002437
66.800000 4.455374 1.000554 0.598730 -0.002403
66.866667 4.375674 1.000546 0.604249 -0.002369
66.933333 4.295187 1.000538 0.609875 -0.002336
67.000000 4.214067 1.000530 0.615597 -0.002302
67.066667 4.132464 1.000522 0.621408 -0.002267
67.133333 4.050521 1.000515 0.627298 -0.002233
67.200000 3.968378 1.000507 0.633259 -0.002199
67.266667 3.886167 1.000499 0.639281 -0.002165
67.333333 3.804015 1.000491 0.645356 -0.002131
67.400000 3.722043 1.000483 0.651475 -0.002098
67.466667 3.640369 1.000476 0.657630 -0.002064
67.533333 3.559100 1.000468 0.663812 -0.002030
67.600000 3.478343 1.000460 0.670012 -0.001997
67.666667 3.398195 1.000452 0.676223 -0.001963
67.733333 3.318750 1.000445 0.682437 -0.001930
67.800000 3.240097 1.000437 0.688645 -0.001897
67.866667 3.162319 1.000430 0.694839 -0.001865
67.933333 3.085494 1.000422 0.701012 -0.001832
68.000000 3.009696 1.000415 0.707156 -0.001800
68.066667 2.934994 1.000407 0.713264 -0.001768
68.133333 2.861452 1.000400 0.719329 -0.001736
68.200000 2.789132 1.000393 0.725343 -0.001705
68.266667 2.718091 1.000386 0.731300 -0.001674
68.333333 2.648380 1.000379 0.737193 -0.001643
68.400000 2.580050 1.000372 0.743015 -0.001613
68.466667 2.513146 1.000365 0.748760 -0.001583
68.533333 2.447712 1.000358 0.754422 -0.001554
68.600000 2.383786 1.000351 0.759995 -0.001525
68.666667 2.321407 1.000345 0.765473 -0.001496
68.733333 2.260606 1.000338 0.770850 -0.001468
68.800000 2.201417 1.000332 0.776120 -0.001440
68.866667 2.143869 1.000326 0.781280 -0.001413
68.933333 2.087987 1.000319 0.786322 -0.001386
69.000000 2.033796 1.000313 0.791244 -0.001360
69.066667 1.981320 1.000307 0.796038 -0.001334
69.133333 1.930578 1.000302 0.800702 -0.001309
69.200000 1.881589 1.000296 0.805231 -0.001284
69.266667 1.834370 1.000290 0.809621 -0.001260
69.333333 1.788937 1.000285 0.813866 -0.001237
69.400000 1.745303 1.000280 0.817965 -0.001214
69.466667 1.703481 1.000275 0.821913 -0.001192
69.533333 1.663482 1.000270 0.825707 -0.001170
69.600000 1.625316 1.000265 0.829343 -0.001149
69.666667 1.588990 1.000260 0.832819 -0.001129
69.733333 1.554513 1.000256 0.836131 -0.001109
69.800000 1.521890 1.000251 0.839277 -0.001090
69.866667 1.491127 1.000247 0.842255 -0.001072
69.933333 1.462228 1.000243 0.845062 -0.001054
70.000000 1.435195 1.000239 0.847696 -0.001037
70.066667 1.410032 1.000235 0.850156 -0.001021
70.133333 1.386739 1.000232 0.852438 -0.001005
70.200000 1.365317 1.000228 0.854543 -0.000991
70.266667 1.345766 1.000225 0.856469 -0.000977
70.333333 1.328083 1.000222 0.858214 -0.000963
70.400000 1.312268 1.000219 0.859778 -0.000951
70.466667 1.298318 1.000217 0.861160 -0.000939
70.533333 1.286228 1.000214 0.862360 -0.000929
70.600000 1.275995 1.000212 0.863377 -0.000918
70.666667 1.267614 1.000210 0.864210 -0.000909
70.733333 1.261078 1.000208 0.864861 -0.000901
70.800000 1.256381 1.000206 0.865328 -0.000893
70.866667 1.253515 1.000204 0.865614 -0.000887
70.933333 1.252473 1.000203 0.865718 -0.000881
71.000000 1.253245 1.000202 0.865641 -0.000876
71.066667 1.255822 1.000201 0.865384 -0.000872
71.133333 1.260193 1.000200 0.864949 -0.000869
71.200000 1.266346 1.000200 0.864336 -0.000867
71.266667 1.274270 1.000199 0.863548 -0.000865
71.333333 1.283950 1.000199 0.862586 -0.000865
71.400000 1.295373 1.000199 0.861452 -0.000865
71.466667 1.308524 1.000200 0.860149 -0.000867
71.533333 1.323387 1.000200 0.858679 -0.000869
71.600000 1.339945 1.000201 0.857043 -0.000872
71.666667 1.358178 1.000202 0.855246 -0.000876
71.733333 1.378069 1.000203 0.853290 -0.000882
71.800000 1.399596 1.000205 0.851178 -0.000888
71.866667 1.422738 1.000206 0.848913 -0.000895
71.933333 1.447471 1.000208 0.846499 -0.000903
72.000000 1.473772 1.000210 0.843940 -0.000912
72.066667 1.501615 1.000213 0.841239 -0.000922
72.133333 1.530972 1.000215 0.838400 -0.000933
72.200000 1.561815 1.000218 0.835428 -0.000945
72.266667 1.594113 1.000221 0.832328 -0.000958
72.333333 1.627835 1.000224 0.829103 -0.000972
72.400000 1.662948 1.000227 0.825758 -0.000987
72.466667 1.699414 1.000231 0.822298 -0.001002
72.533333 1.737198 1.000235 0.818729 -0.001019
72.600000 1.776260 1.000239 0.815055 -0.001037
72.666667 1.816558 1.000243 0.811282 -0.001056
72.733333 1.858051 1.000248 0.807416 -0.001076
72.800000 1.900691 1.000253 0.803462 -0.001096
72.866667 1.944431 1.000258 0.799426 -0.001118
72.933333 1.989222 1.000263 0.795314 -0.001141
73.000000 2.035011 1.000268 0.791133 -0.001164
73.066667 2.081744 1.000274 0.786888 -0.001189
73.133333 2.129363 1.000280 0.782586 -0.001214
73.200000 2.177808 1.000286 0.778233 -0.001241
73.266667 2.227018 1.000292 0.773836 -0.001268
73.333333 2.276928 1.000299 0.769402 -0.001296
73.400000 2.327470 1.000305 0.764938 -0.001325
73.466667 2.378575 1.000312 0.760451 -0.001355
73.533333 2.430169 1.000319 0.755947 -0.001386
73.600000 2.482177 1.000327 0.751435 -0.001417
73.666667 2.534523 1.000334 0.746920 -0.001450
73.733333 2.587125 1.000342 0.742410 -0.001483
73.800000 2.639900 1.000350 0.737913 -0.001517
73.866667 2.692765 1.000358 0.733435 -0.001551
73.933333 2.745630 1.000366 0.728985 -0.001587
74.000000 2.798408 1.000374 0.724569 -0.001623
74.066667 2.851006 1.000383 0.720194 -0.001660
74.133333 2.903332 1.000391 0.715869 -0.001697
74.200000 2.955291 1.000400 0.711599 -0.001736
74.266667 3.006786 1.000409 0.707393 -0.001774
74.333333 3.057720 1.000418 0.703257 -0.001814
74.400000 3.107997 1.000427 0.699198 -0.001854
74.466667 3.157516 1.000436 0.695223 -0.001894
74.533333 3.206181 1.000446 0.691339 -0.001935
74.600000 3.253893 1.000455 0.687552 -0.001976
74.666667 3.300555 1.000465 0.683868 -0.002018
74.733333 3.346070 1.000475 0.680294 -0.002060
74.800000 3.390344 1.000485 0.676835 -0.002103
74.866667 3.433284 1.000494 0.673497 -0.002146
74.933333 3.474799 1.000504 0.670286 -0.002189
75.000000 3.514804 1.000514 0.667206 -0.002232
75.066667 3.553214 1.000524 0.664262 -0.002276
75.133333 3.589949 1.000534 0.661458 -0.002319
75.200000 3.624934 1.000545 0.658800 -0.002363
75.266667 3.658099 1.000555 0.656289 -0.002407
75.333333 3.689378 1.000565 0.653930 -0.002451
75.400000 3.718713 1.000575 0.651725 -0.002495
75.466667 3.746049 1.000585 0.649677 -0.002539
75.533333 3.771341 1.000595 0.647788 -0.002583
75.600000 3.794548 1.000605 0.646060 -0.002626
75.666667 3.815638 1.000615 0.644493 -0.002670
75.733333 3.834585 1.000625 0.643089 -0.002713
75.800000 3.851371 1.000635 0.641847 -0.002756
75.866667 3.865985 1.000645 0.640768 -0.002799
75.933333 3.878425 1.000655 0.639851 -0.002841
76.000000 3.888695 1.000664 0.639095 -0.002883
76.066667 3.896807 1.000674 0.638498 -0.002924
76.133333 3.902780 1.000683 0.638059 -0.002965
76.200000 3.906642 1.000692 0.637776 -0.003005
76.266667 3.908426 1.000702 0.637645 -0.003045
76.333333 3.908172 1.000711 0.637663 -0.003084
76.400000 3.905926 1.000720 0.637828 -0.003123
76.466667 3.901741 1.000728 0.638136 -0.003160
76.533333 3.895676 1.000737 0.638581 -0.003197
76.600000 3.887792 1.000745 0.639161 -0.003233
76.666667 3.878157 1.000753 0.639871 -0.003269
76.733333 3.866844 1.000761 0.640705 -0.003303
76.800000 3.853927 1.000769 0.641658 -0.003337
76.866667 3.839484 1.000776 0.642726 -0.003369
76.933333 3.823597 1.000784 0.643903 -0.003400
77.000000 3.806349 1.000791 0.645182 -0.003431
77.066667 3.787823 1.000797 0.646560 -0.003460
77.133333 3.768106 1.000804 0.648029 -0.003488
77.200000 3.747283 1.000810 0.649585 -0.003515
77.266667 3.725442 1.000816 0.651220 -0.003541
77.333333 3.702667 1.000822 0.652930 -0.003565
77.400000 3.679046 1.000827 0.654708 -0.003589
77.466667 3.654662 1.000832 0.656549 -0.003611
77.533333 3.629598 1.000837 0.658446 -0.003631
77.600000 3.603936 1.000841 0.660394 -0.003651
77.666667 3.577755 1.000845 0.662388 -0.003669
77.733333 3.551133 1.000849 0.664421 -0.003685
77.800000 3.524143 1.000853 0.666489 -0.003700
77.866667 3.496859 1.000856 0.668586 -0.003714
77.933333 3.469350 1.000859 0.670706 -0.003726
78.000000 3.441682 1.000861 0.672846 -0.003737
78.066667 3.413917 1.000863 0.675001 -0.003746
78.133333 3.386116 1.000865 0.677165 -0.003754
78.200000 3.358335 1.000866 0.679334 -0.003760
78.266667 3.330627 1.000867 0.681504 -0.003765
78.333333 3.303042 1.000868 0.683672 -0.003768
78.400000 3.275627 1.000869 0.685833 -0.003770
78.466667 3.248422 1.000869 0.687985 -0.003770
78.533333 3.221469 1.000868 0.690123 -0.003768
78.600000 3.194801 1.000868 0.692245 -0.003765
78.666667 3.168452 1.000867 0.694348 -0.003761
78.733333 3.142450 1.000865 0.696430 -0.003755
78.800000 3.116819 1.000863 0.698488 -0.003747
78.866667 3.091582 1.000861 0.700521 -0.003738
78.933333 3.066758 1.000859 0.702526 -0.003728
79.000000 3.042360 1.000856 0.704502 -0.003716
79.066667 3.018401 1.000853 0.706448 -0.003702
79.133333 2.994890 1.000850 0.708362 -0.003687
79.200000 2.971832 1.000846 0.710245 -0.003671
79.266667 2.949230 1.000842 0.712096 -0.003653
79.333333 2.927084 1.000837 0.713914 -0.003634
79.400000 2.905390 1.000833 0.715699 -0.003613
79.466667 2.884142 1.000828 0.717452 -0.003591
79.533333 2.863332 1.000822 0.719173 -0.003568
79.600000 2.842949 1.000817 0.720863 -0.003544
79.666667 2.822979 1.000811 0.722522 -0.003518
79.733333 2.803406 1.000804 0.724152 -0.003491
79.800000 2.784212 1.000798 0.725754 -0.003463
79.866667 2.765376 1.000791 0.727329 -0.003433
79.933333 2.746878 1.000784 0.728880 -0.003403
80.000000 2.728691 1.000777 0.730408 -0.003371
80.066667 2.710791 1.000769 0.731915 -0.003338
80.133333 2.693149 1.000761 0.733403 -0.003305
80.200000 2.675737 1.000754 0.734874 -0.003270
80.266667 2.658525 1.000745 0.736332 -0.003235
80.333333 2.641480 1.000737 0.737778 -0.003198
80.400000 2.624571 1.000728 0.739216 -0.003161
80.466667 2.607764 1.000720 0.740648 -0.003123
80.533333 2.591024 1.000711 0.742077 -0.003084
80.600000 2.574317 1.000701 0.743505 -0.003044
80.666667 2.557607 1.000692 0.744937 -0.003004
80.733333 2.540860 1.000683 0.746375 -0.002963
80.800000 2.524040 1.000673 0.747822 -0.002922
80.866667 2.507111 1.000664 0.749281 -0.002880
80.933333 2.490038 1.000654 0.750755 -0.002837
81.000000 2.472788 1.000644 0.752247 -0.002795
81.066667 2.455325 1.000634 0.753761 -0.002751
81.133333 2.437618 1.000624 0.755299 -0.002708
81.200000 2.419633 1.000614 0.756865 -0.002664
81.266667 2.401341 1.000604 0.758460 -0.002620
81.333333 2.382711 1.000593 0.760089 -0.002575
81.400000 2.363716 1.000583 0.761753 -0.002531
81.466667 2.344329 1.000573 0.763455 -0.002486
81.533333 2.324525 1.000563 0.765198 -0.002442
81.600000 2.304283 1.000552 0.766983 -0.002397
81.666667 2.283582 1.000542 0.768813 -0.002352
81.733333 2.262403 1.000532 0.770690 -0.002308
81.800000 2.240732 1.000522 0.772615 -0.002263
81.866667 2.218554 1.000511 0.774591 -0.002219
81.933333 2.195859 1.000501 0.776617 -0.002175
82.000000 2.172638 1.000491 0.778696 -0.002131
82.066667 2.148887 1.000481 0.780828 -0.002088
82.133333 2.124602 1.000471 0.783015 -0.002045
82.200000 2.099785 1.000461 0.785255 -0.002002
82.266667 2.074436 1.000452 0.787550 -0.001959
82.333333 2.048563 1.000442 0.789899 -0.001917
82.400000 2.022174 1.000432 0.792303 -0.001876
82.466667 1.995281 1.000423 0.794760 -0.001835
82.533333 1.967897 1.000414 0.797270 -0.001795
82.600000 1.940039 1.000404 0.799831 -0.001755
82.666667 1.911728 1.000395 0.802442 -0.001715
82.733333 1.882984 1.000386 0.805102 -0.001677
82.800000 1.853833 1.000378 0.807808 -0.001639
82.866667 1.824301 1.000369 0.810560 -0.001602
82.933333 1.794418 1.000361 0.813353 -0.001565
83.000000 1.764216 1.000352 0.816186 -0.001529
83.066667 1.733728 1.000344 0.819056 -0.001495
83.133333 1.702989 1.000337 0.821960 -0.001460
83.200000 1.672036 1.000329 0.824894 -0.001427
83.266667 1.640910 1.000321 0.827855 -0.001395
83.333333 1.609649 1.000314 0.830840 -0.001363
83.400000 1.578295 1.000307 0.833845 -0.001332
83.466667 1.546893 1.000300 0.836865 -0.001302
83.533333 1.515485 1.000294 0.839896 -0.001273
83.600000 1.484117 1.000287 0.842935 -0.001245
83.666667 1.452835 1.000281 0.845976 -0.001218
83.733333 1.421684 1.000275 0.849016 -0.001192
83.800000 1.390713 1.000269 0.852049 -0.001167
83.866667 1.359968 1.000263 0.855070 -0.001143
83.933333 1.329497 1.000258 0.858075 -0.001120
84.000000 1.299347 1.000253 0.861058 -0.001098
84.066667 1.269567 1.000248 0.864016 -0.001077
84.133333 1.240203 1.000244 0.866942 -0.001057
84.200000 1.211304 1.000239 0.869831 -0.001038
84.266667 1.182916 1.000235 0.872678 -0.001019
84.333333 1.155086 1.000231 0.875479 -0.001002
84.400000 1.127860 1.000227 0.878227 -0.000986
84.466667 1.101283 1.000224 0.880919 -0.000971
84.533333 1.075401 1.000221 0.883548 -0.000957
84.600000 1.050258 1.000218 0.886109 -0.000945
84.666667 1.025897 1.000215 0.888598 -0.000933
84.733333 1.002360 1.000213 0.891009 -0.000922
84.800000 0.979690 1.000210 0.893337 -0.000912
84.866667 0.957926 1.000208 0.895579 -0.000903
84.933333 0.937109 1.000206 0.897728 -0.000895
85.000000 0.917278 1.000205 0.899780 -0.000889
85.066667 0.898470 1.000204 0.901730 -0.000883
85.133333 0.880721 1.000202 0.903574 -0.000878
85.200000 0.864067 1.000202 0.905309 -0.000874
85.266667 0.848542 1.000201 0.906928 -0.000872
85.333333 0.834181 1.000201 0.908429 -0.000870
85.400000 0.821013 1.000200 0.909807 -0.000869
85.466667 0.809072 1.000200 0.911059 -0.000869
85.533333 0.798385 1.000201 0.912180 -0.000870
85.600000 0.788983 1.000201 0.913168 -0.000872
85.666667 0.780891 1.000202 0.914019 -0.000875
85.733333 0.774137 1.000203 0.914730 -0.000879
85.800000 0.768746 1.000204 0.915298 -0.000884
85.866667 0.764740 1.000205 0.915721 -0.000890
85.933333 0.762143 1.000207 0.915994 -0.000897
86.000000 0.760977 1.000208 0.916117 -0.000904
86.066667 0.761261 1.000210 0.916087 -0.000913
86.133333 0.763015 1.000213 0.915903 -0.000922
86.200000 0.766256 1.000215 0.915561 -0.000932
86.266667 0.771002 1.000217 0.915061 -0.000943
86.333333 0.777268 1.000220 0.914401 -0.000955
86.400000 0.785068 1.000223 0.913580 -0.000967
86.466667 0.794415 1.000226 0.912597 -0.000981
86.533333 0.805322 1.000229 0.911452 -0.000995
86.600000 0.817800 1.000233 0.910144 -0.001010
86.666667 0.831857 1.000236 0.908672 -0.001025
86.733333 0.847503 1.000240 0.907037 -0.001042
86.800000 0.864744 1.000244 0.905238 -0.001059
86.866667 0.883588 1.000248 0.903276 -0.001077
86.933333 0.904038 1.000252 0.901152 -0.001095
87.000000 0.926098 1.000257 0.898866 -0.001115
87.066667 0.949771 1.000262 0.896420 -0.001135
87.133333 0.975057 1.000266 0.893814 -0.001155
87.200000 1.001957 1.000271 0.891050 -0.001176
87.266667 1.030469 1.000276 0.888130 -0.001198
87.333333 1.060589 1.000281 0.885056 -0.001221
87.400000 1.092315 1.000287 0.881829 -0.001244
87.466667 1.125640 1.000292 0.878452 -0.001267
87.533333 1.160557 1.000298 0.874928 -0.001291
87.600000 1.197058 1.000303 0.871259 -0.001316
87.666667 1.235134 1.000309 0.867448 -0.001341
87.733333 1.274772 1.000315 0.863498 -0.001367
87.800000 1.315959 1.000321 0.859413 -0.001393
87.866667 1.358682 1.000327 0.855196 -0.001420
87.933333 1.402925 1.000334 0.850852 -0.001447
88.000000 1.448668 1.000340 0.846382 -0.001475
88.066667 1.495893 1.000346 0.841793 -0.001503
88.133333 1.544579 1.000353 0.837088 -0.001531
88.200000 1.594702 1.000360 0.832271 -0.001560
88.266667 1.646238 1.000366 0.827348 -0.001589
88.333333 1.699160 1.000373 0.822322 -0.001619
88.400000 1.753439 1.000380 0.817199 -0.001649
88.466667 1.809044 1.000387 0.811985 -0.001679
88.533333 1.865942 1.000394 0.806683 -0.001710
88.600000 1.924099 1.000401 0.801300 -0.001741
88.666667 1.983477 1.000408 0.795841 -0.001772
88.733333 2.044038 1.000416 0.790311 -0.001803
88.800000 2.105739 1.000423 0.784717 -0.001835
88.866667 2.168537 1.000430 0.779064 -0.001867
88.933333 2.232386 1.000438 0.773358 -0.001899
89.000000 2.297238 1.000445 0.767606 -0.001931
89.066667 2.363041 1.000452 0.761812 -0.001963
89.133333 2.429742 1.000460 0.755984 -0.001996
89.200000 2.497286 1.000467 0.750129 -0.002028
89.266667 2.565615 1.000475 0.744251 -0.002061
89.333333 2.634668 1.000482 0.738357 -0.002094
89.400000 2.704381 1.000490 0.732455 -0.002127
89.466667 2.774690 1.000498 0.726550 -0.002160
89.533333 2.845527 1.000505 0.720649 -0.002192
89.600000 2.916822 1.000513 0.714758 -0.002225
89.666667 2.988501 1.000520 0.708884 -0.002258
89.733333 3.060491 1.000528 0.703033 -0.002291
89.800000 3.132715 1.000535 0.697211 -0.002324
89.866667 3.205092 1.000543 0.691425 -0.002356
89.933333 3.277544 1.000550 0.685682 -0.002389
90.000000 3.349986 1.000558 0.679987 -0.002421
90.066667 3.422335 1.000565 0.674347 -0.002453
90.133333 3.494504 1.000573 0.668767 -0.002486
90.200000 3.566406 1.000580 0.663254 -0.002517
90.266667 3.637953 1.000587 0.657813 -0.002549
90.333333 3.709055 1.000595 0.652450 -0.002580
90.400000 3.779623 1.000602 0.647171 -0.002612
90.466667 3.849566 1.000609 0.641980 -0.002642
90.533333 3.918794 1.000616 0.636884 -0.002673
90.600000 3.987215 1.000623 0.631887 -0.002703
90.666667 4.054741 1.000630 0.626993 -0.002733
90.733333 4.121282 1.000636 0.622208 -0.002762
90.800000 4.186750 1.000643 0.617536 -0.002791
90.866667 4.251057 1.000650 0.612981 -0.002820
90.933333 4.314120 1.000656 0.608547 -0.002848
91.000000 4.375855 1.000663 0.604237 -0.002876
91.066667 4.436180 1.000669 0.600055 -0.002903
91.133333 4.495020 1.000675 0.596004 -0.002930
91.200000 4.552297 1.000681 0.592086 -0.002956
91.266667 4.607942 1.000687 0.588306 -0.002981
91.333333 4.661885 1.000693 0.584663 -0.003006
91.400000 4.714062 1.000698 0.581162 -0.003031
91.466667 4.764413 1.000704 0.577802 -0.003055
91.533333 4.812883 1.000709 0.574587 -0.003078
91.600000 4.859419 1.000714 0.571517 -0.003100
91.666667 4.903975 1.000719 0.568593 -0.003122
91.733333 4.946509 1.000724 0.565815 -0.003143
91.800000 4.986983 1.000729 0.563185 -0.003163
91.866667 5.025365 1.000733 0.560702 -0.003183
91.933333 5.061626 1.000738 0.558366 -0.003201
92.000000 5.095745 1.000742 0.556177 -0.003219
92.066667 5.127702 1.000746 0.554134 -0.003236
92.133333 5.157484 1.000749 0.552237 -0.003253
92.200000 5.185082 1.000753 0.550486 -0.003268
92.266667 5.210491 1.000756 0.548877 -0.003283
92.333333 5.233711 1.000760 0.547412 -0.003296
92.400000 5.254745 1.000763 0.546088 -0.003309
92.466667 5.273598 1.000765 0.544904 -0.003321
92.533333 5.290283 1.000768 0.543858 -0.003332
92.600000 5.304812 1.000770 0.542949 -0.003342
92.666667 5.317201 1.000772 0.542176 -0.003351
92.733333 5.327469 1.000774 0.541535 -0.003359
92.800000 5.335638 1.000776 0.541026 -0.003366
92.866667 5.341729 1.000777 0.540647 -0.003372
92.933333 5.345769 1.000778 0.540395 -0.003377
93.000000 5.347782 1.000779 0.540270 -0.003381
93.066667 5.347796 1.000780 0.540269 -0.003384
93.133333 5.345840 1.000780 0.540391 -0.003386
93.200000 5.341941 1.000780 0.540634 -0.003387
93.266667 5.336129 1.000780 0.540995 -0.003387
93.333333 5.328434 1.000780 0.541475 -0.003386
93.400000 5.318885 1.000780 0.542070 -0.003383
93.466667 5.307512 1.000779 0.542781 -0.003380
93.533333 5.294343 1.000778 0.543604 -0.003376
93.600000 5.279409 1.000777 0.544540 -0.003370
93.666667 5.262737 1.000775 0.545586 -0.003364
93.733333 5.244356 1.000773 0.546742 -0.003356
93.800000 5.224295 1.000771 0.548006 -0.003347
93.866667 5.202579 1.000769 0.549378 -0.003337
93.933333 5.179237 1.000767 0.550856 -0.003327
94.000000 5.154296 1.000764 0.552440 -0.003315
94.066667 5.127781 1.000761 0.554129 -0.003302
94.133333 5.099719 1.000758 0.555922 -0.003288
94.200000 5.070136 1.000754 0.557819 -0.003273
94.266667 5.039058 1.000750 0.559818 -0.003257
94.333333 5.006511 1.000746 0.561920 -0.003240
94.400000 4.972521 1.000742 0.564123 -0.003222
94.466667 4.937115 1.000738 0.566427 -0.003203
94.533333 4.900320 1.000733 0.568832 -0.003183
94.600000 4.862163 1.000729 0.571336 -0.003162
94.666667 4.822672 1.000724 0.573940 -0.003140
94.733333 4.781877 1.000718 0.576642 -0.003117
94.800000 4.739806 1.000713 0.579442 -0.003094
94.866667 4.696490 1.000707 0.582338 -0.003069
94.933333 4.651962 1.000701 0.585332 -0.003044
95.000000 4.606254 1.000695 0.588420 -0.003017
95.066667 4.559400 1.000689 0.591603 -0.002990
95.133333 4.511436 1.000683 0.594878 -0.002963
95.200000 4.462398 1.000676 0.598246 -0.002934
95.266667 4.412325 1.000669 0.601705 -0.002905
95.333333 4.361256 1.000662 0.605253 -0.002875
95.400000 4.309232 1.000655 0.608889 -0.002844
95.466667 4.256296 1.000648 0.612612 -0.002813
95.533333 4.202492 1.000641 0.616418 -0.002782
95.600000 4.147864 1.000633 0.620307 -0.002749
95.666667 4.092459 1.000626 0.624277 -0.002716
95.733333 4.036325 1.000618 0.628324 -0.002683
95.800000 3.979511 1.000610 0.632447 -0.002649
95.866667 3.922067 1.000602 0.636644 -0.002615
95.933333 3.864044 1.000595 0.640911 -0.002580
96.000000 3.805495 1.000586 0.645246 -0.002545
96.066667 3.746472 1.000578 0.649645 -0.002510
96.133333 3.687029 1.000570 0.654107 -0.002474
96.200000 3.627220 1.000562 0.658626 -0.002438
96.266667 3.567101 1.000554 0.663201 -0.002402
96.333333 3.506728 1.000545 0.667826 -0.002366
96.400000 3.446154 1.000537 0.672500 -0.002330
96.466667 3.385438 1.000529 0.677217 -0.002294
96.533333 3.324633 1.000520 0.681975 -0.002257
96.600000 3.263798 1.000512 0.686768 -0.002221
96.666667 3.202986 1.000503 0.691593 -0.002185
96.733333 3.142255 1.000495 0.696446 -0.002148
96.800000 3.081658 1.000487 0.701321 -0.002112
96.866667 3.021251 1.000478 0.706216 -0.002076
96.933333 2.961088 1.000470 0.711124 -0.002040
97.000000 2.901222 1.000462 0.716043 -0.002005
97.066667 2.841707 1.000454 0.720966 -0.001970
97.133333 2.782593 1.000446 0.725889 -0.001935
97.200000 2.723933 1.000438 0.730808 -0.001900
97.266667 2.665777 1.000430 0.735718 -0.001866
97.333333 2.608172 1.000422 0.740613 -0.001832
97.400000 2.551169 1.000415 0.745490 -0.001799
97.466667 2.494813 1.000407 0.750342 -0.001766
97.533333 2.439150 1.000400 0.755166 -0.001734
97.600000 2.384225 1.000392 0.759957 -0.001702
97.666667 2.330081 1.000385 0.764709 -0.001671
97.733333 2.276760 1.000378 0.769417 -0.001641
97.800000 2.224304 1.000371 0.774078 -0.001611
97.866667 2.172751 1.000365 0.778686 -0.001582
97.933333 2.122140 1.000358 0.783237 -0.001554
98.000000 2.072508 1.000352 0.787725 -0.001526
98.066667 2.023891 1.000346 0.792146 -0.001500
98.133333 1.976322 1.000340 0.796497 -0.001474
98.200000 1.929835 1.000334 0.800771 -0.001448
98.266667 1.884460 1.000328 0.804965 -0.001424
98.333333 1.840230 1.000323 0.809074 -0.001401
98.400000 1.797173 1.000318 0.813095 -0.001378
98.466667 1.755316 1.000313 0.817023 -0.001357
98.533333 1.714686 1.000308 0.820854 -0.001336
98.600000 1.675308 1.000303 0.824583 -0.001316
98.666667 1.637207 1.000299 0.828208 -0.001298
98.733333 1.600406 1.000295 0.831725 -0.001280
98.800000 1.564926 1.000291 0.835129 -0.001263
98.866667 1.530787 1.000288 0.838418 -0.001248
98.933333 1.498010 1.000284 0.841588 -0.001233
99.000000 1.466613 1.000281 0.844636 -0.001219
99.066667 1.436612 1.000278 0.847558 -0.001206
99.133333 1.408025 1.000275 0.850352 -0.001195
99.200000 1.380866 1.000273 0.853015 -0.001184
99.266667 1.355150 1.000271 0.855544 -0.001175
99.333333 1.330890 1.000269 0.857937 -0.001166
99.400000 1.308098 1.000267 0.860191 -0.001159
99.466667 1.286785 1.000266 0.862305 -0.001152
99.533333 1.266963 1.000264 0.864275 -0.001147
99.600000 1.248640 1.000263 0.866100 -0.001143
99.666667 1.231825 1.000263 0.867778 -0.001139
99.733333 1.216526 1.000262 0.869308 -0.001137
99.800000 1.202750 1.000262 0.870688 -0.001136
99.866667 1.190504 1.000262 0.871916 -0.001136
