# z LM (E,E) abs(P1) alpha
0.000000 0.001917 1.000000 0.999779 -0.000000
0.066667 0.007670 1.000001 0.999117 -0.000003
0.133333 0.017259 1.000002 0.998015 -0.000008
0.200000 0.030688 1.000004 0.996473 -0.000016
0.266667 0.047960 1.000006 0.994494 -0.000024
0.333333 0.069078 1.000008 0.992079 -0.000035
0.400000 0.094050 1.000011 0.989231 -0.000048
0.466667 0.122881 1.000015 0.985952 -0.000063
0.533333 0.155577 1.000019 0.982248 -0.000079
0.600000 0.192148 1.000023 0.978121 -0.000097
0.666667 0.232603 1.000027 0.973576 -0.000117
0.733333 0.276952 1.000032 0.968618 -0.000140
0.800000 0.325205 1.000038 0.963252 -0.000163
0.866667 0.377375 1.000044 0.957483 -0.000189
0.933333 0.433475 1.000050 0.951319 -0.000217
1.000000 0.493517 1.000057 0.944766 -0.000246
1.066667 0.557517 1.000064 0.937830 -0.000277
1.133333 0.625489 1.000072 0.930520 -0.000310
1.200000 0.697450 1.000080 0.922842 -0.000345
1.266667 0.773417 1.000088 0.914806 -0.000382
1.333333 0.853405 1.000097 0.906421 -0.000420
1.400000 0.937434 1.000106 0.897694 -0.000460
1.466667 1.025522 1.000116 0.888636 -0.000502
1.533333 1.117687 1.000126 0.879257 -0.000546
1.600000 1.213949 1.000137 0.869566 -0.000592
1.666667 1.314327 1.000147 0.859575 -0.000639
1.733333 1.418841 1.000159 0.849294 -0.000688
1.800000 1.527509 1.000170 0.838735 -0.000739
1.866667 1.640352 1.000182 0.827909 -0.000791
1.933333 1.757388 1.000195 0.816828 -0.000845
2.000000 1.878636 1.000208 0.805505 -0.000901
2.066667 2.004113 1.000221 0.793952 -0.000958
2.133333 2.133835 1.000234 0.782183 -0.001017
2.200000 2.267819 1.000248 0.770210 -0.001077
2.266667 2.406077 1.000263 0.758047 -0.001140
2.333333 2.548620 1.000277 0.745708 -0.001203
2.400000 2.695458 1.000292 0.733208 -0.001268
2.466667 2.846596 1.000308 0.720560 -0.001335
2.533333 3.002037 1.000324 0.707780 -0.001403
2.600000 3.161777 1.000340 0.694882 -0.001473
2.666667 3.325810 1.000356 0.681882 -0.001544
2.733333 3.494123 1.000373 0.668796 -0.001617
2.800000 3.666696 1.000390 0.655640 -0.001691
2.866667 3.843502 1.000407 0.642429 -0.001766
2.933333 4.024503 1.000425 0.629180 -0.001843
3.000000 4.209654 1.000443 0.615910 -0.001921
3.066667 4.398894 1.000461 0.602636 -0.002000
3.133333 4.592153 1.000480 0.589376 -0.002081
3.200000 4.789342 1.000498 0.576146 -0.002162
3.266667 4.990356 1.000517 0.562966 -0.002245
3.333333 5.195073 1.000537 0.549853 -0.002329
3.400000 5.403344 1.000556 0.536825 -0.002414
3.466667 5.615000 1.000576 0.523902 -0.002500
3.533333 5.829840 1.000596 0.511102 -0.002587
3.600000 6.047637 1.000617 0.498446 -0.002675
3.666667 6.268127 1.000637 0.485952 -0.002764
3.733333 6.491008 1.000658 0.473641 -0.002854
3.800000 6.715939 1.000679 0.461533 -0.002945
3.866667 6.942534 1.000700 0.449649 -0.003036
3.933333 7.170357 1.000721 0.438008 -0.003128
4.000000 7.398922 1.000742 0.426632 -0.003221
4.066667 7.627689 1.000764 0.415543 -0.003315
4.133333 7.856060 1.000786 0.404759 -0.003409
4.200000 8.083380 1.000807 0.394304 -0.003504
4.266667 8.308935 1.000829 0.384196 -0.003599
4.333333 8.531953 1.000851 0.374457 -0.003694
4.400000 8.751607 1.000873 0.365107 -0.003790
4.466667 8.967022 1.000896 0.356163 -0.003886
4.533333 9.177280 1.000918 0.347645 -0.003983
4.600000 9.381431 1.000940 0.339569 -0.004079
4.666667 9.578507 1.000962 0.331951 -0.004176
4.733333 9.767537 1.000985 0.324805 -0.004273
4.800000 9.947565 1.001007 0.318143 -0.004369
4.866667 10.117673 1.001029 0.311973 -0.004466
4.933333 10.277002 1.001051 0.306302 -0.004563
5.000000 10.424775 1.001074 0.301135 -0.004659
5.066667 10.560321 1.001096 0.296472 -0.004755
5.133333 10.683092 1.001118 0.292311 -0.004851
5.200000 10.792687 1.001140 0.288646 -0.004946
5.266667 10.888860 1.001162 0.285468 -0.005041
5.333333 10.971530 1.001183 0.282764 -0.005135
5.400000 11.040784 1.001205 0.280518 -0.005228
5.466667 11.096872 1.001226 0.278712 -0.005321
5.533333 11.140200 1.001248 0.277326 -0.005413
5.600000 11.171314 1.001269 0.276334 -0.005504
5.666667 11.190881 1.001289 0.275712 -0.005595
5.733333 11.199670 1.001310 0.275433 -0.005684
5.800000 11.198525 1.001330 0.275470 -0.005772
5.866667 11.188346 1.001350 0.275793 -0.005859
5.933333 11.170067 1.001370 0.276374 -0.005945
6.000000 11.144629 1.001390 0.277184 -0.006030
6.066667 11.112971 1.001409 0.278196 -0.006113
6.133333 11.076004 1.001428 0.279383 -0.006195
6.200000 11.034608 1.001446 0.280718 -0.006275
6.266667 10.989616 1.001464 0.282175 -0.006354
6.333333 10.941808 1.001482 0.283733 -0.006431
6.400000 10.891906 1.001500 0.285368 -0.006506
6.466667 10.840574 1.001516 0.287059 -0.006580
6.533333 10.788415 1.001533 0.288788 -0.006651
6.600000 10.735968 1.001549 0.290537 -0.006721
6.666667 10.683716 1.001565 0.292290 -0.006789
6.733333 10.632084 1.001580 0.294033 -0.006854
6.800000 10.581445 1.001594 0.295752 -0.006918
6.866667 10.532117 1.001609 0.297436 -0.006979
6.933333 10.484374 1.001622 0.299076 -0.007038
7.000000 10.438445 1.001635 0.300661 -0.007095
7.066667 10.394518 1.001648 0.302186 -0.007150
7.133333 10.352745 1.001660 0.303643 -0.007202
7.200000 10.313242 1.001671 0.305027 -0.007251
7.266667 10.276095 1.001682 0.306334 -0.007298
7.333333 10.241362 1.001692 0.307561 -0.007343
7.400000 10.209074 1.001702 0.308707 -0.007384
7.466667 10.179238 1.001711 0.309769 -0.007424
7.533333 10.151841 1.001720 0.310748 -0.007460
7.600000 10.126851 1.001727 0.311643 -0.007494
7.666667 10.104216 1.001735 0.312456 -0.007525
7.733333 10.083870 1.001741 0.313189 -0.007553
7.800000 10.065731 1.001747 0.313844 -0.007578
7.866667 10.049706 1.001752 0.314423 -0.007601
7.933333 10.035688 1.001757 0.314931 -0.007621
8.000000 10.023561 1.001760 0.315371 -0.007637
8.066667 10.013198 1.001764 0.315748 -0.007651
8.133333 10.004466 1.001766 0.316065 -0.007662
8.200000 9.997221 1.001768 0.316329 -0.007670
8.266667 9.991316 1.001769 0.316544 -0.007675
8.333333 9.986599 1.001770 0.316716 -0.007677
8.400000 9.982910 1.001769 0.316851 -0.007676
8.466667 9.980089 1.001768 0.316954 -0.007672
8.533333 9.977973 1.001767 0.317031 -0.007665
8.600000 9.976397 1.001765 0.317088 -0.007655
8.666667 9.975197 1.001762 0.317132 -0.007643
8.733333 9.974209 1.001758 0.317168 -0.007627
8.800000 9.973270 1.001754 0.317202 -0.007608
8.866667 9.972222 1.001749 0.317241 -0.007587
8.933333 9.970909 1.001743 0.317289 -0.007563
9.000000 9.969180 1.001737 0.317352 -0.007535
9.066667 9.966892 1.001730 0.317435 -0.007505
9.133333 9.963906 1.001722 0.317545 -0.007473
9.200000 9.960093 1.001714 0.317684 -0.007437
9.266667 9.955331 1.001706 0.317858 -0.007399
9.333333 9.949510 1.001696 0.318071 -0.007359
9.400000 9.942527 1.001686 0.318327 -0.007315
9.466667 9.934293 1.001676 0.318629 -0.007269
9.533333 9.924728 1.001664 0.318980 -0.007221
9.600000 9.913765 1.001653 0.319383 -0.007170
9.666667 9.901349 1.001640 0.319840 -0.007117
9.733333 9.887438 1.001628 0.320352 -0.007061
9.800000 9.872001 1.001614 0.320922 -0.007004
9.866667 9.855021 1.001600 0.321550 -0.006944
9.933333 9.836491 1.001586 0.322237 -0.006882
10.000000 9.816418 1.001571 0.322983 -0.006818
10.066667 9.794821 1.001556 0.323787 -0.006751
10.133333 9.771727 1.001540 0.324649 -0.006683
10.200000 9.747176 1.001524 0.325568 -0.006613
10.266667 9.721218 1.001508 0.326542 -0.006542
10.333333 9.693909 1.001491 0.327570 -0.006469
10.400000 9.665316 1.001474 0.328650 -0.006394
10.466667 9.635513 1.001456 0.329780 -0.006317
10.533333 9.604578 1.001438 0.330957 -0.006239
10.600000 9.572597 1.001420 0.332177 -0.006160
10.666667 9.539660 1.001401 0.333439 -0.006079
10.733333 9.505861 1.001382 0.334740 -0.005998
10.800000 9.471294 1.001363 0.336074 -0.005915
10.866667 9.436059 1.001344 0.337440 -0.005831
10.933333 9.400256 1.001324 0.338834 -0.005746
11.000000 9.363982 1.001304 0.340252 -0.005660
11.066667 9.327339 1.001284 0.341691 -0.005574
11.133333 9.290424 1.001264 0.343146 -0.005486
11.200000 9.253335 1.001244 0.344614 -0.005398
11.266667 9.216166 1.001224 0.346092 -0.005310
11.333333 9.179009 1.001203 0.347576 -0.005221
11.400000 9.141953 1.001183 0.349062 -0.005132
11.466667 9.105085 1.001162 0.350547 -0.005043
11.533333 9.068486 1.001141 0.352027 -0.004953
11.600000 9.032235 1.001121 0.353499 -0.004863
11.666667 8.996405 1.001100 0.354960 -0.004773
11.733333 8.961066 1.001079 0.356407 -0.004683
11.800000 8.926283 1.001059 0.357837 -0.004594
11.866667 8.892118 1.001038 0.359248 -0.004504
11.933333 8.858627 1.001017 0.360636 -0.004415
12.000000 8.825862 1.000997 0.361999 -0.004326
12.066667 8.793869 1.000977 0.363334 -0.004238
12.133333 8.762693 1.000956 0.364641 -0.004150
12.200000 8.732371 1.000936 0.365916 -0.004062
12.266667 8.702938 1.000916 0.367158 -0.003975
12.333333 8.674424 1.000896 0.368365 -0.003889
12.400000 8.646857 1.000877 0.369536 -0.003804
12.466667 8.620257 1.000857 0.370670 -0.003719
12.533333 8.594645 1.000838 0.371764 -0.003635
12.600000 8.570035 1.000819 0.372819 -0.003552
12.666667 8.546440 1.000800 0.373833 -0.003470
12.733333 8.523868 1.000781 0.374806 -0.003389
12.800000 8.502327 1.000763 0.375737 -0.003309
12.866667 8.481818 1.000744 0.376625 -0.003231
12.933333 8.462343 1.000727 0.377470 -0.003153
13.000000 8.443900 1.000709 0.378273 -0.003077
13.066667 8.426485 1.000692 0.379032 -0.003002
13.133333 8.410092 1.000675 0.379748 -0.002928
13.200000 8.394715 1.000658 0.380421 -0.002855
13.266667 8.380344 1.000642 0.381051 -0.002784
13.333333 8.366968 1.000626 0.381638 -0.002715
13.400000 8.354576 1.000610 0.382183 -0.002646
13.466667 8.343154 1.000594 0.382686 -0.002580
13.533333 8.332690 1.000579 0.383147 -0.002514
13.600000 8.323168 1.000565 0.383567 -0.002450
13.666667 8.314575 1.000550 0.383947 -0.002388
13.733333 8.306893 1.000536 0.384287 -0.002328
13.800000 8.300109 1.000523 0.384587 -0.002269
13.866667 8.294206 1.000510 0.384848 -0.002211
13.933333 8.289169 1.000497 0.385072 -0.002155
14.000000 8.284981 1.000484 0.385257 -0.002101
14.066667 8.281629 1.000472 0.385406 -0.002049
14.133333 8.279097 1.000460 0.385518 -0.001998
14.200000 8.277370 1.000449 0.385595 -0.001949
14.266667 8.276435 1.000438 0.385637 -0.001902
14.333333 8.276279 1.000428 0.385644 -0.001856
14.400000 8.276889 1.000418 0.385616 -0.001812
14.466667 8.278254 1.000408 0.385556 -0.001770
14.533333 8.280363 1.000399 0.385462 -0.001729
14.600000 8.283205 1.000390 0.385336 -0.001690
14.666667 8.286772 1.000381 0.385178 -0.001653
14.733333 8.291056 1.000373 0.384988 -0.001618
14.800000 8.296048 1.000365 0.384767 -0.001585
14.866667 8.301744 1.000358 0.384515 -0.001553
14.933333 8.308137 1.000351 0.384232 -0.001523
15.000000 8.315222 1.000345 0.383918 -0.001495
15.066667 8.322997 1.000338 0.383575 -0.001468
15.133333 8.331457 1.000333 0.383201 -0.001443
15.200000 8.340601 1.000327 0.382798 -0.001420
15.266667 8.350428 1.000323 0.382365 -0.001399
15.333333 8.360935 1.000318 0.381903 -0.001379
15.400000 8.372124 1.000314 0.381412 -0.001362
15.466667 8.383994 1.000310 0.380891 -0.001345
15.533333 8.396545 1.000307 0.380341 -0.001331
15.600000 8.409778 1.000304 0.379762 -0.001318
15.666667 8.423694 1.000301 0.379154 -0.001307
15.733333 8.438294 1.000299 0.378517 -0.001297
15.800000 8.453579 1.000297 0.377851 -0.001290
15.866667 8.469549 1.000296 0.377157 -0.001283
15.933333 8.486205 1.000295 0.376435 -0.001279
16.000000 8.503546 1.000294 0.375684 -0.001276
16.066667 8.521572 1.000294 0.374905 -0.001275
16.133333 8.540281 1.000294 0.374098 -0.001275
16.200000 8.559671 1.000294 0.373264 -0.001277
16.266667 8.579739 1.000295 0.372403 -0.001280
16.333333 8.600481 1.000296 0.371515 -0.001285
16.400000 8.621890 1.000298 0.370600 -0.001292
16.466667 8.643961 1.000300 0.369660 -0.001300
16.533333 8.666683 1.000302 0.368694 -0.001310
16.600000 8.690048 1.000304 0.367703 -0.001321
16.666667 8.714043 1.000307 0.366689 -0.001333
16.733333 8.738654 1.000311 0.365651 -0.001347
16.800000 8.763865 1.000314 0.364592 -0.001363
16.866667 8.789659 1.000318 0.363511 -0.001379
16.933333 8.816014 1.000322 0.362409 -0.001398
17.000000 8.842909 1.000327 0.361289 -0.001417
17.066667 8.870317 1.000332 0.360151 -0.001438
17.133333 8.898211 1.000337 0.358996 -0.001460
17.200000 8.926560 1.000342 0.357826 -0.001484
17.266667 8.955332 1.000348 0.356643 -0.001509
17.333333 8.984489 1.000354 0.355448 -0.001535
17.400000 9.013992 1.000360 0.354242 -0.001563
17.466667 9.043800 1.000367 0.353029 -0.001591
17.533333 9.073868 1.000374 0.351809 -0.001621
17.600000 9.104147 1.000381 0.350584 -0.001652
17.666667 9.134586 1.000388 0.349358 -0.001684
17.733333 9.165132 1.000396 0.348132 -0.001717
17.800000 9.195727 1.000404 0.346907 -0.001752
17.866667 9.226311 1.000412 0.345688 -0.001787
17.933333 9.256820 1.000420 0.344476 -0.001824
18.000000 9.287190 1.000429 0.343274 -0.001861
18.066667 9.317352 1.000438 0.342084 -0.001900
18.133333 9.347235 1.000447 0.340909 -0.001939
18.200000 9.376764 1.000456 0.339752 -0.001980
18.266667 9.405865 1.000466 0.338615 -0.002021
18.333333 9.434458 1.000475 0.337503 -0.002063
18.400000 9.462465 1.000485 0.336416 -0.002106
18.466667 9.489804 1.000495 0.335359 -0.002150
18.533333 9.516392 1.000506 0.334334 -0.002194
18.600000 9.542145 1.000516 0.333344 -0.002240
18.666667 9.566979 1.000527 0.332392 -0.002286
18.733333 9.590807 1.000537 0.331482 -0.002332
18.800000 9.613546 1.000548 0.330615 -0.002380
18.866667 9.635110 1.000559 0.329795 -0.002428
18.933333 9.655416 1.000571 0.329025 -0.002476
19.000000 9.674379 1.000582 0.328308 -0.002525
19.066667 9.691918 1.000593 0.327645 -0.002575
19.133333 9.707953 1.000605 0.327041 -0.002625
19.200000 9.722408 1.000616 0.326497 -0.002675
19.266667 9.735207 1.000628 0.326017 -0.002726
19.333333 9.746278 1.000640 0.325601 -0.002777
19.400000 9.755553 1.000652 0.325254 -0.002829
19.466667 9.762969 1.000664 0.324976 -0.002881
19.533333 9.768466 1.000676 0.324771 -0.002933
19.600000 9.771987 1.000688 0.324639 -0.002985
19.666667 9.773483 1.000700 0.324583 -0.003037
19.733333 9.772908 1.000712 0.324605 -0.003090
19.800000 9.770222 1.000724 0.324705 -0.003143
19.866667 9.765392 1.000736 0.324886 -0.003195
19.933333 9.758388 1.000749 0.325148 -0.003248
20.000000 9.749188 1.000761 0.325492 -0.003301
20.066667 9.737776 1.000773 0.325920 -0.003354
20.133333 9.724140 1.000785 0.326432 -0.003406
20.200000 9.708276 1.000797 0.327029 -0.003459
20.266667 9.690185 1.000809 0.327711 -0.003511
20.333333 9.669873 1.000821 0.328478 -0.003563
20.400000 9.647353 1.000833 0.329331 -0.003615
20.466667 9.622642 1.000845 0.330269 -0.003666
20.533333 9.595764 1.000857 0.331293 -0.003718
20.600000 9.566745 1.000868 0.332401 -0.003768
20.666667 9.535619 1.000880 0.333595 -0.003819
20.733333 9.502420 1.000892 0.334872 -0.003869
20.800000 9.467191 1.000903 0.336233 -0.003919
20.866667 9.429975 1.000914 0.337677 -0.003968
20.933333 9.390819 1.000926 0.339203 -0.004016
21.000000 9.349772 1.000937 0.340809 -0.004064
21.066667 9.306888 1.000947 0.342496 -0.004111
21.133333 9.262221 1.000958 0.344262 -0.004158
21.200000 9.215827 1.000969 0.346106 -0.004204
21.266667 9.167763 1.000979 0.348026 -0.004249
21.333333 9.118088 1.000990 0.350022 -0.004294
21.400000 9.066861 1.001000 0.352093 -0.004338
21.466667 9.014143 1.001010 0.354236 -0.004381
21.533333 8.959992 1.001019 0.356451 -0.004423
21.600000 8.904468 1.001029 0.358737 -0.004464
21.666667 8.847631 1.001038 0.361092 -0.004505
21.733333 8.789540 1.001047 0.363516 -0.004544
21.800000 8.730251 1.001056 0.366005 -0.004583
21.866667 8.669821 1.001065 0.368561 -0.004620
21.933333 8.608307 1.001073 0.371180 -0.004657
22.000000 8.545763 1.001081 0.373862 -0.004692
22.066667 8.482240 1.001089 0.376607 -0.004726
22.133333 8.417792 1.001097 0.379411 -0.004760
22.200000 8.352468 1.001104 0.382276 -0.004792
22.266667 8.286315 1.001112 0.385198 -0.004823
22.333333 8.219382 1.001118 0.388178 -0.004853
22.400000 8.151712 1.001125 0.391214 -0.004882
22.466667 8.083349 1.001131 0.394305 -0.004910
22.533333 8.014335 1.001138 0.397451 -0.004936
22.600000 7.944710 1.001143 0.400649 -0.004961
22.666667 7.874513 1.001149 0.403900 -0.004985
22.733333 7.803780 1.001154 0.407203 -0.005008
22.800000 7.732547 1.001159 0.410556 -0.005029
22.866667 7.660847 1.001164 0.413959 -0.005049
22.933333 7.588715 1.001168 0.417411 -0.005068
23.000000 7.516180 1.001172 0.420912 -0.005086
23.066667 7.443273 1.001176 0.424460 -0.005102
23.133333 7.370024 1.001179 0.428054 -0.005117
23.200000 7.296458 1.001182 0.431695 -0.005131
23.266667 7.222604 1.001185 0.435381 -0.005143
23.333333 7.148487 1.001188 0.439112 -0.005154
23.400000 7.074132 1.001190 0.442887 -0.005164
23.466667 6.999563 1.001192 0.446706 -0.005172
23.533333 6.924804 1.001194 0.450567 -0.005179
23.600000 6.849876 1.001195 0.454471 -0.005185
23.666667 6.774801 1.001196 0.458416 -0.005189
23.733333 6.699602 1.001197 0.462402 -0.005192
23.800000 6.624298 1.001197 0.466429 -0.005194
23.866667 6.548911 1.001197 0.470494 -0.005194
23.933333 6.473460 1.001197 0.474599 -0.005193
24.000000 6.397965 1.001196 0.478742 -0.005191
24.066667 6.322444 1.001196 0.482923 -0.005188
24.133333 6.246918 1.001194 0.487140 -0.005183
24.200000 6.171405 1.001193 0.491394 -0.005177
24.266667 6.095922 1.001191 0.495683 -0.005170
24.333333 6.020490 1.001189 0.500006 -0.005161
24.400000 5.945125 1.001187 0.504364 -0.005151
24.466667 5.869846 1.001185 0.508754 -0.005140
24.533333 5.794672 1.001182 0.513176 -0.005128
24.600000 5.719619 1.001179 0.517630 -0.005115
24.666667 5.644705 1.001176 0.522113 -0.005101
24.733333 5.569949 1.001172 0.526626 -0.005085
24.800000 5.495368 1.001168 0.531168 -0.005069
24.866667 5.420980 1.001164 0.535736 -0.005051
24.933333 5.346803 1.001160 0.540331 -0.005032
25.000000 5.272854 1.001155 0.544951 -0.005013
25.066667 5.199150 1.001150 0.549595 -0.004992
25.133333 5.125710 1.001145 0.554261 -0.004970
25.200000 5.052551 1.001140 0.558949 -0.004948
25.266667 4.979691 1.001135 0.563658 -0.004924
25.333333 4.907147 1.001129 0.568385 -0.004900
25.400000 4.834937 1.001123 0.573130 -0.004875
25.466667 4.763079 1.001117 0.577891 -0.004849
25.533333 4.691591 1.001111 0.582667 -0.004822
25.600000 4.620489 1.001105 0.587456 -0.004794
25.666667 4.549793 1.001098 0.592257 -0.004766
25.733333 4.479519 1.001092 0.597068 -0.004737
25.800000 4.409685 1.001085 0.601888 -0.004708
25.866667 4.340310 1.001078 0.606715 -0.004678
25.933333 4.271410 1.001071 0.611547 -0.004647
26.000000 4.203003 1.001064 0.616382 -0.004616
26.066667 4.135109 1.001057 0.621219 -0.004585
26.133333 4.067743 1.001049 0.626056 -0.004553
26.200000 4.000924 1.001042 0.630890 -0.004521
26.266667 3.934670 1.001034 0.635721 -0.004488
26.333333 3.868998 1.001027 0.640546 -0.004455
26.400000 3.803927 1.001019 0.645362 -0.004422
26.466667 3.739475 1.001011 0.650169 -0.004388
26.533333 3.675658 1.001003 0.654963 -0.004355
26.600000 3.612497 1.000996 0.659744 -0.004321
26.666667 3.550007 1.000988 0.664507 -0.004287
26.733333 3.488209 1.000980 0.669252 -0.004253
26.800000 3.427119 1.000972 0.673975 -0.004219
26.866667 3.366755 1.000964 0.678676 -0.004185
26.933333 3.307138 1.000956 0.683350 -0.004151
27.000000 3.248283 1.000949 0.687996 -0.004117
27.066667 3.190211 1.000941 0.692611 -0.004083
27.133333 3.132939 1.000933 0.697193 -0.004049
27.200000 3.076486 1.000925 0.701739 -0.004016
27.266667 3.020871 1.000918 0.706247 -0.003982
27.333333 2.966113 1.000910 0.710713 -0.003949
27.400000 2.912230 1.000903 0.715136 -0.003917
27.466667 2.859242 1.000895 0.719512 -0.003884
27.533333 2.807168 1.000888 0.723838 -0.003852
27.600000 2.756027 1.000880 0.728113 -0.003821
27.666667 2.705839 1.000873 0.732332 -0.003790
27.733333 2.656623 1.000866 0.736493 -0.003759
27.800000 2.608399 1.000859 0.740594 -0.003728
27.866667 2.561188 1.000852 0.744630 -0.003699
27.933333 2.515009 1.000846 0.748600 -0.003669
28.000000 2.469883 1.000839 0.752499 -0.003641
28.066667 2.425830 1.000832 0.756325 -0.003613
28.133333 2.382871 1.000826 0.760075 -0.003585
28.200000 2.341028 1.000820 0.763745 -0.003558
28.266667 2.300320 1.000814 0.767333 -0.003532
28.333333 2.260771 1.000808 0.770835 -0.003506
28.400000 2.222401 1.000802 0.774248 -0.003481
28.466667 2.185232 1.000797 0.777568 -0.003457
28.533333 2.149287 1.000791 0.780793 -0.003434
28.600000 2.114589 1.000786 0.783918 -0.003411
28.666667 2.081159 1.000781 0.786941 -0.003389
28.733333 2.049021 1.000776 0.789858 -0.003367
28.800000 2.018199 1.000771 0.792666 -0.003347
28.866667 1.988716 1.000767 0.795361 -0.003327
28.933333 1.960596 1.000762 0.797940 -0.003308
29.000000 1.933864 1.000758 0.800399 -0.003290
29.066667 1.908544 1.000754 0.802736 -0.003273
29.133333 1.884661 1.000750 0.804946 -0.003256
29.200000 1.862242 1.000747 0.807027 -0.003240
29.266667 1.841311 1.000743 0.808974 -0.003225
29.333333 1.821895 1.000740 0.810784 -0.003211
29.400000 1.804022 1.000737 0.812454 -0.003198
29.466667 1.787717 1.000734 0.813981 -0.003185
29.533333 1.773009 1.000731 0.815360 -0.003173
29.600000 1.759926 1.000729 0.816589 -0.003162
29.666667 1.748496 1.000726 0.817665 -0.003152
29.733333 1.738749 1.000724 0.818583 -0.003143
29.800000 1.730714 1.000722 0.819340 -0.003134
29.866667 1.724422 1.000720 0.819934 -0.003126
29.933333 1.719903 1.000719 0.820361 -0.003119
30.000000 1.717189 1.000717 0.820617 -0.003113
30.066667 1.716313 1.000716 0.820700 -0.003108
30.133333 1.717307 1.000715 0.820606 -0.003103
30.200000 1.720204 1.000714 0.820332 -0.003099
30.266667 1.725040 1.000713 0.819876 -0.003095
30.333333 1.731848 1.000713 0.819233 -0.003093
30.400000 1.740666 1.000712 0.818402 -0.003091
30.466667 1.751530 1.000712 0.817379 -0.003090
30.533333 1.764477 1.000712 0.816162 -0.003089
30.600000 1.779546 1.000712 0.814747 -0.003090
30.666667 1.796778 1.000712 0.813132 -0.003090
30.733333 1.816213 1.000713 0.811315 -0.003092
30.800000 1.837892 1.000713 0.809292 -0.003094
30.866667 1.861859 1.000714 0.807062 -0.003097
30.933333 1.888158 1.000714 0.804622 -0.003100
31.000000 1.916835 1.000715 0.801970 -0.003104
31.066667 1.947937 1.000716 0.799104 -0.003109
31.133333 1.981512 1.000718 0.796021 -0.003114
31.200000 2.017611 1.000719 0.792719 -0.003120
31.266667 2.056284 1.000720 0.789198 -0.003126
31.333333 2.097587 1.000722 0.785454 -0.003132
31.400000 2.141572 1.000724 0.781486 -0.003140
31.466667 2.188299 1.000725 0.777293 -0.003147
31.533333 2.237827 1.000727 0.772874 -0.003156
31.600000 2.290215 1.000729 0.768226 -0.003164
31.666667 2.345530 1.000731 0.763350 -0.003173
31.733333 2.403836 1.000734 0.758243 -0.003183
31.800000 2.465203 1.000736 0.752904 -0.003193
31.866667 2.529703 1.000738 0.747334 -0.003204
31.933333 2.597410 1.000741 0.741531 -0.003214
32.000000 2.668402 1.000743 0.735495 -0.003226
32.066667 2.742760 1.000746 0.729226 -0.003237
32.133333 2.820570 1.000749 0.722722 -0.003249
32.200000 2.901921 1.000752 0.715985 -0.003262
32.266667 2.986904 1.000755 0.709014 -0.003274
32.333333 3.075618 1.000758 0.701809 -0.003287
32.400000 3.168165 1.000761 0.694371 -0.003301
32.466667 3.264653 1.000764 0.686701 -0.003314
32.533333 3.365193 1.000767 0.678798 -0.003328
32.600000 3.469906 1.000770 0.670664 -0.003343
32.666667 3.578916 1.000774 0.662299 -0.003357
32.733333 3.692356 1.000777 0.653706 -0.003372
32.800000 3.810365 1.000781 0.644884 -0.003387
32.866667 3.933091 1.000784 0.635837 -0.003402
32.933333 4.060690 1.000788 0.626564 -0.003418
33.000000 4.193329 1.000791 0.617069 -0.003434
33.066667 4.331184 1.000795 0.607352 -0.003450
33.133333 4.474442 1.000799 0.597417 -0.003466
33.200000 4.623304 1.000802 0.587266 -0.003482
33.266667 4.777983 1.000806 0.576900 -0.003499
33.333333 4.938707 1.000810 0.566324 -0.003516
33.400000 5.105720 1.000814 0.555538 -0.003533
33.466667 5.279286 1.000818 0.544547 -0.003550
33.533333 5.459685 1.000822 0.533354 -0.003567
33.600000 5.647221 1.000826 0.521962 -0.003584
33.666667 5.842221 1.000830 0.510374 -0.003602
33.733333 6.045041 1.000834 0.498595 -0.003619
33.800000 6.256064 1.000838 0.486628 -0.003637
33.866667 6.475708 1.000842 0.474476 -0.003655
33.933333 6.704427 1.000846 0.462145 -0.003673
34.000000 6.942719 1.000850 0.449639 -0.003691
34.066667 7.191128 1.000855 0.436962 -0.003709
34.133333 7.450252 1.000859 0.424119 -0.003727
34.200000 7.720751 1.000863 0.411114 -0.003745
34.266667 8.003354 1.000867 0.397953 -0.003763
34.333333 8.298871 1.000871 0.384642 -0.003781
34.400000 8.608205 1.000876 0.371184 -0.003799
34.466667 8.932366 1.000880 0.357587 -0.003817
34.533333 9.272491 1.000884 0.343855 -0.003835
34.600000 9.629863 1.000888 0.329995 -0.003853
34.666667 10.005941 1.000892 0.316012 -0.003871
34.733333 10.402391 1.000896 0.301912 -0.003889
34.800000 10.821128 1.000900 0.287702 -0.003907
34.866667 11.264370 1.000904 0.273389 -0.003925
34.933333 11.734703 1.000908 0.258979 -0.003942
35.000000 12.235172 1.000913 0.244479 -0.003960
35.066667 12.769390 1.000916 0.229896 -0.003977
35.133333 13.341695 1.000920 0.215236 -0.003994
35.200000 13.957354 1.000924 0.200508 -0.004011
35.266667 14.622852 1.000928 0.185719 -0.004028
35.333333 15.346295 1.000932 0.170878 -0.004044
35.400000 16.138002 1.000936 0.155991 -0.004061
35.466667 17.011388 1.000939 0.141069 -0.004077
35.533333 17.984334 1.000943 0.126120 -0.004093
35.600000 19.081409 1.000947 0.111155 -0.004108
35.666667 20.337648 1.000950 0.096187 -0.004123
35.733333 21.805416 1.000954 0.081232 -0.004138
35.800000 23.567866 1.000957 0.066314 -0.004153
35.866667 25.768096 1.000960 0.051475 -0.004167
35.933333 28.680497 1.000963 0.036811 -0.004181
36.000000 32.900466 1.000966 0.022645 -0.004194
36.066667 39.168014 1.000969 0.011005 -0.004207
36.133333 37.517358 1.000972 0.013309 -0.004220
36.200000 31.694159 1.000975 0.026019 -0.004232
36.266667 27.915765 1.000978 0.040199 -0.004243
36.333333 25.245965 1.000980 0.054664 -0.004255
36.400000 23.199447 1.000983 0.069188 -0.004265
36.466667 21.546245 1.000985 0.083693 -0.004275
36.533333 20.162756 1.000987 0.098144 -0.004285
36.600000 18.975524 1.000990 0.112518 -0.004294
36.666667 17.937510 1.000992 0.126802 -0.004303
36.733333 17.016840 1.000993 0.140980 -0.004311
36.800000 16.190941 1.000995 0.155043 -0.004318
36.866667 15.443256 1.000997 0.168981 -0.004325
36.933333 14.761287 1.000998 0.182783 -0.004331
37.000000 14.135370 1.000999 0.196441 -0.004337
37.066667 13.557884 1.001001 0.209945 -0.004342
37.133333 13.022713 1.001002 0.223287 -0.004346
37.200000 12.524876 1.001002 0.236459 -0.004350
37.266667 12.060264 1.001003 0.249452 -0.004353
37.333333 11.625448 1.001004 0.262257 -0.004355
37.400000 11.217539 1.001004 0.274867 -0.004357
37.466667 10.834079 1.001004 0.287274 -0.004358
37.533333 10.472963 1.001004 0.299469 -0.004358
37.600000 10.132372 1.001004 0.311445 -0.004358
37.666667 9.810726 1.001004 0.323194 -0.004357
37.733333 9.506646 1.001004 0.334709 -0.004355
37.800000 9.218917 1.001003 0.345983 -0.004353
37.866667 8.946468 1.001002 0.357007 -0.004350
37.933333 8.688349 1.001001 0.367775 -0.004346
38.000000 8.443715 1.001000 0.378281 -0.004341
38.066667 8.211809 1.000999 0.388517 -0.004336
38.133333 7.991953 1.000998 0.398476 -0.004330
38.200000 7.783538 1.000996 0.408153 -0.004323
38.266667 7.586014 1.000995 0.417541 -0.004316
38.333333 7.398883 1.000993 0.426634 -0.004308
38.400000 7.221695 1.000991 0.435427 -0.004300
38.466667 7.054041 1.000989 0.443913 -0.004290
38.533333 6.895548 1.000986 0.452088 -0.004280
38.600000 6.745876 1.000984 0.459945 -0.004270
38.666667 6.604717 1.000981 0.467481 -0.004259
38.733333 6.471787 1.000979 0.474691 -0.004247
38.800000 6.346827 1.000976 0.481569 -0.004234
38.866667 6.229600 1.000973 0.488113 -0.004221
38.933333 6.119889 1.000970 0.494317 -0.004208
39.000000 6.017496 1.000966 0.500179 -0.004194
39.066667 5.922237 1.000963 0.505694 -0.004179
39.133333 5.833946 1.000960 0.510861 -0.004164
39.200000 5.752469 1.000956 0.515676 -0.004148
39.266667 5.677666 1.000952 0.520136 -0.004132
39.333333 5.609409 1.000948 0.524239 -0.004115
39.400000 5.547581 1.000944 0.527984 -0.004098
39.466667 5.492073 1.000940 0.531369 -0.004081
39.533333 5.442789 1.000936 0.534393 -0.004063
39.600000 5.399640 1.000932 0.537054 -0.004045
39.666667 5.362545 1.000928 0.539353 -0.004026
39.733333 5.331431 1.000923 0.541288 -0.004007
39.800000 5.306232 1.000919 0.542861 -0.003988
39.866667 5.286890 1.000915 0.544071 -0.003969
39.933333 5.273352 1.000910 0.544920 -0.003949
40.000000 5.265571 1.000905 0.545408 -0.003929
40.066667 5.263506 1.000901 0.545538 -0.003909
40.133333 5.267121 1.000896 0.545311 -0.003888
40.200000 5.276385 1.000891 0.544729 -0.003868
40.266667 5.291270 1.000887 0.543797 -0.003847
40.333333 5.311755 1.000882 0.542516 -0.003827
40.400000 5.337821 1.000877 0.540890 -0.003806
40.466667 5.369452 1.000872 0.538924 -0.003785
40.533333 5.406636 1.000867 0.536622 -0.003764
40.600000 5.449364 1.000863 0.533988 -0.003743
40.666667 5.497628 1.000858 0.531029 -0.003723
40.733333 5.551423 1.000853 0.527751 -0.003702
40.800000 5.610746 1.000848 0.524159 -0.003681
40.866667 5.675594 1.000844 0.520260 -0.003661
40.933333 5.745964 1.000839 0.516062 -0.003640
41.000000 5.821855 1.000834 0.511573 -0.003620
41.066667 5.903261 1.000830 0.506800 -0.003600
41.133333 5.990179 1.000825 0.501754 -0.003580
41.200000 6.082600 1.000820 0.496444 -0.003560
41.266667 6.180514 1.000816 0.490879 -0.003541
41.333333 6.283903 1.000812 0.485071 -0.003522
41.400000 6.392745 1.000807 0.479030 -0.003503
41.466667 6.507011 1.000803 0.472770 -0.003485
41.533333 6.626660 1.000799 0.466302 -0.003467
41.600000 6.751644 1.000795 0.459640 -0.003449
41.666667 6.881897 1.000791 0.452799 -0.003431
41.733333 7.017338 1.000787 0.445793 -0.003414
41.800000 7.157870 1.000783 0.438638 -0.003398
41.866667 7.303369 1.000779 0.431352 -0.003382
41.933333 7.453689 1.000776 0.423951 -0.003366
42.000000 7.608651 1.000772 0.416454 -0.003351
42.066667 7.768043 1.000769 0.408882 -0.003336
42.133333 7.931612 1.000766 0.401254 -0.003322
42.200000 8.099059 1.000762 0.393593 -0.003309
42.266667 8.270035 1.000759 0.385921 -0.003296
42.333333 8.444131 1.000757 0.378263 -0.003283
42.400000 8.620873 1.000754 0.370643 -0.003271
42.466667 8.799714 1.000751 0.363090 -0.003260
42.533333 8.980028 1.000749 0.355630 -0.003249
42.600000 9.161101 1.000746 0.348293 -0.003239
42.666667 9.342128 1.000744 0.341109 -0.003229
42.733333 9.522204 1.000742 0.334110 -0.003220
42.800000 9.700325 1.000740 0.327328 -0.003212
42.866667 9.875385 1.000738 0.320797 -0.003204
42.933333 10.046178 1.000737 0.314551 -0.003197
43.000000 10.211409 1.000735 0.308624 -0.003191
43.066667 10.369704 1.000734 0.303050 -0.003185
43.133333 10.519631 1.000733 0.297864 -0.003180
43.200000 10.659721 1.000732 0.293099 -0.003175
43.266667 10.788506 1.000731 0.288785 -0.003172
43.333333 10.904554 1.000730 0.284952 -0.003168
43.400000 11.006514 1.000730 0.281627 -0.003166
43.466667 11.093157 1.000729 0.278832 -0.003164
43.533333 11.163430 1.000729 0.276585 -0.003163
43.600000 11.216493 1.000729 0.274900 -0.003163
43.666667 11.251757 1.000729 0.273787 -0.003163
43.733333 11.268913 1.000729 0.273246 -0.003164
43.800000 11.267945 1.000730 0.273277 -0.003166
43.866667 11.249128 1.000730 0.273869 -0.003168
43.933333 11.213022 1.000731 0.275010 -0.003171
44.000000 11.160442 1.000732 0.276680 -0.003175
44.066667 11.092421 1.000733 0.278855 -0.003179
44.133333 11.010175 1.000734 0.281508 -0.003184
44.200000 10.915049 1.000735 0.284608 -0.003189
44.266667 10.808477 1.000736 0.288122 -0.003196
44.333333 10.691932 1.000738 0.292014 -0.003202
44.400000 10.566893 1.000740 0.296248 -0.003210
44.466667 10.434810 1.000742 0.300787 -0.003218
44.533333 10.297074 1.000744 0.305595 -0.003227
44.600000 10.155003 1.000746 0.310635 -0.003236
44.666667 10.009823 1.000748 0.315870 -0.003246
44.733333 9.862664 1.000750 0.321267 -0.003256
44.800000 9.714554 1.000753 0.326793 -0.003267
44.866667 9.566417 1.000756 0.332414 -0.003279
44.933333 9.419083 1.000758 0.338101 -0.003291
45.000000 9.273284 1.000761 0.343824 -0.003304
45.066667 9.129665 1.000764 0.349556 -0.003317
45.133333 8.988792 1.000767 0.355272 -0.003330
45.200000 8.851153 1.000771 0.360946 -0.003344
45.266667 8.717172 1.000774 0.366557 -0.003359
45.333333 8.587211 1.000778 0.372083 -0.003374
45.400000 8.461581 1.000781 0.377503 -0.003389
45.466667 8.340543 1.000785 0.382801 -0.003405
45.533333 8.224319 1.000788 0.387957 -0.003422
45.600000 8.113092 1.000792 0.392957 -0.003438
45.666667 8.007016 1.000796 0.397786 -0.003455
45.733333 7.906215 1.000800 0.402429 -0.003472
45.800000 7.810791 1.000804 0.406874 -0.003490
45.866667 7.720823 1.000808 0.411111 -0.003508
45.933333 7.636374 1.000813 0.415127 -0.003526
46.000000 7.557491 1.000817 0.418915 -0.003545
46.066667 7.484207 1.000821 0.422464 -0.003563
46.133333 7.416543 1.000825 0.425768 -0.003582
46.200000 7.354513 1.000830 0.428819 -0.003601
46.266667 7.298119 1.000834 0.431613 -0.003620
46.333333 7.247357 1.000839 0.434142 -0.003640
46.400000 7.202216 1.000843 0.436404 -0.003659
46.466667 7.162679 1.000848 0.438395 -0.003679
46.533333 7.128724 1.000852 0.440113 -0.003699
46.600000 7.100324 1.000857 0.441554 -0.003718
46.666667 7.077448 1.000861 0.442718 -0.003738
46.733333 7.060058 1.000866 0.443606 -0.003758
46.800000 7.048116 1.000871 0.444216 -0.003778
46.866667 7.041575 1.000875 0.444551 -0.003797
46.933333 7.040387 1.000880 0.444611 -0.003817
47.000000 7.044498 1.000884 0.444401 -0.003836
47.066667 7.053847 1.000889 0.443923 -0.003856
47.133333 7.068369 1.000893 0.443181 -0.003875
47.200000 7.087995 1.000897 0.442181 -0.003894
47.266667 7.112645 1.000902 0.440928 -0.003913
47.333333 7.142233 1.000906 0.439429 -0.003932
47.400000 7.176666 1.000910 0.437690 -0.003951
47.466667 7.215839 1.000915 0.435721 -0.003969
47.533333 7.259638 1.000919 0.433529 -0.003987
47.600000 7.307937 1.000923 0.431125 -0.004005
47.666667 7.360596 1.000927 0.428519 -0.004022
47.733333 7.417461 1.000931 0.425723 -0.004039
47.800000 7.478362 1.000935 0.422748 -0.004056
47.866667 7.543109 1.000938 0.419609 -0.004072
47.933333 7.611494 1.000942 0.416318 -0.004088
48.000000 7.683288 1.000946 0.412891 -0.004104
48.066667 7.758237 1.000949 0.409344 -0.004119
48.133333 7.836060 1.000953 0.405693 -0.004134
48.200000 7.916452 1.000956 0.401955 -0.004148
48.266667 7.999075 1.000959 0.398150 -0.004162
48.333333 8.083561 1.000962 0.394296 -0.004175
48.400000 8.169507 1.000965 0.390413 -0.004188
48.466667 8.256479 1.000968 0.386524 -0.004201
48.533333 8.344004 1.000971 0.382648 -0.004213
48.600000 8.431574 1.000973 0.378810 -0.004224
48.666667 8.518646 1.000976 0.375031 -0.004235
48.733333 8.604640 1.000978 0.371337 -0.004245
48.800000 8.688945 1.000981 0.367750 -0.004255
48.866667 8.770919 1.000983 0.364296 -0.004264
48.933333 8.849895 1.000985 0.360998 -0.004273
49.000000 8.925183 1.000987 0.357883 -0.004281
49.066667 8.996085 1.000988 0.354973 -0.004288
49.133333 9.061895 1.000990 0.352294 -0.004295
49.200000 9.121913 1.000991 0.349868 -0.004302
49.266667 9.175456 1.000993 0.347718 -0.004308
49.333333 9.221870 1.000994 0.345865 -0.004313
49.400000 9.260543 1.000995 0.344328 -0.004318
49.466667 9.290917 1.000996 0.343126 -0.004322
49.533333 9.312501 1.000997 0.342275 -0.004325
49.600000 9.324883 1.000997 0.341787 -0.004328
49.666667 9.327741 1.000998 0.341675 -0.004331
49.733333 9.320850 1.000998 0.341946 -0.004333
49.800000 9.304088 1.000999 0.342607 -0.004334
49.866667 9.277439 1.000999 0.343659 -0.004335
49.933333 9.240994 1.000999 0.345104 -0.004335
50.000000 9.194946 1.000999 0.346939 -0.004335
50.066667 9.139586 1.000999 0.349157 -0.004334
50.133333 9.075293 1.000998 0.351751 -0.004333
50.200000 9.002524 1.000998 0.354710 -0.004331
50.266667 8.921805 1.000998 0.358022 -0.004329
50.333333 8.833714 1.000997 0.361672 -0.004326
50.400000 8.738870 1.000996 0.365642 -0.004323
50.466667 8.637921 1.000995 0.369917 -0.004319
50.533333 8.531529 1.000994 0.374476 -0.004315
50.600000 8.420363 1.000993 0.379299 -0.004310
50.666667 8.305085 1.000992 0.384367 -0.004305
50.733333 8.186343 1.000991 0.389657 -0.004300
50.800000 8.064766 1.000989 0.395150 -0.004294
50.866667 7.940954 1.000988 0.400823 -0.004287
50.933333 7.815476 1.000986 0.406655 -0.004281
51.000000 7.688868 1.000985 0.412626 -0.004273
51.066667 7.561630 1.000983 0.418715 -0.004266
51.133333 7.434224 1.000981 0.424902 -0.004258
51.200000 7.307075 1.000979 0.431168 -0.004250
51.266667 7.180570 1.000977 0.437493 -0.004241
51.333333 7.055062 1.000975 0.443861 -0.004233
51.400000 6.930867 1.000973 0.450253 -0.004223
51.466667 6.808271 1.000971 0.456653 -0.004214
51.533333 6.687525 1.000969 0.463046 -0.004204
51.600000 6.568854 1.000966 0.469415 -0.004194
51.666667 6.452452 1.000964 0.475748 -0.004184
51.733333 6.338492 1.000962 0.482031 -0.004173
51.800000 6.227120 1.000959 0.488252 -0.004162
51.866667 6.118460 1.000957 0.494398 -0.004151
51.933333 6.012618 1.000954 0.500460 -0.004139
52.000000 5.909682 1.000951 0.506426 -0.004128
52.066667 5.809719 1.000948 0.512288 -0.004116
52.133333 5.712786 1.000946 0.518037 -0.004103
52.200000 5.618922 1.000943 0.523665 -0.004091
52.266667 5.528155 1.000940 0.529166 -0.004078
52.333333 5.440501 1.000937 0.534534 -0.004066
52.400000 5.355964 1.000934 0.539761 -0.004053
52.466667 5.274539 1.000931 0.544845 -0.004039
52.533333 5.196213 1.000928 0.549780 -0.004026
52.600000 5.120964 1.000925 0.554564 -0.004012
52.666667 5.048759 1.000921 0.559193 -0.003998
52.733333 4.979564 1.000918 0.563666 -0.003984
52.800000 4.913334 1.000915 0.567980 -0.003970
52.866667 4.850019 1.000912 0.572136 -0.003956
52.933333 4.789564 1.000908 0.576132 -0.003941
53.000000 4.731909 1.000905 0.579969 -0.003927
53.066667 4.676987 1.000901 0.583648 -0.003912
53.133333 4.624728 1.000898 0.587170 -0.003897
53.200000 4.575058 1.000894 0.590537 -0.003882
53.266667 4.527899 1.000891 0.593752 -0.003866
53.333333 4.483168 1.000887 0.596818 -0.003851
53.400000 4.440779 1.000884 0.599737 -0.003835
53.466667 4.400644 1.000880 0.602515 -0.003819
53.533333 4.362669 1.000876 0.605155 -0.003803
53.600000 4.326760 1.000873 0.607662 -0.003787
53.666667 4.292819 1.000869 0.610041 -0.003771
53.733333 4.260746 1.000865 0.612298 -0.003755
53.800000 4.230438 1.000862 0.614438 -0.003738
53.866667 4.201792 1.000858 0.616468 -0.003722
53.933333 4.174702 1.000854 0.618393 -0.003705
54.000000 4.149059 1.000850 0.620222 -0.003689
54.066667 4.124757 1.000846 0.621960 -0.003672
54.133333 4.101685 1.000842 0.623614 -0.003655
54.200000 4.079734 1.000838 0.625192 -0.003638
54.266667 4.058794 1.000834 0.626701 -0.003621
54.333333 4.038757 1.000831 0.628148 -0.003604
54.400000 4.019512 1.000827 0.629542 -0.003587
54.466667 4.000952 1.000823 0.630888 -0.003570
54.533333 3.982972 1.000819 0.632196 -0.003553
54.600000 3.965465 1.000815 0.633471 -0.003536
54.666667 3.948331 1.000811 0.634722 -0.003519
54.733333 3.931470 1.000807 0.635955 -0.003501
54.800000 3.914784 1.000803 0.637178 -0.003484
54.866667 3.898183 1.000799 0.638397 -0.003467
54.933333 3.881577 1.000795 0.639619 -0.003451
55.000000 3.864882 1.000791 0.640849 -0.003434
55.066667 3.848019 1.000787 0.642095 -0.003417
55.133333 3.830915 1.000784 0.643360 -0.003401
55.200000 3.813501 1.000780 0.644651 -0.003384
55.266667 3.795716 1.000776 0.645973 -0.003368
55.333333 3.777504 1.000772 0.647329 -0.003352
55.400000 3.758816 1.000769 0.648723 -0.003336
55.466667 3.739610 1.000765 0.650159 -0.003320
55.533333 3.719852 1.000762 0.651640 -0.003305
55.600000 3.699513 1.000758 0.653167 -0.003290
55.666667 3.678574 1.000755 0.654744 -0.003275
55.733333 3.657022 1.000751 0.656370 -0.003260
55.800000 3.634851 1.000748 0.658048 -0.003246
55.866667 3.612063 1.000745 0.659777 -0.003232
55.933333 3.588668 1.000742 0.661556 -0.003219
56.000000 3.564681 1.000739 0.663385 -0.003206
56.066667 3.540125 1.000736 0.665264 -0.003193
56.133333 3.515031 1.000733 0.667188 -0.003181
56.200000 3.489434 1.000730 0.669157 -0.003169
56.266667 3.463376 1.000728 0.671168 -0.003158
56.333333 3.436905 1.000725 0.673216 -0.003148
56.400000 3.410073 1.000723 0.675299 -0.003137
56.466667 3.382938 1.000721 0.677412 -0.003128
56.533333 3.355562 1.000719 0.679551 -0.003119
56.600000 3.328011 1.000717 0.681710 -0.003111
56.666667 3.300354 1.000715 0.683884 -0.003103
56.733333 3.272664 1.000713 0.686067 -0.003096
56.800000 3.245016 1.000712 0.688255 -0.003089
56.866667 3.217487 1.000711 0.690440 -0.003084
56.933333 3.190156 1.000709 0.692616 -0.003079
57.000000 3.163103 1.000708 0.694776 -0.003074
57.066667 3.136411 1.000708 0.696914 -0.003071
57.133333 3.110160 1.000707 0.699024 -0.003068
57.200000 3.084432 1.000707 0.701097 -0.003066
57.266667 3.059310 1.000706 0.703128 -0.003065
57.333333 3.034875 1.000706 0.705109 -0.003064
57.400000 3.011207 1.000706 0.707033 -0.003065
57.466667 2.988386 1.000707 0.708893 -0.003066
57.533333 2.966490 1.000707 0.710682 -0.003068
57.600000 2.945596 1.000708 0.712394 -0.003071
57.666667 2.925780 1.000709 0.714021 -0.003075
57.733333 2.907115 1.000710 0.715557 -0.003079
57.800000 2.889672 1.000711 0.716995 -0.003084
57.866667 2.873520 1.000712 0.718330 -0.003091
57.933333 2.858728 1.000714 0.719554 -0.003098
58.000000 2.845359 1.000716 0.720663 -0.003106
58.066667 2.833477 1.000718 0.721649 -0.003114
58.133333 2.823142 1.000720 0.722508 -0.003124
58.200000 2.814411 1.000722 0.723235 -0.003134
58.266667 2.807341 1.000725 0.723824 -0.003146
58.333333 2.801985 1.000728 0.724270 -0.003158
58.400000 2.798392 1.000731 0.724570 -0.003170
58.466667 2.796612 1.000734 0.724719 -0.003184
58.533333 2.796691 1.000737 0.724712 -0.003198
58.600000 2.798673 1.000741 0.724547 -0.003214
58.666667 2.802598 1.000744 0.724219 -0.003230
58.733333 2.808506 1.000748 0.723727 -0.003246
58.800000 2.816435 1.000752 0.723066 -0.003263
58.866667 2.826420 1.000756 0.722236 -0.003281
58.933333 2.838493 1.000761 0.721233 -0.003300
59.000000 2.852687 1.000765 0.720055 -0.003319
59.066667 2.869029 1.000770 0.718701 -0.003339
59.133333 2.887549 1.000774 0.717171 -0.003360
59.200000 2.908272 1.000779 0.715462 -0.003381
59.266667 2.931222 1.000784 0.713574 -0.003403
59.333333 2.956422 1.000789 0.711507 -0.003425
59.400000 2.983893 1.000794 0.709260 -0.003447
59.466667 3.013657 1.000800 0.706834 -0.003470
59.533333 3.045730 1.000805 0.704228 -0.003493
59.600000 3.080133 1.000811 0.701445 -0.003517
59.666667 3.116880 1.000816 0.698483 -0.003541
59.733333 3.155988 1.000822 0.695345 -0.003566
59.800000 3.197473 1.000827 0.692032 -0.003590
59.866667 3.241348 1.000833 0.688545 -0.003615
59.933333 3.287627 1.000839 0.684887 -0.003640
60.000000 3.336323 1.000845 0.681058 -0.003666
60.066667 3.387449 1.000851 0.677061 -0.003691
60.133333 3.441019 1.000856 0.672898 -0.003716
60.200000 3.497044 1.000862 0.668571 -0.003742
60.266667 3.555537 1.000868 0.664084 -0.003767
60.333333 3.616511 1.000874 0.659439 -0.003793
60.400000 3.679979 1.000880 0.654638 -0.003818
60.466667 3.745954 1.000886 0.649684 -0.003843
60.533333 3.814450 1.000891 0.644581 -0.003869
60.600000 3.885483 1.000897 0.639331 -0.003894
60.666667 3.959068 1.000903 0.633938 -0.003918
60.733333 4.035222 1.000909 0.628404 -0.003943
60.800000 4.113963 1.000914 0.622733 -0.003967
60.866667 4.195311 1.000920 0.616928 -0.003991
60.933333 4.279286 1.000925 0.610992 -0.004015
61.000000 4.365913 1.000931 0.604929 -0.004038
61.066667 4.455217 1.000936 0.598741 -0.004061
61.133333 4.547225 1.000941 0.592432 -0.004083
61.200000 4.641968 1.000946 0.586005 -0.004105
61.266667 4.739478 1.000951 0.579464 -0.004126
61.333333 4.839793 1.000956 0.572810 -0.004147
61.400000 4.942951 1.000960 0.566047 -0.004168
61.466667 5.048997 1.000965 0.559178 -0.004188
61.533333 5.157978 1.000969 0.552206 -0.004207
61.600000 5.269946 1.000974 0.545133 -0.004225
61.666667 5.384958 1.000978 0.537963 -0.004243
61.733333 5.503076 1.000982 0.530696 -0.004261
61.800000 5.624368 1.000986 0.523337 -0.004278
61.866667 5.748907 1.000989 0.515887 -0.004294
61.933333 5.876774 1.000993 0.508348 -0.004309
62.000000 6.008055 1.000996 0.500723 -0.004323
62.066667 6.142847 1.001000 0.493012 -0.004337
62.133333 6.281252 1.001003 0.485219 -0.004351
62.200000 6.423382 1.001005 0.477343 -0.004363
62.266667 6.569359 1.001008 0.469388 -0.004375
62.333333 6.719316 1.001011 0.461354 -0.004386
62.400000 6.873394 1.001013 0.453242 -0.004396
62.466667 7.031749 1.001015 0.445054 -0.004405
62.533333 7.194550 1.001017 0.436790 -0.004414
62.600000 7.361978 1.001019 0.428451 -0.004422
62.666667 7.534233 1.001021 0.420038 -0.004429
62.733333 7.711527 1.001022 0.411551 -0.004435
62.800000 7.894094 1.001023 0.402991 -0.004441
62.866667 8.082187 1.001025 0.394358 -0.004446
62.933333 8.276079 1.001026 0.385652 -0.004450
63.000000 8.476069 1.001026 0.376874 -0.004454
63.066667 8.682482 1.001027 0.368024 -0.004457
63.133333 8.895669 1.001027 0.359101 -0.004459
63.200000 9.116017 1.001028 0.350106 -0.004460
63.266667 9.343947 1.001028 0.341038 -0.004461
63.333333 9.579917 1.001028 0.331898 -0.004461
63.400000 9.824434 1.001028 0.322685 -0.004460
63.466667 10.078049 1.001028 0.313399 -0.004459
63.533333 10.341374 1.001027 0.304040 -0.004457
63.600000 10.615079 1.001027 0.294609 -0.004454
63.666667 10.899910 1.001026 0.285105 -0.004451
63.733333 11.196691 1.001025 0.275528 -0.004448
63.800000 11.506341 1.001024 0.265878 -0.004443
63.866667 11.829888 1.001023 0.256157 -0.004439
63.933333 12.168482 1.001022 0.246363 -0.004433
64.000000 12.523421 1.001020 0.236499 -0.004428
64.066667 12.896171 1.001019 0.226564 -0.004421
64.133333 13.288401 1.001017 0.216561 -0.004415
64.200000 13.702017 1.001016 0.206490 -0.004408
64.266667 14.139209 1.001014 0.196354 -0.004400
64.333333 14.602512 1.001012 0.186155 -0.004392
64.400000 15.094876 1.001010 0.175896 -0.004384
64.466667 15.619760 1.001008 0.165582 -0.004375
64.533333 16.181246 1.001006 0.155216 -0.004366
64.600000 16.784199 1.001004 0.144807 -0.004357
64.666667 17.434449 1.001002 0.134362 -0.004347
64.733333 18.139049 1.001000 0.123893 -0.004337
64.800000 18.906578 1.000997 0.113415 -0.004327
64.866667 19.747525 1.000995 0.102949 -0.004317
64.933333 20.674683 1.000992 0.092526 -0.004306
65.000000 21.703442 1.000990 0.082192 -0.004296
65.066667 22.851478 1.000987 0.072016 -0.004285
65.133333 24.136427 1.000985 0.062112 -0.004273
65.200000 25.567366 1.000982 0.052678 -0.004262
65.266667 27.118493 1.000980 0.044063 -0.004251
65.333333 28.659492 1.000977 0.036900 -0.004239
65.400000 29.834347 1.000974 0.032232 -0.004227
65.466667 30.101603 1.000971 0.031255 -0.004215
65.533333 29.285590 1.000969 0.034334 -0.004204
65.600000 27.831584 1.000966 0.040590 -0.004192
65.666667 26.223789 1.000963 0.048844 -0.004180
65.733333 24.690925 1.000960 0.058271 -0.004167
65.800000 23.298644 1.000958 0.068402 -0.004155
65.866667 22.050222 1.000955 0.078975 -0.004143
65.933333 20.930610 1.000952 0.089840 -0.004131
66.000000 19.921682 1.000949 0.100906 -0.004119
66.066667 19.006845 1.000946 0.112113 -0.004106
66.133333 18.172074 1.000944 0.123423 -0.004094
66.200000 17.405827 1.000941 0.134806 -0.004082
66.266667 16.698670 1.000938 0.146240 -0.004070
66.333333 16.042882 1.000935 0.157709 -0.004057
66.400000 15.432105 1.000932 0.169198 -0.004045
66.466667 14.861070 1.000929 0.180695 -0.004033
66.533333 14.325374 1.000927 0.192190 -0.004021
66.600000 13.821311 1.000924 0.203673 -0.004008
66.666667 13.345737 1.000921 0.215136 -0.003996
66.733333 12.895968 1.000918 0.226570 -0.003984
66.800000 12.469694 1.000915 0.237966 -0.003971
66.866667 12.064917 1.000912 0.249318 -0.003959
66.933333 11.679899 1.000910 0.260618 -0.003947
67.000000 11.313118 1.000907 0.271859 -0.003935
67.066667 10.963235 1.000904 0.283034 -0.003922
67.133333 10.629068 1.000901 0.294135 -0.003910
67.200000 10.309566 1.000898 0.305156 -0.003898
67.266667 10.003793 1.000895 0.316090 -0.003885
67.333333 9.710913 1.000892 0.326930 -0.003873
67.400000 9.430174 1.000890 0.337669 -0.003860
67.466667 9.160898 1.000887 0.348301 -0.003848
67.533333 8.902473 1.000884 0.358820 -0.003835
67.600000 8.654344 1.000881 0.369218 -0.003823
67.666667 8.416007 1.000878 0.379489 -0.003810
67.733333 8.187003 1.000875 0.389628 -0.003797
67.800000 7.966912 1.000872 0.399627 -0.003784
67.866667 7.755348 1.000869 0.409480 -0.003772
67.933333 7.551960 1.000866 0.419181 -0.003759
68.000000 7.356422 1.000863 0.428725 -0.003746
68.066667 7.168437 1.000860 0.438105 -0.003732
68.133333 6.987729 1.000857 0.447315 -0.003719
68.200000 6.814042 1.000854 0.456350 -0.003706
68.266667 6.647141 1.000851 0.465203 -0.003693
68.333333 6.486806 1.000848 0.473871 -0.003679
68.400000 6.332836 1.000845 0.482345 -0.003665
68.466667 6.185040 1.000841 0.490623 -0.003652
68.533333 6.043244 1.000838 0.498698 -0.003638
68.600000 5.907285 1.000835 0.506566 -0.003624
68.666667 5.777008 1.000832 0.514221 -0.003610
68.733333 5.652273 1.000829 0.521659 -0.003595
68.800000 5.532946 1.000825 0.528875 -0.003581
68.866667 5.418904 1.000822 0.535864 -0.003567
68.933333 5.310030 1.000819 0.542623 -0.003552
69.000000 5.206216 1.000815 0.549148 -0.003537
69.066667 5.107360 1.000812 0.555433 -0.003522
69.133333 5.013368 1.000808 0.561477 -0.003507
69.200000 4.924152 1.000805 0.567273 -0.003492
69.266667 4.839628 1.000801 0.572821 -0.003477
69.333333 4.759719 1.000798 0.578115 -0.003462
69.400000 4.684352 1.000794 0.583153 -0.003447
69.466667 4.613461 1.000791 0.587932 -0.003431
69.533333 4.546983 1.000787 0.592449 -0.003416
69.600000 4.484859 1.000784 0.596701 -0.003400
69.666667 4.427034 1.000780 0.600687 -0.003385
69.733333 4.373460 1.000776 0.604404 -0.003369
69.800000 4.324088 1.000773 0.607849 -0.003353
69.866667 4.278876 1.000769 0.611021 -0.003337
69.933333 4.237785 1.000765 0.613919 -0.003322
70.000000 4.200779 1.000762 0.616540 -0.003306
70.066667 4.167825 1.000758 0.618883 -0.003290
70.133333 4.138894 1.000755 0.620948 -0.003274
70.200000 4.113958 1.000751 0.622733 -0.003259
70.266667 4.092995 1.000747 0.624238 -0.003243
70.333333 4.075984 1.000744 0.625462 -0.003228
70.400000 4.062908 1.000740 0.626404 -0.003212
70.466667 4.053751 1.000737 0.627065 -0.003197
70.533333 4.048501 1.000733 0.627444 -0.003182
70.600000 4.047149 1.000730 0.627542 -0.003167
70.666667 4.049689 1.000726 0.627358 -0.003152
70.733333 4.056116 1.000723 0.626894 -0.003137
70.800000 4.066429 1.000720 0.626150 -0.003123
70.866667 4.080629 1.000716 0.625127 -0.003109
70.933333 4.098721 1.000713 0.623827 -0.003095
71.000000 4.120712 1.000710 0.622249 -0.003081
71.066667 4.146609 1.000707 0.620397 -0.003068
71.133333 4.176426 1.000704 0.618271 -0.003055
71.200000 4.210177 1.000701 0.615873 -0.003042
71.266667 4.247880 1.000698 0.613205 -0.003030
71.333333 4.289553 1.000695 0.610270 -0.003018
71.400000 4.335221 1.000693 0.607070 -0.003006
71.466667 4.384908 1.000690 0.603607 -0.002996
71.533333 4.438643 1.000688 0.599885 -0.002985
71.600000 4.496456 1.000686 0.595905 -0.002975
71.666667 4.558381 1.000683 0.591672 -0.002966
71.733333 4.624455 1.000681 0.587188 -0.002957
71.800000 4.694716 1.000679 0.582457 -0.002949
71.866667 4.769208 1.000678 0.577484 -0.002941
71.933333 4.847973 1.000676 0.572270 -0.002934
72.000000 4.931061 1.000675 0.566822 -0.002927
72.066667 5.018521 1.000673 0.561144 -0.002922
72.133333 5.110406 1.000672 0.555239 -0.002917
72.200000 5.206770 1.000671 0.549113 -0.002913
72.266667 5.307673 1.000670 0.542771 -0.002909
72.333333 5.413174 1.000670 0.536218 -0.002906
72.400000 5.523336 1.000669 0.529460 -0.002905
72.466667 5.638221 1.000669 0.522503 -0.002904
72.533333 5.757897 1.000669 0.515353 -0.002903
72.600000 5.882429 1.000669 0.508017 -0.002904
72.666667 6.011886 1.000670 0.500502 -0.002906
72.733333 6.146334 1.000670 0.492814 -0.002908
72.800000 6.285841 1.000671 0.484962 -0.002911
72.866667 6.430473 1.000672 0.476954 -0.002916
72.933333 6.580293 1.000673 0.468798 -0.002921
73.000000 6.735360 1.000675 0.460503 -0.002927
73.066667 6.895728 1.000676 0.452078 -0.002934
73.133333 7.061445 1.000678 0.443535 -0.002942
73.200000 7.232549 1.000680 0.434883 -0.002952
73.266667 7.409065 1.000683 0.426135 -0.002962
73.333333 7.591004 1.000685 0.417301 -0.002973
73.400000 7.778358 1.000688 0.408397 -0.002985
73.466667 7.971096 1.000691 0.399434 -0.002998
73.533333 8.169157 1.000694 0.390429 -0.003013
73.600000 8.372447 1.000698 0.381397 -0.003028
73.666667 8.580828 1.000702 0.372356 -0.003044
73.733333 8.794110 1.000706 0.363324 -0.003062
73.800000 9.012045 1.000710 0.354322 -0.003080
73.866667 9.234308 1.000714 0.345370 -0.003099
73.933333 9.460491 1.000719 0.336493 -0.003120
74.000000 9.690082 1.000724 0.327715 -0.003141
74.066667 9.922452 1.000729 0.319064 -0.003164
74.133333 10.156835 1.000734 0.310569 -0.003187
74.200000 10.392307 1.000740 0.302263 -0.003211
74.266667 10.627769 1.000746 0.294179 -0.003237
74.333333 10.861923 1.000752 0.286354 -0.003263
74.400000 11.093261 1.000758 0.278828 -0.003290
74.466667 11.320044 1.000765 0.271643 -0.003318
74.533333 11.540302 1.000771 0.264841 -0.003347
74.600000 11.751837 1.000778 0.258469 -0.003376
74.666667 11.952240 1.000785 0.252574 -0.003407
74.733333 12.138933 1.000792 0.247203 -0.003438
74.800000 12.309219 1.000800 0.242404 -0.003470
74.866667 12.460374 1.000807 0.238222 -0.003503
74.933333 12.589741 1.000815 0.234700 -0.003536
75.000000 12.694856 1.000823 0.231877 -0.003570
75.066667 12.773575 1.000831 0.229785 -0.003605
75.133333 12.824201 1.000839 0.228449 -0.003640
75.200000 12.845593 1.000847 0.227887 -0.003676
75.266667 12.837243 1.000855 0.228107 -0.003712
75.333333 12.799312 1.000864 0.229105 -0.003748
75.400000 12.732620 1.000872 0.230871 -0.003785
75.466667 12.638591 1.000881 0.233384 -0.003823
75.533333 12.519155 1.000890 0.236615 -0.003860
75.600000 12.376633 1.000898 0.240530 -0.003898
75.666667 12.213608 1.000907 0.245087 -0.003936
75.733333 12.032794 1.000916 0.250242 -0.003975
75.800000 11.836929 1.000925 0.255949 -0.004013
75.866667 11.628676 1.000934 0.262160 -0.004051
75.933333 11.410556 1.000942 0.268827 -0.004090
76.000000 11.184897 1.000951 0.275902 -0.004128
76.066667 10.953806 1.000960 0.283341 -0.004166
76.133333 10.719159 1.000969 0.291100 -0.004204
76.200000 10.482601 1.000977 0.299137 -0.004242
76.266667 10.245553 1.000986 0.307413 -0.004279
76.333333 10.009231 1.000995 0.315892 -0.004316
76.400000 9.774664 1.001003 0.324539 -0.004353
76.466667 9.542711 1.001011 0.333322 -0.004389
76.533333 9.314085 1.001020 0.342212 -0.004425
76.600000 9.089370 1.001028 0.351181 -0.004460
76.666667 8.869038 1.001036 0.360204 -0.004494
76.733333 8.653468 1.001043 0.369255 -0.004528
76.800000 8.442958 1.001051 0.378314 -0.004561
76.866667 8.237738 1.001059 0.387359 -0.004593
76.933333 8.037981 1.001066 0.396370 -0.004625
77.000000 7.843813 1.001073 0.405331 -0.004655
77.066667 7.655321 1.001080 0.414223 -0.004685
77.133333 7.472559 1.001086 0.423031 -0.004714
77.200000 7.295554 1.001093 0.431740 -0.004741
77.266667 7.124313 1.001099 0.440336 -0.004768
77.333333 6.958823 1.001105 0.448806 -0.004793
77.400000 6.799059 1.001110 0.457138 -0.004817
77.466667 6.644984 1.001115 0.465319 -0.004840
77.533333 6.496552 1.001121 0.473339 -0.004862
77.600000 6.353710 1.001125 0.481188 -0.004883
77.666667 6.216401 1.001130 0.488855 -0.004902
77.733333 6.084562 1.001134 0.496332 -0.004920
77.800000 5.958130 1.001138 0.503609 -0.004936
77.866667 5.837038 1.001141 0.510679 -0.004951
77.933333 5.721219 1.001144 0.517534 -0.004965
78.000000 5.610606 1.001147 0.524167 -0.004977
78.066667 5.505131 1.001149 0.530571 -0.004987
78.133333 5.404726 1.001152 0.536740 -0.004997
78.200000 5.309327 1.001153 0.542667 -0.005004
78.266667 5.218866 1.001155 0.548349 -0.005010
78.333333 5.133280 1.001156 0.553778 -0.005015
78.400000 5.052505 1.001156 0.558952 -0.005018
78.466667 4.976480 1.001157 0.563866 -0.005019
78.533333 4.905143 1.001157 0.568516 -0.005019
78.600000 4.838435 1.001156 0.572899 -0.005018
78.666667 4.776297 1.001156 0.577012 -0.005014
78.733333 4.718673 1.001154 0.580853 -0.005009
78.800000 4.665505 1.001153 0.584420 -0.005003
78.866667 4.616738 1.001151 0.587710 -0.004995
78.933333 4.572317 1.001149 0.590723 -0.004986
79.000000 4.532189 1.001146 0.593459 -0.004975
79.066667 4.496298 1.001144 0.595916 -0.004962
79.133333 4.464593 1.001140 0.598095 -0.004949
79.200000 4.437018 1.001137 0.599997 -0.004933
79.266667 4.413521 1.001133 0.601622 -0.004916
79.333333 4.394047 1.001129 0.602973 -0.004898
79.400000 4.378541 1.001124 0.604050 -0.004879
79.466667 4.366946 1.001119 0.604857 -0.004858
79.533333 4.359207 1.001114 0.605396 -0.004835
79.600000 4.355263 1.001109 0.605671 -0.004812
79.666667 4.355055 1.001103 0.605686 -0.004787
79.733333 4.358518 1.001097 0.605444 -0.004761
79.800000 4.365587 1.001091 0.604952 -0.004734
79.866667 4.376193 1.001085 0.604213 -0.004706
79.933333 4.390264 1.001078 0.603235 -0.004677
80.000000 4.407724 1.001071 0.602024 -0.004646
80.066667 4.428490 1.001064 0.600586 -0.004615
80.133333 4.452478 1.001056 0.598930 -0.004583
80.200000 4.479596 1.001049 0.597063 -0.004550
80.266667 4.509747 1.001041 0.594994 -0.004516
80.333333 4.542827 1.001033 0.592732 -0.004481
80.400000 4.578723 1.001025 0.590288 -0.004446
80.466667 4.617318 1.001016 0.587671 -0.004410
80.533333 4.658483 1.001008 0.584892 -0.004373
80.600000 4.702081 1.000999 0.581964 -0.004336
80.666667 4.747966 1.000991 0.578898 -0.004299
80.733333 4.795981 1.000982 0.575706 -0.004260
80.800000 4.845956 1.000973 0.572403 -0.004222
80.866667 4.897712 1.000964 0.569003 -0.004183
80.933333 4.951057 1.000955 0.565519 -0.004144
81.000000 5.005784 1.000946 0.561967 -0.004105
81.066667 5.061677 1.000937 0.558362 -0.004065
81.133333 5.118502 1.000928 0.554721 -0.004026
81.200000 5.176013 1.000919 0.551061 -0.003986
81.266667 5.233951 1.000909 0.547397 -0.003947
81.333333 5.292042 1.000900 0.543748 -0.003907
81.400000 5.349998 1.000891 0.540132 -0.003868
81.466667 5.407520 1.000882 0.536567 -0.003829
81.533333 5.464295 1.000873 0.533071 -0.003790
81.600000 5.520000 1.000864 0.529663 -0.003751
81.666667 5.574301 1.000856 0.526363 -0.003713
81.733333 5.626858 1.000847 0.523187 -0.003675
81.800000 5.677324 1.000838 0.520156 -0.003637
81.866667 5.725349 1.000830 0.517288 -0.003600
81.933333 5.770584 1.000821 0.514601 -0.003564
82.000000 5.812680 1.000813 0.512113 -0.003528
82.066667 5.851297 1.000805 0.509841 -0.003492
82.133333 5.886103 1.000797 0.507803 -0.003457
82.200000 5.916781 1.000789 0.506012 -0.003423
82.266667 5.943032 1.000781 0.504485 -0.003390
82.333333 5.964579 1.000774 0.503235 -0.003358
82.400000 5.981171 1.000766 0.502275 -0.003326
82.466667 5.992586 1.000759 0.501615 -0.003295
82.533333 5.998637 1.000752 0.501266 -0.003265
82.600000 5.999172 1.000746 0.501235 -0.003236
82.666667 5.994077 1.000739 0.501529 -0.003207
82.733333 5.983280 1.000733 0.502153 -0.003180
82.800000 5.966751 1.000727 0.503109 -0.003154
82.866667 5.944501 1.000721 0.504400 -0.003128
82.933333 5.916585 1.000715 0.506024 -0.003104
83.000000 5.883096 1.000710 0.507978 -0.003081
83.066667 5.844168 1.000705 0.510260 -0.003058
83.133333 5.799974 1.000700 0.512863 -0.003037
83.200000 5.750716 1.000695 0.515780 -0.003017
83.266667 5.696631 1.000691 0.519001 -0.002998
83.333333 5.637981 1.000687 0.522518 -0.002980
83.400000 5.575051 1.000683 0.526317 -0.002963
83.466667 5.508146 1.000679 0.530387 -0.002947
83.533333 5.437583 1.000676 0.534713 -0.002932
83.600000 5.363693 1.000673 0.539281 -0.002919
83.666667 5.286813 1.000670 0.544076 -0.002906
83.733333 5.207283 1.000667 0.549080 -0.002895
83.800000 5.125443 1.000665 0.554278 -0.002884
83.866667 5.041632 1.000663 0.559652 -0.002875
83.933333 4.956180 1.000661 0.565185 -0.002867
84.000000 4.869415 1.000659 0.570860 -0.002860
84.066667 4.781650 1.000658 0.576657 -0.002854
84.133333 4.693190 1.000656 0.582560 -0.002849
84.200000 4.604328 1.000656 0.588550 -0.002845
84.266667 4.515342 1.000655 0.594611 -0.002842
84.333333 4.426499 1.000654 0.600724 -0.002840
84.400000 4.338051 1.000654 0.606873 -0.002839
84.466667 4.250233 1.000654 0.613039 -0.002839
84.533333 4.163271 1.000654 0.619208 -0.002840
84.600000 4.077372 1.000655 0.625362 -0.002842
84.666667 3.992732 1.000656 0.631486 -0.002845
84.733333 3.909534 1.000656 0.637563 -0.002848
84.800000 3.827947 1.000657 0.643580 -0.002853
84.866667 3.748128 1.000659 0.649522 -0.002859
84.933333 3.670221 1.000660 0.655374 -0.002865
85.000000 3.594362 1.000662 0.661122 -0.002872
85.066667 3.520674 1.000664 0.666755 -0.002880
85.133333 3.449271 1.000666 0.672259 -0.002889
85.200000 3.380258 1.000668 0.677621 -0.002898
85.266667 3.313730 1.000670 0.682831 -0.002908
85.333333 3.249775 1.000673 0.687878 -0.002919
85.400000 3.188475 1.000675 0.692750 -0.002930
85.466667 3.129902 1.000678 0.697437 -0.002942
85.533333 3.074125 1.000681 0.701930 -0.002955
85.600000 3.021204 1.000684 0.706220 -0.002968
85.666667 2.971195 1.000687 0.710297 -0.002982
85.733333 2.924151 1.000691 0.714155 -0.002996
85.800000 2.880117 1.000694 0.717785 -0.003011
85.866667 2.839137 1.000697 0.721179 -0.003026
85.933333 2.801248 1.000701 0.724332 -0.003042
86.000000 2.766487 1.000705 0.727237 -0.003058
86.066667 2.734885 1.000709 0.729887 -0.003075
86.133333 2.706473 1.000712 0.732279 -0.003092
86.200000 2.681277 1.000716 0.734406 -0.003109
86.266667 2.659323 1.000720 0.736265 -0.003126
86.333333 2.640632 1.000725 0.737851 -0.003144
86.400000 2.625226 1.000729 0.739160 -0.003162
86.466667 2.613124 1.000733 0.740191 -0.003180
86.533333 2.604344 1.000737 0.740940 -0.003199
86.600000 2.598902 1.000741 0.741404 -0.003217
86.666667 2.596814 1.000746 0.741582 -0.003236
86.733333 2.598094 1.000750 0.741473 -0.003255
86.800000 2.602756 1.000755 0.741075 -0.003274
86.866667 2.610811 1.000759 0.740388 -0.003293
86.933333 2.622273 1.000763 0.739412 -0.003312
87.000000 2.637153 1.000768 0.738146 -0.003332
87.066667 2.655460 1.000772 0.736592 -0.003351
87.133333 2.677207 1.000777 0.734750 -0.003370
87.200000 2.702402 1.000781 0.732622 -0.003389
87.266667 2.731055 1.000786 0.730209 -0.003409
87.333333 2.763176 1.000790 0.727514 -0.003428
87.400000 2.798773 1.000794 0.724538 -0.003447
87.466667 2.837855 1.000799 0.721286 -0.003466
87.533333 2.880430 1.000803 0.717759 -0.003485
87.600000 2.926508 1.000807 0.713961 -0.003504
87.666667 2.976095 1.000812 0.709897 -0.003523
87.733333 3.029199 1.000816 0.705570 -0.003541
87.800000 3.085828 1.000820 0.700985 -0.003560
87.866667 3.145988 1.000825 0.696146 -0.003578
87.933333 3.209687 1.000829 0.691060 -0.003597
88.000000 3.276931 1.000833 0.685730 -0.003615
88.066667 3.347726 1.000837 0.680164 -0.003632
88.133333 3.422077 1.000841 0.674367 -0.003650
88.200000 3.499989 1.000845 0.668345 -0.003668
88.266667 3.581466 1.000849 0.662105 -0.003685
88.333333 3.666512 1.000853 0.655654 -0.003702
88.400000 3.755130 1.000857 0.648998 -0.003719
88.466667 3.847321 1.000861 0.642146 -0.003735
88.533333 3.943087 1.000865 0.635105 -0.003752
88.600000 4.042426 1.000868 0.627883 -0.003768
88.666667 4.145337 1.000872 0.620488 -0.003784
88.733333 4.251817 1.000876 0.612928 -0.003800
88.800000 4.361861 1.000879 0.605211 -0.003815
88.866667 4.475463 1.000883 0.597347 -0.003831
88.933333 4.592613 1.000886 0.589345 -0.003846
89.000000 4.713300 1.000890 0.581213 -0.003861
89.066667 4.837512 1.000893 0.572960 -0.003875
89.133333 4.965231 1.000896 0.564597 -0.003890
89.200000 5.096440 1.000900 0.556132 -0.003904
89.266667 5.231114 1.000903 0.547576 -0.003918
89.333333 5.369228 1.000906 0.538938 -0.003932
89.400000 5.510753 1.000909 0.530228 -0.003945
89.466667 5.655654 1.000912 0.521456 -0.003959
89.533333 5.803892 1.000915 0.512632 -0.003972
89.600000 5.955423 1.000918 0.503766 -0.003985
89.666667 6.110198 1.000921 0.494869 -0.003998
89.733333 6.268163 1.000924 0.485950 -0.004010
89.800000 6.429257 1.000927 0.477021 -0.004023
89.866667 6.593412 1.000930 0.468090 -0.004035
89.933333 6.760555 1.000933 0.459169 -0.004047
90.000000 6.930603 1.000935 0.450267 -0.004059
90.066667 7.103469 1.000938 0.441394 -0.004070
90.133333 7.279054 1.000941 0.432561 -0.004082
90.200000 7.457254 1.000943 0.423777 -0.004093
90.266667 7.637956 1.000946 0.415052 -0.004104
90.333333 7.821036 1.000948 0.406395 -0.004115
90.400000 8.006365 1.000951 0.397816 -0.004126
90.466667 8.193801 1.000953 0.389323 -0.004136
90.533333 8.383198 1.000956 0.380926 -0.004147
90.600000 8.574396 1.000958 0.372632 -0.004157
90.666667 8.767233 1.000960 0.364450 -0.004167
90.733333 8.961533 1.000963 0.356388 -0.004177
90.800000 9.157119 1.000965 0.348453 -0.004187
90.866667 9.353803 1.000967 0.340651 -0.004197
90.933333 9.551395 1.000969 0.332989 -0.004206
91.000000 9.749701 1.000971 0.325473 -0.004215
91.066667 9.948525 1.000974 0.318107 -0.004225
91.133333 10.147669 1.000976 0.310897 -0.004234
91.200000 10.346939 1.000978 0.303846 -0.004243
91.266667 10.546146 1.000980 0.296956 -0.004251
91.333333 10.745106 1.000982 0.290232 -0.004260
91.400000 10.943644 1.000984 0.283673 -0.004268
91.466667 11.141600 1.000985 0.277281 -0.004276
91.533333 11.338827 1.000987 0.271056 -0.004284
91.600000 11.535198 1.000989 0.264996 -0.004292
91.666667 11.730608 1.000991 0.259101 -0.004300
91.733333 11.924976 1.000993 0.253368 -0.004307
91.800000 12.118248 1.000994 0.247792 -0.004314
91.866667 12.310401 1.000996 0.242371 -0.004321
91.933333 12.501444 1.000997 0.237098 -0.004328
92.000000 12.691421 1.000999 0.231968 -0.004334
92.066667 12.880410 1.001000 0.226976 -0.004341
92.133333 13.068530 1.001002 0.222113 -0.004347
92.200000 13.255932 1.001003 0.217372 -0.004352
92.266667 13.442807 1.001004 0.212745 -0.004358
92.333333 13.629382 1.001005 0.208224 -0.004363
92.400000 13.815917 1.001006 0.203800 -0.004368
92.466667 14.002706 1.001008 0.199464 -0.004372
92.533333 14.190070 1.001008 0.195207 -0.004376
92.600000 14.378356 1.001009 0.191021 -0.004380
92.666667 14.567932 1.001010 0.186897 -0.004383
92.733333 14.759177 1.001011 0.182827 -0.004386
92.800000 14.952483 1.001011 0.178803 -0.004389
92.866667 15.148238 1.001012 0.174819 -0.004391
92.933333 15.346823 1.001012 0.170867 -0.004393
93.000000 15.548598 1.001013 0.166944 -0.004395
93.066667 15.753889 1.001013 0.163044 -0.004396
93.133333 15.962974 1.001013 0.159166 -0.004396
93.200000 16.176064 1.001013 0.155309 -0.004396
93.266667 16.393281 1.001013 0.151473 -0.004396
93.333333 16.614627 1.001013 0.147662 -0.004395
93.400000 16.839959 1.001013 0.143881 -0.004394
93.466667 17.068943 1.001012 0.140137 -0.004392
93.533333 17.301012 1.001011 0.136442 -0.004389
93.600000 17.535309 1.001011 0.132811 -0.004386
93.666667 17.770627 1.001010 0.129261 -0.004383
93.733333 18.005339 1.001009 0.125815 -0.004379
93.800000 18.237323 1.001008 0.122499 -0.004374
93.866667 18.463896 1.001007 0.119345 -0.004369
93.933333 18.681745 1.001005 0.116389 -0.004363
94.000000 18.886899 1.001004 0.113672 -0.004356
94.066667 19.074732 1.001002 0.111241 -0.004349
94.133333 19.240039 1.001001 0.109144 -0.004342
94.200000 19.377196 1.000999 0.107434 -0.004334
94.266667 19.480427 1.000997 0.106164 -0.004325
94.333333 19.544174 1.000994 0.105388 -0.004315
94.400000 19.563541 1.000992 0.105153 -0.004305
94.466667 19.534759 1.000990 0.105502 -0.004294
94.533333 19.455592 1.000987 0.106468 -0.004283
94.600000 19.325603 1.000984 0.108074 -0.004271
94.666667 19.146216 1.000981 0.110329 -0.004259
94.733333 18.920559 1.000978 0.113233 -0.004246
94.800000 18.653137 1.000975 0.116773 -0.004232
94.866667 18.349385 1.000972 0.120929 -0.004218
94.933333 18.015206 1.000968 0.125672 -0.004203
95.000000 17.656554 1.000965 0.130970 -0.004187
95.066667 17.279108 1.000961 0.136787 -0.004171
95.133333 16.888053 1.000957 0.143086 -0.004155
95.200000 16.487961 1.000953 0.149831 -0.004137
95.266667 16.082744 1.000949 0.156987 -0.004120
95.333333 15.675674 1.000945 0.164519 -0.004102
95.400000 15.269427 1.000941 0.172397 -0.004083
95.466667 14.866155 1.000936 0.180589 -0.004064
95.533333 14.467552 1.000932 0.189070 -0.004044
95.600000 14.074933 1.000927 0.197812 -0.004024
95.666667 13.689294 1.000923 0.206793 -0.004004
95.733333 13.311375 1.000918 0.215989 -0.003983
95.800000 12.941706 1.000913 0.225380 -0.003962
95.866667 12.580650 1.000908 0.234946 -0.003940
95.933333 12.228440 1.000903 0.244668 -0.003919
96.000000 11.885201 1.000898 0.254531 -0.003896
96.066667 11.550983 1.000893 0.264515 -0.003874
96.133333 11.225769 1.000888 0.274607 -0.003852
96.200000 10.909496 1.000882 0.284790 -0.003829
96.266667 10.602066 1.000877 0.295051 -0.003806
96.333333 10.303355 1.000872 0.305374 -0.003783
96.400000 10.013217 1.000866 0.315747 -0.003760
96.466667 9.731496 1.000861 0.326156 -0.003736
96.533333 9.458026 1.000856 0.336588 -0.003713
96.600000 9.192636 1.000850 0.347031 -0.003690
96.666667 8.935153 1.000845 0.357472 -0.003666
96.733333 8.685402 1.000840 0.367900 -0.003643
96.800000 8.443213 1.000834 0.378303 -0.003620
96.866667 8.208415 1.000829 0.388668 -0.003597
96.933333 7.980842 1.000824 0.398986 -0.003574
97.000000 7.760334 1.000818 0.409245 -0.003551
97.066667 7.546731 1.000813 0.419434 -0.003529
97.133333 7.339884 1.000808 0.429542 -0.003507
97.200000 7.139643 1.000803 0.439560 -0.003485
97.266667 6.945868 1.000798 0.449476 -0.003463
97.333333 6.758422 1.000793 0.459281 -0.003442
97.400000 6.577174 1.000788 0.468966 -0.003421
97.466667 6.401997 1.000784 0.478520 -0.003400
97.533333 6.232771 1.000779 0.487934 -0.003380
97.600000 6.069379 1.000775 0.497200 -0.003361
97.666667 5.911710 1.000770 0.506308 -0.003342
97.733333 5.759656 1.000766 0.515249 -0.003323
97.800000 5.613116 1.000762 0.524016 -0.003305
97.866667 5.471992 1.000758 0.532599 -0.003288
97.933333 5.336189 1.000754 0.540992 -0.003271
98.000000 5.205617 1.000750 0.549186 -0.003255
98.066667 5.080191 1.000747 0.557174 -0.003240
98.133333 4.959827 1.000743 0.564948 -0.003225
98.200000 4.844446 1.000740 0.572503 -0.003211
98.266667 4.733972 1.000737 0.579831 -0.003198
98.333333 4.628334 1.000734 0.586926 -0.003185
98.400000 4.527460 1.000731 0.593782 -0.003173
98.466667 4.431285 1.000729 0.600393 -0.003162
98.533333 4.339744 1.000726 0.606754 -0.003152
98.600000 4.252775 1.000724 0.612860 -0.003142
98.666667 4.170321 1.000722 0.618705 -0.003134
98.733333 4.092324 1.000720 0.624286 -0.003126
98.800000 4.018729 1.000719 0.629598 -0.003119
98.866667 3.949486 1.000717 0.634637 -0.003113
98.933333 3.884544 1.000716 0.639400 -0.003107
99.000000 3.823855 1.000715 0.643883 -0.003103
99.066667 3.767372 1.000714 0.648084 -0.003099
99.133333 3.715052 1.000713 0.652000 -0.003096
99.200000 3.666852 1.000713 0.655628 -0.003094
99.266667 3.622730 1.000713 0.658967 -0.003093
99.333333 3.582648 1.000713 0.662015 -0.003092
99.400000 3.546566 1.000713 0.664770 -0.003093
99.466667 3.514449 1.000713 0.667233 -0.003094
99.533333 3.486261 1.000713 0.669402 -0.003096
99.600000 3.461968 1.000714 0.671277 -0.003099
99.666667 3.441537 1.000715 0.672858 -0.003102
99.733333 3.424936 1.000716 0.674145 -0.003107
99.800000 3.412135 1.000717 0.675139 -0.003112
99.866667 3.403103 1.000718 0.675842 -0.003118
