# z LM (E,E) abs(P1) alpha
0.000000 0.000060 1.000000 0.999993 -0.000000
0.066667 0.000241 1.000000 0.999972 -0.000000
0.133333 0.000542 1.000000 0.999938 -0.000000
0.200000 0.000963 1.000000 0.999889 -0.000000
0.266667 0.001505 1.000000 0.999827 -0.000001
0.333333 0.002167 1.000000 0.999751 -0.000001
0.400000 0.002949 1.000000 0.999661 -0.000001
0.466667 0.003851 1.000000 0.999557 -0.000001
0.533333 0.004873 1.000000 0.999439 -0.000002
0.600000 0.006015 1.000001 0.999308 -0.000002
0.666667 0.007277 1.000001 0.999163 -0.000003
0.733333 0.008658 1.000001 0.999004 -0.000003
0.800000 0.010159 1.000001 0.998831 -0.000004
0.866667 0.011779 1.000001 0.998645 -0.000005
0.933333 0.013519 1.000001 0.998445 -0.000005
1.000000 0.015377 1.000001 0.998231 -0.000006
1.066667 0.017354 1.000002 0.998004 -0.000007
1.133333 0.019450 1.000002 0.997763 -0.000007
1.200000 0.021664 1.000002 0.997509 -0.000008
1.266667 0.023996 1.000002 0.997241 -0.000009
1.333333 0.026446 1.000002 0.996960 -0.000010
1.400000 0.029013 1.000003 0.996665 -0.000011
1.466667 0.031698 1.000003 0.996357 -0.000012
1.533333 0.034500 1.000003 0.996036 -0.000013
1.600000 0.037418 1.000003 0.995701 -0.000014
1.666667 0.040453 1.000004 0.995353 -0.000015
1.733333 0.043604 1.000004 0.994992 -0.000017
1.800000 0.046871 1.000004 0.994618 -0.000018
1.866667 0.050254 1.000004 0.994231 -0.000019
1.933333 0.053751 1.000005 0.993831 -0.000021
2.000000 0.057364 1.000005 0.993418 -0.000022
2.066667 0.061090 1.000005 0.992991 -0.000024
2.133333 0.064931 1.000006 0.992552 -0.000025
2.200000 0.068886 1.000006 0.992101 -0.000027
2.266667 0.072953 1.000006 0.991636 -0.000028
2.333333 0.077134 1.000007 0.991159 -0.000030
2.400000 0.081427 1.000007 0.990669 -0.000032
2.466667 0.085832 1.000008 0.990167 -0.000033
2.533333 0.090349 1.000008 0.989652 -0.000035
2.600000 0.094977 1.000009 0.989125 -0.000037
2.666667 0.099715 1.000009 0.988586 -0.000039
2.733333 0.104564 1.000009 0.988034 -0.000041
2.800000 0.109523 1.000010 0.987470 -0.000043
2.866667 0.114591 1.000010 0.986894 -0.000045
2.933333 0.119768 1.000011 0.986306 -0.000047
3.000000 0.125053 1.000011 0.985706 -0.000049
3.066667 0.130447 1.000012 0.985094 -0.000051
3.133333 0.135947 1.000012 0.984470 -0.000054
3.200000 0.141555 1.000013 0.983835 -0.000056
3.266667 0.147269 1.000013 0.983188 -0.000058
3.333333 0.153089 1.000014 0.982529 -0.000061
3.400000 0.159014 1.000015 0.981859 -0.000063
3.466667 0.165044 1.000015 0.981178 -0.000066
3.533333 0.171179 1.000016 0.980485 -0.000069
3.600000 0.177417 1.000016 0.979781 -0.000071
3.666667 0.183759 1.000017 0.979066 -0.000074
3.733333 0.190203 1.000018 0.978340 -0.000077
3.800000 0.196750 1.000018 0.977603 -0.000080
3.866667 0.203398 1.000019 0.976855 -0.000082
3.933333 0.210147 1.000020 0.976096 -0.000085
4.000000 0.216997 1.000020 0.975327 -0.000088
4.066667 0.223947 1.000021 0.974547 -0.000091
4.133333 0.230996 1.000022 0.973756 -0.000095
4.200000 0.238144 1.000023 0.972955 -0.000098
4.266667 0.245390 1.000023 0.972144 -0.000101
4.333333 0.252734 1.000024 0.971322 -0.000104
4.400000 0.260175 1.000025 0.970490 -0.000108
4.466667 0.267712 1.000026 0.969649 -0.000111
4.533333 0.275345 1.000026 0.968797 -0.000115
4.600000 0.283074 1.000027 0.967935 -0.000118
4.666667 0.290897 1.000028 0.967064 -0.000122
4.733333 0.298815 1.000029 0.966183 -0.000126
4.800000 0.306826 1.000030 0.965292 -0.000130
4.866667 0.314930 1.000031 0.964392 -0.000133
4.933333 0.323126 1.000032 0.963482 -0.000137
5.000000 0.331415 1.000033 0.962563 -0.000141
5.066667 0.339794 1.000034 0.961635 -0.000146
5.133333 0.348264 1.000034 0.960698 -0.000150
5.200000 0.356824 1.000035 0.959752 -0.000154
5.266667 0.365473 1.000036 0.958796 -0.000158
5.333333 0.374211 1.000037 0.957832 -0.000163
5.400000 0.383038 1.000038 0.956859 -0.000167
5.466667 0.391952 1.000040 0.955878 -0.000172
5.533333 0.400952 1.000041 0.954888 -0.000176
5.600000 0.410040 1.000042 0.953889 -0.000181
5.666667 0.419213 1.000043 0.952883 -0.000186
5.733333 0.428471 1.000044 0.951867 -0.000190
5.800000 0.437813 1.000045 0.950844 -0.000195
5.866667 0.447240 1.000046 0.949813 -0.000200
5.933333 0.456750 1.000047 0.948773 -0.000206
6.000000 0.466343 1.000049 0.947726 -0.000211
6.066667 0.476018 1.000050 0.946671 -0.000216
6.133333 0.485774 1.000051 0.945608 -0.000221
6.200000 0.495612 1.000052 0.944538 -0.000227
6.266667 0.505529 1.000053 0.943460 -0.000232
6.333333 0.515527 1.000055 0.942375 -0.000238
6.400000 0.525603 1.000056 0.941282 -0.000244
6.466667 0.535759 1.000057 0.940182 -0.000249
6.533333 0.545992 1.000059 0.939075 -0.000255
6.600000 0.556302 1.000060 0.937961 -0.000261
6.666667 0.566689 1.000062 0.936840 -0.000267
6.733333 0.577153 1.000063 0.935712 -0.000274
6.800000 0.587692 1.000064 0.934578 -0.000280
6.866667 0.598306 1.000066 0.933436 -0.000286
6.933333 0.608994 1.000067 0.932288 -0.000293
7.000000 0.619757 1.000069 0.931134 -0.000299
7.066667 0.630592 1.000071 0.929973 -0.000306
7.133333 0.641500 1.000072 0.928806 -0.000313
7.200000 0.652481 1.000074 0.927633 -0.000320
7.266667 0.663532 1.000075 0.926453 -0.000327
7.333333 0.674655 1.000077 0.925267 -0.000334
7.400000 0.685848 1.000079 0.924076 -0.000341
7.466667 0.697111 1.000080 0.922878 -0.000349
7.533333 0.708443 1.000082 0.921675 -0.000356
7.600000 0.719844 1.000084 0.920466 -0.000364
7.666667 0.731312 1.000086 0.919252 -0.000372
7.733333 0.742849 1.000087 0.918031 -0.000380
7.800000 0.754452 1.000089 0.916806 -0.000388
7.866667 0.766121 1.000091 0.915575 -0.000396
7.933333 0.777857 1.000093 0.914339 -0.000404
8.000000 0.789657 1.000095 0.913097 -0.000412
8.066667 0.801522 1.000097 0.911851 -0.000421
8.133333 0.813452 1.000099 0.910599 -0.000429
8.200000 0.825445 1.000101 0.909343 -0.000438
8.266667 0.837501 1.000103 0.908082 -0.000447
8.333333 0.849620 1.000105 0.906816 -0.000456
8.400000 0.861800 1.000107 0.905545 -0.000465
8.466667 0.874042 1.000109 0.904270 -0.000475
8.533333 0.886345 1.000111 0.902990 -0.000484
8.600000 0.898708 1.000114 0.901705 -0.000494
8.666667 0.911132 1.000116 0.900416 -0.000503
8.733333 0.923614 1.000118 0.899123 -0.000513
8.800000 0.936155 1.000121 0.897826 -0.000523
8.866667 0.948755 1.000123 0.896525 -0.000534
8.933333 0.961412 1.000125 0.895219 -0.000544
9.000000 0.974126 1.000128 0.893910 -0.000555
9.066667 0.986897 1.000130 0.892596 -0.000565
9.133333 0.999724 1.000133 0.891279 -0.000576
9.200000 1.012607 1.000135 0.889958 -0.000587
9.266667 1.025545 1.000138 0.888634 -0.000598
9.333333 1.038538 1.000140 0.887305 -0.000610
9.400000 1.051584 1.000143 0.885974 -0.000621
9.466667 1.064685 1.000146 0.884638 -0.000633
9.533333 1.077838 1.000149 0.883300 -0.000645
9.600000 1.091044 1.000151 0.881958 -0.000657
9.666667 1.104303 1.000154 0.880613 -0.000669
9.733333 1.117613 1.000157 0.879264 -0.000682
9.800000 1.130974 1.000160 0.877913 -0.000694
9.866667 1.144386 1.000163 0.876558 -0.000707
9.933333 1.157848 1.000166 0.875201 -0.000720
10.000000 1.171359 1.000169 0.873840 -0.000733
10.066667 1.184920 1.000172 0.872477 -0.000747
10.133333 1.198530 1.000175 0.871111 -0.000760
10.200000 1.212188 1.000178 0.869742 -0.000774
10.266667 1.225894 1.000182 0.868371 -0.000788
10.333333 1.239647 1.000185 0.866997 -0.000803
10.400000 1.253447 1.000188 0.865621 -0.000817
10.466667 1.267294 1.000191 0.864242 -0.000832
10.533333 1.281187 1.000195 0.862861 -0.000846
10.600000 1.295125 1.000198 0.861477 -0.000861
10.666667 1.309108 1.000202 0.860091 -0.000877
10.733333 1.323135 1.000205 0.858703 -0.000892
10.800000 1.337207 1.000209 0.857313 -0.000908
10.866667 1.351323 1.000213 0.855921 -0.000924
10.933333 1.365482 1.000216 0.854527 -0.000940
11.000000 1.379684 1.000220 0.853131 -0.000956
11.066667 1.393928 1.000224 0.851733 -0.000973
11.133333 1.408214 1.000228 0.850334 -0.000990
11.200000 1.422542 1.000232 0.848932 -0.001007
11.266667 1.436911 1.000236 0.847529 -0.001024
11.333333 1.451320 1.000240 0.846124 -0.001042
11.400000 1.465770 1.000244 0.844718 -0.001060
11.466667 1.480259 1.000248 0.843310 -0.001078
11.533333 1.494789 1.000252 0.841900 -0.001096
11.600000 1.509357 1.000257 0.840489 -0.001115
11.666667 1.523963 1.000261 0.839077 -0.001134
11.733333 1.538608 1.000265 0.837664 -0.001153
11.800000 1.553291 1.000270 0.836249 -0.001172
11.866667 1.568011 1.000274 0.834833 -0.001192
11.933333 1.582768 1.000279 0.833416 -0.001211
12.000000 1.597561 1.000284 0.831997 -0.001231
12.066667 1.612391 1.000288 0.830578 -0.001252
12.133333 1.627256 1.000293 0.829158 -0.001272
12.200000 1.642157 1.000298 0.827737 -0.001293
12.266667 1.657093 1.000303 0.826314 -0.001314
12.333333 1.672064 1.000308 0.824891 -0.001336
12.400000 1.687068 1.000313 0.823468 -0.001358
12.466667 1.702107 1.000318 0.822043 -0.001380
12.533333 1.717179 1.000323 0.820618 -0.001402
12.600000 1.732284 1.000328 0.819192 -0.001424
12.666667 1.747422 1.000333 0.817766 -0.001447
12.733333 1.762592 1.000339 0.816339 -0.001470
12.800000 1.777795 1.000344 0.814911 -0.001493
12.866667 1.793028 1.000349 0.813483 -0.001517
12.933333 1.808293 1.000355 0.812055 -0.001541
13.000000 1.823589 1.000360 0.810626 -0.001565
13.066667 1.838916 1.000366 0.809197 -0.001590
13.133333 1.854272 1.000372 0.807768 -0.001614
13.200000 1.869659 1.000378 0.806338 -0.001639
13.266667 1.885075 1.000383 0.804908 -0.001665
13.333333 1.900520 1.000389 0.803478 -0.001690
13.400000 1.915994 1.000395 0.802048 -0.001716
13.466667 1.931496 1.000401 0.800618 -0.001742
13.533333 1.947026 1.000407 0.799188 -0.001769
13.600000 1.962584 1.000414 0.797757 -0.001796
13.666667 1.978170 1.000420 0.796327 -0.001823
13.733333 1.993782 1.000426 0.794897 -0.001850
13.800000 2.009422 1.000432 0.793467 -0.001878
13.866667 2.025087 1.000439 0.792037 -0.001905
13.933333 2.040779 1.000445 0.790608 -0.001934
14.000000 2.056497 1.000452 0.789178 -0.001962
14.066667 2.072239 1.000459 0.787749 -0.001991
14.133333 2.088007 1.000465 0.786321 -0.002020
14.200000 2.103800 1.000472 0.784892 -0.002049
14.266667 2.119618 1.000479 0.783464 -0.002079
14.333333 2.135459 1.000486 0.782037 -0.002109
14.400000 2.151324 1.000493 0.780609 -0.002139
14.466667 2.167213 1.000500 0.779183 -0.002169
14.533333 2.183125 1.000507 0.777757 -0.002200
14.600000 2.199060 1.000514 0.776331 -0.002231
14.666667 2.215018 1.000521 0.774906 -0.002262
14.733333 2.230998 1.000528 0.773482 -0.002294
14.800000 2.247000 1.000536 0.772058 -0.002326
14.866667 2.263024 1.000543 0.770635 -0.002358
14.933333 2.279069 1.000550 0.769213 -0.002390
15.000000 2.295135 1.000558 0.767791 -0.002423
15.066667 2.311222 1.000566 0.766371 -0.002456
15.133333 2.327330 1.000573 0.764951 -0.002489
15.200000 2.343458 1.000581 0.763532 -0.002522
15.266667 2.359606 1.000589 0.762114 -0.002556
15.333333 2.375773 1.000597 0.760696 -0.002590
15.400000 2.391960 1.000604 0.759280 -0.002624
15.466667 2.408166 1.000612 0.757865 -0.002658
15.533333 2.424392 1.000620 0.756450 -0.002693
15.600000 2.440635 1.000628 0.755037 -0.002728
15.666667 2.456897 1.000636 0.753625 -0.002763
15.733333 2.473177 1.000645 0.752214 -0.002799
15.800000 2.489475 1.000653 0.750803 -0.002834
15.866667 2.505791 1.000661 0.749394 -0.002870
15.933333 2.522123 1.000669 0.747987 -0.002906
16.000000 2.538473 1.000678 0.746580 -0.002943
16.066667 2.554839 1.000686 0.745175 -0.002979
16.133333 2.571222 1.000695 0.743770 -0.003016
16.200000 2.587621 1.000703 0.742367 -0.003053
16.266667 2.604036 1.000712 0.740966 -0.003091
16.333333 2.620467 1.000721 0.739565 -0.003128
16.400000 2.636914 1.000729 0.738166 -0.003166
16.466667 2.653375 1.000738 0.736769 -0.003204
16.533333 2.669852 1.000747 0.735373 -0.003242
16.600000 2.686343 1.000756 0.733978 -0.003280
16.666667 2.702849 1.000764 0.732584 -0.003318
16.733333 2.719369 1.000773 0.731192 -0.003357
16.800000 2.735903 1.000782 0.729802 -0.003396
16.866667 2.752450 1.000791 0.728413 -0.003435
16.933333 2.769012 1.000800 0.727025 -0.003474
17.000000 2.785586 1.000809 0.725639 -0.003513
17.066667 2.802174 1.000818 0.724255 -0.003553
17.133333 2.818775 1.000828 0.722872 -0.003593
17.200000 2.835388 1.000837 0.721490 -0.003632
17.266667 2.852014 1.000846 0.720111 -0.003672
17.333333 2.868651 1.000855 0.718733 -0.003713
17.400000 2.885301 1.000865 0.717356 -0.003753
17.466667 2.901963 1.000874 0.715982 -0.003793
17.533333 2.918636 1.000883 0.714609 -0.003834
17.600000 2.935320 1.000893 0.713237 -0.003874
17.666667 2.952015 1.000902 0.711868 -0.003915
17.733333 2.968721 1.000911 0.710500 -0.003956
17.800000 2.985438 1.000921 0.709134 -0.003997
17.866667 3.002166 1.000930 0.707769 -0.004038
17.933333 3.018903 1.000940 0.706407 -0.004079
18.000000 3.035651 1.000949 0.705046 -0.004121
18.066667 3.052408 1.000959 0.703687 -0.004162
18.133333 3.069175 1.000968 0.702330 -0.004203
18.200000 3.085951 1.000978 0.700975 -0.004245
18.266667 3.102737 1.000988 0.699621 -0.004287
18.333333 3.119532 1.000997 0.698270 -0.004328
18.400000 3.136335 1.001007 0.696920 -0.004370
18.466667 3.153147 1.001016 0.695573 -0.004412
18.533333 3.169968 1.001026 0.694227 -0.004454
18.600000 3.186797 1.001036 0.692883 -0.004495
18.666667 3.203633 1.001045 0.691542 -0.004537
18.733333 3.220478 1.001055 0.690202 -0.004579
18.800000 3.237331 1.001065 0.688864 -0.004621
18.866667 3.254190 1.001074 0.687528 -0.004663
18.933333 3.271057 1.001084 0.686194 -0.004705
19.000000 3.287932 1.001094 0.684863 -0.004747
19.066667 3.304813 1.001103 0.683533 -0.004789
19.133333 3.321701 1.001113 0.682205 -0.004831
19.200000 3.338595 1.001123 0.680879 -0.004873
19.266667 3.355496 1.001132 0.679556 -0.004915
19.333333 3.372403 1.001142 0.678234 -0.004957
19.400000 3.389316 1.001152 0.676915 -0.004999
19.466667 3.406235 1.001161 0.675598 -0.005041
19.533333 3.423160 1.001171 0.674283 -0.005083
19.600000 3.440090 1.001181 0.672970 -0.005125
19.666667 3.457026 1.001190 0.671659 -0.005166
19.733333 3.473967 1.001200 0.670350 -0.005208
19.800000 3.490912 1.001210 0.669044 -0.005250
19.866667 3.507863 1.001219 0.667739 -0.005291
19.933333 3.524818 1.001229 0.666437 -0.005333
20.000000 3.541778 1.001238 0.665137 -0.005374
20.066667 3.558743 1.001248 0.663839 -0.005415
20.133333 3.575711 1.001257 0.662544 -0.005457
20.200000 3.592684 1.001267 0.661250 -0.005498
20.266667 3.609660 1.001276 0.659959 -0.005539
20.333333 3.626640 1.001286 0.658670 -0.005580
20.400000 3.643624 1.001295 0.657383 -0.005621
20.466667 3.660611 1.001304 0.656099 -0.005661
20.533333 3.677602 1.001314 0.654817 -0.005702
20.600000 3.694595 1.001323 0.653537 -0.005742
20.666667 3.711592 1.001332 0.652259 -0.005783
20.733333 3.728591 1.001342 0.650984 -0.005823
20.800000 3.745594 1.001351 0.649711 -0.005863
20.866667 3.762598 1.001360 0.648440 -0.005903
20.933333 3.779605 1.001369 0.647172 -0.005942
21.000000 3.796615 1.001378 0.645906 -0.005982
21.066667 3.813626 1.001387 0.644642 -0.006021
21.133333 3.830640 1.001396 0.643381 -0.006061
21.200000 3.847655 1.001405 0.642122 -0.006100
21.266667 3.864672 1.001414 0.640865 -0.006138
21.333333 3.881690 1.001423 0.639610 -0.006177
21.400000 3.898710 1.001432 0.638358 -0.006216
21.466667 3.915732 1.001441 0.637109 -0.006254
21.533333 3.932754 1.001450 0.635861 -0.006292
21.600000 3.949778 1.001459 0.634616 -0.006330
21.666667 3.966802 1.001467 0.633374 -0.006368
21.733333 3.983827 1.001476 0.632133 -0.006405
21.800000 4.000853 1.001485 0.630895 -0.006442
21.866667 4.017879 1.001493 0.629660 -0.006479
21.933333 4.034906 1.001502 0.628427 -0.006516
22.000000 4.051933 1.001510 0.627196 -0.006553
22.066667 4.068960 1.001518 0.625968 -0.006589
22.133333 4.085987 1.001527 0.624742 -0.006625
22.200000 4.103014 1.001535 0.623518 -0.006661
22.266667 4.120041 1.001543 0.622297 -0.006697
22.333333 4.137067 1.001551 0.621079 -0.006732
22.400000 4.154093 1.001559 0.619862 -0.006767
22.466667 4.171118 1.001567 0.618649 -0.006802
22.533333 4.188143 1.001575 0.617437 -0.006837
22.600000 4.205167 1.001583 0.616228 -0.006871
22.666667 4.222190 1.001591 0.615022 -0.006905
22.733333 4.239211 1.001599 0.613818 -0.006939
22.800000 4.256232 1.001607 0.612616 -0.006972
22.866667 4.273251 1.001614 0.611417 -0.007006
22.933333 4.290269 1.001622 0.610220 -0.007039
23.000000 4.307286 1.001630 0.609026 -0.007071
23.066667 4.324301 1.001637 0.607834 -0.007104
23.133333 4.341314 1.001644 0.606645 -0.007136
23.200000 4.358326 1.001652 0.605458 -0.007168
23.266667 4.375335 1.001659 0.604273 -0.007199
23.333333 4.392343 1.001666 0.603091 -0.007230
23.400000 4.409348 1.001673 0.601911 -0.007261
23.466667 4.426351 1.001680 0.600734 -0.007292
23.533333 4.443352 1.001687 0.599560 -0.007322
23.600000 4.460350 1.001694 0.598387 -0.007352
23.666667 4.477346 1.001701 0.597218 -0.007382
23.733333 4.494339 1.001708 0.596050 -0.007411
23.800000 4.511330 1.001715 0.594886 -0.007440
23.866667 4.528318 1.001721 0.593723 -0.007469
23.933333 4.545302 1.001728 0.592563 -0.007498
24.000000 4.562284 1.001734 0.591406 -0.007526
24.066667 4.579263 1.001741 0.590251 -0.007553
24.133333 4.596238 1.001747 0.589099 -0.007581
24.200000 4.613210 1.001753 0.587949 -0.007608
24.266667 4.630179 1.001760 0.586801 -0.007635
24.333333 4.647144 1.001766 0.585656 -0.007661
24.400000 4.664106 1.001772 0.584514 -0.007687
24.466667 4.681064 1.001778 0.583374 -0.007713
24.533333 4.698018 1.001784 0.582236 -0.007739
24.600000 4.714968 1.001789 0.581101 -0.007764
24.666667 4.731915 1.001795 0.579968 -0.007789
24.733333 4.748857 1.001801 0.578838 -0.007813
24.800000 4.765796 1.001806 0.577710 -0.007837
24.866667 4.782730 1.001812 0.576585 -0.007861
24.933333 4.799660 1.001817 0.575462 -0.007885
25.000000 4.816585 1.001822 0.574342 -0.007908
25.066667 4.833506 1.001828 0.573224 -0.007930
25.133333 4.850423 1.001833 0.572109 -0.007953
25.200000 4.867334 1.001838 0.570996 -0.007975
25.266667 4.884242 1.001843 0.569886 -0.007997
25.333333 4.901144 1.001848 0.568778 -0.008018
25.400000 4.918042 1.001853 0.567673 -0.008039
25.466667 4.934934 1.001858 0.566570 -0.008060
25.533333 4.951822 1.001862 0.565469 -0.008080
25.600000 4.968704 1.001867 0.564371 -0.008100
25.666667 4.985582 1.001871 0.563276 -0.008120
25.733333 5.002454 1.001876 0.562182 -0.008139
25.800000 5.019321 1.001880 0.561092 -0.008158
25.866667 5.036182 1.001885 0.560004 -0.008177
25.933333 5.053038 1.001889 0.558918 -0.008195
26.000000 5.069888 1.001893 0.557835 -0.008213
26.066667 5.086733 1.001897 0.556754 -0.008231
26.133333 5.103572 1.001901 0.555676 -0.008248
26.200000 5.120405 1.001905 0.554600 -0.008265
26.266667 5.137233 1.001909 0.553526 -0.008281
26.333333 5.154054 1.001912 0.552455 -0.008298
26.400000 5.170870 1.001916 0.551387 -0.008313
26.466667 5.187679 1.001920 0.550321 -0.008329
26.533333 5.204483 1.001923 0.549257 -0.008344
26.600000 5.221280 1.001927 0.548196 -0.008359
26.666667 5.238071 1.001930 0.547137 -0.008374
26.733333 5.254856 1.001933 0.546081 -0.008388
26.800000 5.271634 1.001936 0.545027 -0.008401
26.866667 5.288406 1.001940 0.543976 -0.008415
26.933333 5.305171 1.001943 0.542927 -0.008428
27.000000 5.321930 1.001945 0.541880 -0.008441
27.066667 5.338682 1.001948 0.540836 -0.008453
27.133333 5.355428 1.001951 0.539795 -0.008465
27.200000 5.372167 1.001954 0.538755 -0.008477
27.266667 5.388899 1.001957 0.537719 -0.008489
27.333333 5.405624 1.001959 0.536684 -0.008500
27.400000 5.422343 1.001962 0.535652 -0.008511
27.466667 5.439054 1.001964 0.534623 -0.008521
27.533333 5.455758 1.001966 0.533595 -0.008531
27.600000 5.472456 1.001969 0.532571 -0.008541
27.666667 5.489146 1.001971 0.531548 -0.008551
27.733333 5.505829 1.001973 0.530528 -0.008560
27.800000 5.522505 1.001975 0.529511 -0.008569
27.866667 5.539174 1.001977 0.528496 -0.008577
27.933333 5.555835 1.001979 0.527483 -0.008585
28.000000 5.572489 1.001981 0.526472 -0.008593
28.066667 5.589136 1.001982 0.525464 -0.008601
28.133333 5.605775 1.001984 0.524459 -0.008608
28.200000 5.622407 1.001986 0.523455 -0.008615
28.266667 5.639032 1.001987 0.522454 -0.008621
28.333333 5.655648 1.001989 0.521456 -0.008628
28.400000 5.672258 1.001990 0.520460 -0.008634
28.466667 5.688859 1.001991 0.519466 -0.008639
28.533333 5.705453 1.001993 0.518474 -0.008645
28.600000 5.722039 1.001994 0.517485 -0.008650
28.666667 5.738617 1.001995 0.516499 -0.008655
28.733333 5.755188 1.001996 0.515514 -0.008659
28.800000 5.771751 1.001997 0.514532 -0.008663
28.866667 5.788306 1.001998 0.513552 -0.008667
28.933333 5.804853 1.001998 0.512575 -0.008671
29.000000 5.821392 1.001999 0.511600 -0.008674
29.066667 5.837923 1.002000 0.510627 -0.008677
29.133333 5.854446 1.002001 0.509657 -0.008680
29.200000 5.870961 1.002001 0.508689 -0.008682
29.266667 5.887468 1.002002 0.507723 -0.008684
29.333333 5.903967 1.002002 0.506759 -0.008686
29.400000 5.920457 1.002002 0.505798 -0.008687
29.466667 5.936940 1.002003 0.504839 -0.008689
29.533333 5.953414 1.002003 0.503883 -0.008690
29.600000 5.969880 1.002003 0.502928 -0.008690
29.666667 5.986338 1.002003 0.501976 -0.008691
29.733333 6.002787 1.002003 0.501026 -0.008691
29.800000 6.019228 1.002003 0.500079 -0.008691
29.866667 6.035660 1.002003 0.499134 -0.008691
29.933333 6.052084 1.002003 0.498191 -0.008690
30.000000 6.068500 1.002003 0.497250 -0.008689
30.066667 6.084906 1.002002 0.496312 -0.008688
30.133333 6.101305 1.002002 0.495376 -0.008687
30.200000 6.117694 1.002002 0.494442 -0.008685
30.266667 6.134075 1.002001 0.493510 -0.008683
30.333333 6.150448 1.002001 0.492581 -0.008681
30.400000 6.166811 1.002000 0.491654 -0.008678
30.466667 6.183166 1.002000 0.490729 -0.008676
30.533333 6.199511 1.001999 0.489806 -0.008673
30.600000 6.215848 1.001998 0.488886 -0.008670
30.666667 6.232176 1.001997 0.487968 -0.008666
30.733333 6.248495 1.001997 0.487052 -0.008663
30.800000 6.264804 1.001996 0.486138 -0.008659
30.866667 6.281105 1.001995 0.485227 -0.008655
30.933333 6.297396 1.001994 0.484318 -0.008650
31.000000 6.313678 1.001993 0.483411 -0.008646
31.066667 6.329951 1.001992 0.482506 -0.008641
31.133333 6.346214 1.001990 0.481603 -0.008636
31.200000 6.362468 1.001989 0.480703 -0.008631
31.266667 6.378712 1.001988 0.479805 -0.008625
31.333333 6.394947 1.001987 0.478909 -0.008620
31.400000 6.411172 1.001985 0.478015 -0.008614
31.466667 6.427388 1.001984 0.477123 -0.008608
31.533333 6.443594 1.001982 0.476234 -0.008601
31.600000 6.459790 1.001981 0.475347 -0.008595
31.666667 6.475976 1.001979 0.474462 -0.008588
31.733333 6.492152 1.001978 0.473579 -0.008581
31.800000 6.508318 1.001976 0.472698 -0.008574
31.866667 6.524474 1.001975 0.471820 -0.008567
31.933333 6.540620 1.001973 0.470944 -0.008559
32.000000 6.556755 1.001971 0.470070 -0.008551
32.066667 6.572880 1.001969 0.469198 -0.008544
32.133333 6.588995 1.001967 0.468328 -0.008535
32.200000 6.605100 1.001965 0.467461 -0.008527
32.266667 6.621194 1.001963 0.466595 -0.008519
32.333333 6.637277 1.001961 0.465732 -0.008510
32.400000 6.653350 1.001959 0.464871 -0.008501
32.466667 6.669412 1.001957 0.464012 -0.008492
32.533333 6.685463 1.001955 0.463156 -0.008483
32.600000 6.701504 1.001953 0.462301 -0.008474
32.666667 6.717534 1.001951 0.461449 -0.008464
32.733333 6.733552 1.001949 0.460598 -0.008454
32.800000 6.749560 1.001946 0.459750 -0.008444
32.866667 6.765557 1.001944 0.458904 -0.008434
32.933333 6.781542 1.001942 0.458061 -0.008424
33.000000 6.797517 1.001939 0.457219 -0.008414
33.066667 6.813480 1.001937 0.456379 -0.008403
33.133333 6.829432 1.001934 0.455542 -0.008393
33.200000 6.845372 1.001932 0.454707 -0.008382
33.266667 6.861302 1.001929 0.453874 -0.008371
33.333333 6.877220 1.001927 0.453043 -0.008360
33.400000 6.893126 1.001924 0.452214 -0.008348
33.466667 6.909021 1.001921 0.451387 -0.008337
33.533333 6.924905 1.001919 0.450562 -0.008325
33.600000 6.940777 1.001916 0.449740 -0.008314
33.666667 6.956638 1.001913 0.448919 -0.008302
33.733333 6.972487 1.001911 0.448101 -0.008290
33.800000 6.988325 1.001908 0.447284 -0.008278
33.866667 7.004151 1.001905 0.446470 -0.008265
33.933333 7.019966 1.001902 0.445658 -0.008253
34.000000 7.035769 1.001899 0.444848 -0.008240
34.066667 7.051560 1.001896 0.444040 -0.008228
34.133333 7.067341 1.001893 0.443234 -0.008215
34.200000 7.083109 1.001890 0.442430 -0.008202
34.266667 7.098867 1.001887 0.441628 -0.008189
34.333333 7.114612 1.001884 0.440828 -0.008176
34.400000 7.130347 1.001881 0.440030 -0.008163
34.466667 7.146070 1.001878 0.439235 -0.008149
34.533333 7.161782 1.001875 0.438441 -0.008136
34.600000 7.177483 1.001872 0.437649 -0.008122
34.666667 7.193172 1.001869 0.436859 -0.008109
34.733333 7.208850 1.001866 0.436071 -0.008095
34.800000 7.224518 1.001862 0.435285 -0.008081
34.866667 7.240174 1.001859 0.434502 -0.008067
34.933333 7.255819 1.001856 0.433720 -0.008053
35.000000 7.271454 1.001853 0.432940 -0.008039
35.066667 7.287078 1.001849 0.432162 -0.008024
35.133333 7.302691 1.001846 0.431385 -0.008010
35.200000 7.318294 1.001843 0.430611 -0.007995
35.266667 7.333886 1.001839 0.429839 -0.007981
35.333333 7.349468 1.001836 0.429068 -0.007966
35.400000 7.365040 1.001833 0.428300 -0.007951
35.466667 7.380602 1.001829 0.427533 -0.007937
35.533333 7.396153 1.001826 0.426768 -0.007922
35.600000 7.411695 1.001822 0.426006 -0.007907
35.666667 7.427227 1.001819 0.425244 -0.007892
35.733333 7.442750 1.001815 0.424485 -0.007876
35.800000 7.458263 1.001812 0.423728 -0.007861
35.866667 7.473767 1.001808 0.422972 -0.007846
35.933333 7.489261 1.001805 0.422218 -0.007830
36.000000 7.504747 1.001801 0.421466 -0.007815
36.066667 7.520223 1.001798 0.420716 -0.007799
36.133333 7.535691 1.001794 0.419967 -0.007784
36.200000 7.551150 1.001790 0.419220 -0.007768
36.266667 7.566601 1.001787 0.418475 -0.007752
36.333333 7.582044 1.001783 0.417732 -0.007737
36.400000 7.597478 1.001779 0.416990 -0.007721
36.466667 7.612904 1.001776 0.416251 -0.007705
36.533333 7.628323 1.001772 0.415512 -0.007689
36.600000 7.643733 1.001768 0.414776 -0.007673
36.666667 7.659136 1.001765 0.414041 -0.007657
36.733333 7.674532 1.001761 0.413308 -0.007640
36.800000 7.689921 1.001757 0.412576 -0.007624
36.866667 7.705302 1.001753 0.411846 -0.007608
36.933333 7.720676 1.001750 0.411118 -0.007592
37.000000 7.736044 1.001746 0.410391 -0.007575
37.066667 7.751405 1.001742 0.409666 -0.007559
37.133333 7.766759 1.001738 0.408942 -0.007542
37.200000 7.782107 1.001734 0.408220 -0.007526
37.266667 7.797448 1.001731 0.407500 -0.007509
37.333333 7.812783 1.001727 0.406781 -0.007493
37.400000 7.828112 1.001723 0.406064 -0.007476
37.466667 7.843435 1.001719 0.405348 -0.007459
37.533333 7.858752 1.001715 0.404634 -0.007442
37.600000 7.874063 1.001711 0.403921 -0.007426
37.666667 7.889369 1.001707 0.403210 -0.007409
37.733333 7.904669 1.001704 0.402501 -0.007392
37.800000 7.919963 1.001700 0.401793 -0.007375
37.866667 7.935251 1.001696 0.401086 -0.007358
37.933333 7.950535 1.001692 0.400381 -0.007341
38.000000 7.965812 1.001688 0.399677 -0.007324
38.066667 7.981084 1.001684 0.398975 -0.007307
38.133333 7.996351 1.001680 0.398274 -0.007290
38.200000 8.011613 1.001676 0.397575 -0.007273
38.266667 8.026869 1.001672 0.396878 -0.007256
38.333333 8.042120 1.001668 0.396181 -0.007239
38.400000 8.057365 1.001664 0.395487 -0.007222
38.466667 8.072605 1.001660 0.394793 -0.007204
38.533333 8.087839 1.001656 0.394101 -0.007187
38.600000 8.103068 1.001652 0.393411 -0.007170
38.666667 8.118291 1.001648 0.392722 -0.007153
38.733333 8.133509 1.001644 0.392035 -0.007135
38.800000 8.148721 1.001640 0.391349 -0.007118
38.866667 8.163926 1.001636 0.390664 -0.007101
38.933333 8.179126 1.001632 0.389981 -0.007084
39.000000 8.194320 1.001628 0.389300 -0.007066
39.066667 8.209508 1.001624 0.388620 -0.007049
39.133333 8.224689 1.001620 0.387941 -0.007032
39.200000 8.239863 1.001616 0.387264 -0.007014
39.266667 8.255031 1.001612 0.386588 -0.006997
39.333333 8.270192 1.001608 0.385914 -0.006980
39.400000 8.285346 1.001604 0.385241 -0.006962
39.466667 8.300492 1.001600 0.384570 -0.006945
39.533333 8.315630 1.001596 0.383900 -0.006928
39.600000 8.330761 1.001592 0.383232 -0.006910
39.666667 8.345884 1.001588 0.382566 -0.006893
39.733333 8.360998 1.001584 0.381900 -0.006876
39.800000 8.376103 1.001580 0.381237 -0.006858
39.866667 8.391200 1.001576 0.380575 -0.006841
39.933333 8.406287 1.001572 0.379914 -0.006824
40.000000 8.421364 1.001568 0.379255 -0.006806
40.066667 8.436432 1.001564 0.378598 -0.006789
40.133333 8.451489 1.001560 0.377942 -0.006772
40.200000 8.466536 1.001556 0.377288 -0.006754
40.266667 8.481571 1.001552 0.376636 -0.006737
40.333333 8.496595 1.001549 0.375985 -0.006720
40.400000 8.511607 1.001545 0.375335 -0.006703
40.466667 8.526607 1.001541 0.374688 -0.006685
40.533333 8.541595 1.001537 0.374042 -0.006668
40.600000 8.556569 1.001533 0.373398 -0.006651
40.666667 8.571530 1.001529 0.372755 -0.006634
40.733333 8.586476 1.001525 0.372114 -0.006617
40.800000 8.601409 1.001521 0.371475 -0.006600
40.866667 8.616326 1.001517 0.370838 -0.006583
40.933333 8.631228 1.001513 0.370202 -0.006565
41.000000 8.646114 1.001509 0.369568 -0.006548
41.066667 8.660984 1.001505 0.368936 -0.006531
41.133333 8.675837 1.001501 0.368305 -0.006514
41.200000 8.690673 1.001497 0.367677 -0.006497
41.266667 8.705491 1.001493 0.367050 -0.006481
41.333333 8.720291 1.001489 0.366425 -0.006464
41.400000 8.735072 1.001486 0.365802 -0.006447
41.466667 8.749833 1.001482 0.365181 -0.006430
41.533333 8.764575 1.001478 0.364562 -0.006413
41.600000 8.779296 1.001474 0.363945 -0.006396
41.666667 8.793997 1.001470 0.363329 -0.006380
41.733333 8.808676 1.001466 0.362716 -0.006363
41.800000 8.823333 1.001462 0.362104 -0.006346
41.866667 8.837968 1.001459 0.361494 -0.006330
41.933333 8.852580 1.001455 0.360887 -0.006313
42.000000 8.867169 1.001451 0.360281 -0.006297
42.066667 8.881733 1.001447 0.359678 -0.006280
42.133333 8.896274 1.001443 0.359076 -0.006264
42.200000 8.910789 1.001439 0.358476 -0.006247
42.266667 8.925279 1.001436 0.357879 -0.006231
42.333333 8.939742 1.001432 0.357283 -0.006214
42.400000 8.954180 1.001428 0.356690 -0.006198
42.466667 8.968591 1.001424 0.356099 -0.006182
42.533333 8.982974 1.001421 0.355510 -0.006165
42.600000 8.997329 1.001417 0.354923 -0.006149
42.666667 9.011657 1.001413 0.354338 -0.006133
42.733333 9.025955 1.001409 0.353755 -0.006117
42.800000 9.040225 1.001406 0.353174 -0.006101
42.866667 9.054464 1.001402 0.352596 -0.006085
42.933333 9.068674 1.001398 0.352019 -0.006069
43.000000 9.082854 1.001395 0.351445 -0.006053
43.066667 9.097003 1.001391 0.350873 -0.006037
43.133333 9.111121 1.001387 0.350303 -0.006021
43.200000 9.125208 1.001384 0.349735 -0.006005
43.266667 9.139263 1.001380 0.349170 -0.005989
43.333333 9.153286 1.001376 0.348607 -0.005973
43.400000 9.167276 1.001373 0.348046 -0.005957
43.466667 9.181234 1.001369 0.347487 -0.005942
43.533333 9.195159 1.001365 0.346930 -0.005926
43.600000 9.209051 1.001362 0.346376 -0.005910
43.666667 9.222910 1.001358 0.345823 -0.005895
43.733333 9.236736 1.001355 0.345273 -0.005879
43.800000 9.250527 1.001351 0.344726 -0.005863
43.866667 9.264285 1.001347 0.344180 -0.005848
43.933333 9.278009 1.001344 0.343637 -0.005832
44.000000 9.291699 1.001340 0.343096 -0.005817
44.066667 9.305355 1.001337 0.342557 -0.005801
44.133333 9.318976 1.001333 0.342020 -0.005786
44.200000 9.332564 1.001330 0.341485 -0.005771
44.266667 9.346117 1.001326 0.340953 -0.005755
44.333333 9.359636 1.001323 0.340422 -0.005740
44.400000 9.373121 1.001319 0.339894 -0.005725
44.466667 9.386571 1.001315 0.339368 -0.005709
44.533333 9.399988 1.001312 0.338845 -0.005694
44.600000 9.413371 1.001308 0.338323 -0.005679
44.666667 9.426720 1.001305 0.337803 -0.005664
44.733333 9.440035 1.001301 0.337286 -0.005649
44.800000 9.453317 1.001298 0.336771 -0.005633
44.866667 9.466566 1.001295 0.336257 -0.005618
44.933333 9.479782 1.001291 0.335746 -0.005603
45.000000 9.492966 1.001288 0.335237 -0.005588
45.066667 9.506117 1.001284 0.334730 -0.005573
45.133333 9.519236 1.001281 0.334224 -0.005558
45.200000 9.532324 1.001277 0.333721 -0.005543
45.266667 9.545380 1.001274 0.333220 -0.005528
45.333333 9.558406 1.001270 0.332721 -0.005513
45.400000 9.571401 1.001267 0.332223 -0.005498
45.466667 9.584367 1.001263 0.331728 -0.005484
45.533333 9.597303 1.001260 0.331234 -0.005469
45.600000 9.610210 1.001257 0.330742 -0.005454
45.666667 9.623089 1.001253 0.330252 -0.005439
45.733333 9.635941 1.001250 0.329764 -0.005424
45.800000 9.648766 1.001246 0.329277 -0.005410
45.866667 9.661564 1.001243 0.328792 -0.005395
45.933333 9.674336 1.001240 0.328309 -0.005380
46.000000 9.687084 1.001236 0.327828 -0.005365
46.066667 9.699807 1.001233 0.327348 -0.005351
46.133333 9.712507 1.001229 0.326870 -0.005336
46.200000 9.725184 1.001226 0.326393 -0.005322
46.266667 9.737839 1.001223 0.325918 -0.005307
46.333333 9.750473 1.001219 0.325444 -0.005293
46.400000 9.763087 1.001216 0.324972 -0.005278
46.466667 9.775682 1.001213 0.324501 -0.005264
46.533333 9.788258 1.001209 0.324031 -0.005249
46.600000 9.800817 1.001206 0.323563 -0.005235
46.666667 9.813359 1.001203 0.323096 -0.005220
46.733333 9.825885 1.001199 0.322631 -0.005206
46.800000 9.838397 1.001196 0.322166 -0.005192
46.866667 9.850895 1.001193 0.321703 -0.005177
46.933333 9.863381 1.001190 0.321241 -0.005163
47.000000 9.875855 1.001186 0.320780 -0.005149
47.066667 9.888319 1.001183 0.320320 -0.005135
47.133333 9.900774 1.001180 0.319861 -0.005120
47.200000 9.913221 1.001176 0.319403 -0.005106
47.266667 9.925660 1.001173 0.318946 -0.005092
47.333333 9.938094 1.001170 0.318490 -0.005078
47.400000 9.950523 1.001167 0.318034 -0.005064
47.466667 9.962948 1.001164 0.317580 -0.005050
47.533333 9.975371 1.001160 0.317126 -0.005036
47.600000 9.987793 1.001157 0.316673 -0.005022
47.666667 10.000215 1.001154 0.316220 -0.005009
47.733333 10.012638 1.001151 0.315768 -0.004995
47.800000 10.025064 1.001148 0.315317 -0.004981
47.866667 10.037493 1.001144 0.314866 -0.004967
47.933333 10.049928 1.001141 0.314415 -0.004954
48.000000 10.062370 1.001138 0.313965 -0.004940
48.066667 10.074818 1.001135 0.313516 -0.004927
48.133333 10.087276 1.001132 0.313066 -0.004913
48.200000 10.099744 1.001129 0.312617 -0.004900
48.266667 10.112224 1.001126 0.312168 -0.004887
48.333333 10.124717 1.001123 0.311720 -0.004873
48.400000 10.137224 1.001120 0.311271 -0.004860
48.466667 10.149746 1.001117 0.310823 -0.004847
48.533333 10.162285 1.001114 0.310374 -0.004834
48.600000 10.174843 1.001111 0.309926 -0.004821
48.666667 10.187420 1.001108 0.309477 -0.004808
48.733333 10.200018 1.001105 0.309029 -0.004795
48.800000 10.212638 1.001102 0.308580 -0.004782
48.866667 10.225281 1.001099 0.308131 -0.004769
48.933333 10.237950 1.001096 0.307682 -0.004756
49.000000 10.250645 1.001093 0.307233 -0.004744
49.066667 10.263367 1.001090 0.306783 -0.004731
49.133333 10.276118 1.001087 0.306333 -0.004719
49.200000 10.288899 1.001084 0.305883 -0.004706
49.266667 10.301711 1.001081 0.305432 -0.004694
49.333333 10.314557 1.001079 0.304981 -0.004682
49.400000 10.327436 1.001076 0.304529 -0.004670
49.466667 10.340350 1.001073 0.304076 -0.004658
49.533333 10.353301 1.001070 0.303623 -0.004646
49.600000 10.366290 1.001068 0.303169 -0.004634
49.666667 10.379318 1.001065 0.302715 -0.004622
49.733333 10.392386 1.001062 0.302260 -0.004610
49.800000 10.405496 1.001059 0.301804 -0.004599
49.866667 10.418649 1.001057 0.301347 -0.004587
49.933333 10.431845 1.001054 0.300890 -0.004576
50.000000 10.445086 1.001052 0.300432 -0.004564
50.066667 10.458374 1.001049 0.299972 -0.004553
50.133333 10.471709 1.001046 0.299512 -0.004542
50.200000 10.485093 1.001044 0.299051 -0.004531
50.266667 10.498526 1.001041 0.298589 -0.004520
50.333333 10.512010 1.001039 0.298126 -0.004509
50.400000 10.525546 1.001036 0.297662 -0.004498
50.466667 10.539135 1.001034 0.297196 -0.004487
50.533333 10.552777 1.001031 0.296730 -0.004477
50.600000 10.566475 1.001029 0.296262 -0.004466
50.666667 10.580228 1.001027 0.295793 -0.004456
50.733333 10.594038 1.001024 0.295324 -0.004446
50.800000 10.607906 1.001022 0.294852 -0.004435
50.866667 10.621833 1.001019 0.294380 -0.004425
50.933333 10.635819 1.001017 0.293906 -0.004415
51.000000 10.649865 1.001015 0.293432 -0.004405
51.066667 10.663973 1.001013 0.292955 -0.004395
51.133333 10.678143 1.001010 0.292478 -0.004386
51.200000 10.692375 1.001008 0.291999 -0.004376
51.266667 10.706671 1.001006 0.291519 -0.004367
51.333333 10.721032 1.001004 0.291037 -0.004357
51.400000 10.735457 1.001002 0.290554 -0.004348
51.466667 10.749948 1.001000 0.290070 -0.004339
51.533333 10.764506 1.000997 0.289584 -0.004329
51.600000 10.779130 1.000995 0.289097 -0.004320
51.666667 10.793821 1.000993 0.288608 -0.004311
51.733333 10.808581 1.000991 0.288118 -0.004303
51.800000 10.823408 1.000989 0.287627 -0.004294
51.866667 10.838305 1.000987 0.287134 -0.004285
51.933333 10.853271 1.000985 0.286640 -0.004277
52.000000 10.868307 1.000983 0.286144 -0.004268
52.066667 10.883412 1.000981 0.285647 -0.004260
52.133333 10.898589 1.000979 0.285148 -0.004251
52.200000 10.913835 1.000978 0.284648 -0.004243
52.266667 10.929153 1.000976 0.284147 -0.004235
52.333333 10.944542 1.000974 0.283644 -0.004227
52.400000 10.960002 1.000972 0.283139 -0.004219
52.466667 10.975533 1.000970 0.282633 -0.004211
52.533333 10.991136 1.000968 0.282126 -0.004203
52.600000 11.006810 1.000967 0.281617 -0.004196
52.666667 11.022556 1.000965 0.281107 -0.004188
52.733333 11.038373 1.000963 0.280596 -0.004181
52.800000 11.054262 1.000961 0.280083 -0.004173
52.866667 11.070222 1.000960 0.279569 -0.004166
52.933333 11.086253 1.000958 0.279053 -0.004158
53.000000 11.102356 1.000956 0.278537 -0.004151
53.066667 11.118529 1.000955 0.278018 -0.004144
53.133333 11.134772 1.000953 0.277499 -0.004137
53.200000 11.151086 1.000951 0.276978 -0.004130
53.266667 11.167469 1.000950 0.276456 -0.004123
53.333333 11.183922 1.000948 0.275933 -0.004116
53.400000 11.200444 1.000947 0.275409 -0.004109
53.466667 11.217034 1.000945 0.274883 -0.004102
53.533333 11.233692 1.000943 0.274357 -0.004095
53.600000 11.250417 1.000942 0.273829 -0.004088
53.666667 11.267209 1.000940 0.273300 -0.004082
53.733333 11.284066 1.000939 0.272770 -0.004075
53.800000 11.300989 1.000937 0.272239 -0.004069
53.866667 11.317977 1.000936 0.271707 -0.004062
53.933333 11.335028 1.000934 0.271174 -0.004056
54.000000 11.352142 1.000933 0.270641 -0.004049
54.066667 11.369318 1.000931 0.270106 -0.004043
54.133333 11.386555 1.000930 0.269570 -0.004036
54.200000 11.403852 1.000928 0.269034 -0.004030
54.266667 11.421207 1.000927 0.268497 -0.004024
54.333333 11.438621 1.000925 0.267959 -0.004017
54.400000 11.456091 1.000924 0.267421 -0.004011
54.466667 11.473616 1.000923 0.266882 -0.004005
54.533333 11.491196 1.000921 0.266342 -0.003999
54.600000 11.508829 1.000920 0.265802 -0.003992
54.666667 11.526513 1.000918 0.265262 -0.003986
54.733333 11.544247 1.000917 0.264721 -0.003980
54.800000 11.562031 1.000915 0.264179 -0.003974
54.866667 11.579861 1.000914 0.263637 -0.003968
54.933333 11.597737 1.000913 0.263095 -0.003962
55.000000 11.615658 1.000911 0.262553 -0.003955
55.066667 11.633621 1.000910 0.262011 -0.003949
55.133333 11.651625 1.000908 0.261468 -0.003943
55.200000 11.669668 1.000907 0.260926 -0.003937
55.266667 11.687748 1.000906 0.260383 -0.003931
55.333333 11.705864 1.000904 0.259840 -0.003925
55.400000 11.724014 1.000903 0.259298 -0.003919
55.466667 11.742195 1.000901 0.258756 -0.003912
55.533333 11.760407 1.000900 0.258214 -0.003906
55.600000 11.778646 1.000898 0.257672 -0.003900
55.666667 11.796910 1.000897 0.257131 -0.003894
55.733333 11.815199 1.000896 0.256590 -0.003888
55.800000 11.833509 1.000894 0.256050 -0.003882
55.866667 11.851838 1.000893 0.255510 -0.003875
55.933333 11.870184 1.000891 0.254971 -0.003869
56.000000 11.888545 1.000890 0.254433 -0.003863
56.066667 11.906918 1.000888 0.253895 -0.003857
56.133333 11.925301 1.000887 0.253358 -0.003850
56.200000 11.943692 1.000885 0.252822 -0.003844
56.266667 11.962088 1.000884 0.252287 -0.003837
56.333333 11.980486 1.000883 0.251754 -0.003831
56.400000 11.998885 1.000881 0.251221 -0.003825
56.466667 12.017280 1.000880 0.250689 -0.003818
56.533333 12.035671 1.000878 0.250159 -0.003812
56.600000 12.054053 1.000877 0.249630 -0.003805
56.666667 12.072424 1.000875 0.249103 -0.003799
56.733333 12.090782 1.000874 0.248577 -0.003792
56.800000 12.109124 1.000872 0.248053 -0.003785
56.866667 12.127446 1.000870 0.247530 -0.003779
56.933333 12.145747 1.000869 0.247009 -0.003772
57.000000 12.164022 1.000867 0.246490 -0.003765
57.066667 12.182269 1.000866 0.245972 -0.003759
57.133333 12.200485 1.000864 0.245457 -0.003752
57.200000 12.218667 1.000863 0.244944 -0.003745
57.266667 12.236811 1.000861 0.244433 -0.003738
57.333333 12.254915 1.000860 0.243924 -0.003731
57.400000 12.272976 1.000858 0.243417 -0.003724
57.466667 12.290990 1.000856 0.242913 -0.003717
57.533333 12.308954 1.000855 0.242411 -0.003710
57.600000 12.326865 1.000853 0.241912 -0.003703
57.666667 12.344719 1.000851 0.241415 -0.003696
57.733333 12.362514 1.000850 0.240921 -0.003689
57.800000 12.380245 1.000848 0.240429 -0.003682
57.866667 12.397910 1.000846 0.239941 -0.003675
57.933333 12.415505 1.000845 0.239455 -0.003667
58.000000 12.433027 1.000843 0.238973 -0.003660
58.066667 12.450472 1.000841 0.238493 -0.003653
58.133333 12.467837 1.000840 0.238017 -0.003646
58.200000 12.485119 1.000838 0.237544 -0.003638
58.266667 12.502313 1.000836 0.237074 -0.003631
58.333333 12.519417 1.000835 0.236608 -0.003623
58.400000 12.536427 1.000833 0.236145 -0.003616
58.466667 12.553340 1.000831 0.235686 -0.003608
58.533333 12.570151 1.000829 0.235230 -0.003601
58.600000 12.586858 1.000828 0.234778 -0.003593
58.666667 12.603457 1.000826 0.234330 -0.003586
58.733333 12.619944 1.000824 0.233885 -0.003578
58.800000 12.636316 1.000823 0.233445 -0.003571
58.866667 12.652569 1.000821 0.233008 -0.003563
58.933333 12.668700 1.000819 0.232576 -0.003555
59.000000 12.684705 1.000817 0.232148 -0.003548
59.066667 12.700582 1.000815 0.231724 -0.003540
59.133333 12.716325 1.000814 0.231304 -0.003532
59.200000 12.731932 1.000812 0.230889 -0.003524
59.266667 12.747400 1.000810 0.230478 -0.003517
59.333333 12.762724 1.000808 0.230072 -0.003509
59.400000 12.777902 1.000807 0.229670 -0.003501
59.466667 12.792929 1.000805 0.229273 -0.003493
59.533333 12.807803 1.000803 0.228881 -0.003486
59.600000 12.822521 1.000801 0.228494 -0.003478
59.666667 12.837078 1.000799 0.228111 -0.003470
59.733333 12.851471 1.000798 0.227733 -0.003462
59.800000 12.865698 1.000796 0.227361 -0.003454
59.866667 12.879755 1.000794 0.226993 -0.003447
59.933333 12.893638 1.000792 0.226630 -0.003439
60.000000 12.907345 1.000790 0.226273 -0.003431
60.066667 12.920873 1.000789 0.225921 -0.003423
60.133333 12.934217 1.000787 0.225574 -0.003416
60.200000 12.947376 1.000785 0.225233 -0.003408
60.266667 12.960346 1.000783 0.224897 -0.003400
60.333333 12.973124 1.000781 0.224566 -0.003392
60.400000 12.985708 1.000780 0.224241 -0.003385
60.466667 12.998093 1.000778 0.223921 -0.003377
60.533333 13.010279 1.000776 0.223607 -0.003369
60.600000 13.022261 1.000774 0.223299 -0.003362
60.666667 13.034038 1.000773 0.222997 -0.003354
60.733333 13.045606 1.000771 0.222700 -0.003347
60.800000 13.056963 1.000769 0.222409 -0.003339
60.866667 13.068106 1.000767 0.222124 -0.003332
60.933333 13.079033 1.000766 0.221844 -0.003324
61.000000 13.089742 1.000764 0.221571 -0.003317
61.066667 13.100231 1.000762 0.221304 -0.003309
61.133333 13.110496 1.000761 0.221042 -0.003302
61.200000 13.120537 1.000759 0.220787 -0.003295
61.266667 13.130350 1.000757 0.220538 -0.003287
61.333333 13.139934 1.000756 0.220294 -0.003280
61.400000 13.149287 1.000754 0.220057 -0.003273
61.466667 13.158406 1.000752 0.219826 -0.003266
61.533333 13.167292 1.000751 0.219602 -0.003259
61.600000 13.175940 1.000749 0.219383 -0.003252
61.666667 13.184351 1.000747 0.219171 -0.003245
61.733333 13.192522 1.000746 0.218965 -0.003238
61.800000 13.200452 1.000744 0.218765 -0.003231
61.866667 13.208140 1.000743 0.218571 -0.003224
61.933333 13.215585 1.000741 0.218384 -0.003218
62.000000 13.222784 1.000740 0.218203 -0.003211
62.066667 13.229738 1.000738 0.218028 -0.003204
62.133333 13.236445 1.000737 0.217860 -0.003198
62.200000 13.242904 1.000735 0.217698 -0.003192
62.266667 13.249114 1.000734 0.217543 -0.003185
62.333333 13.255076 1.000732 0.217393 -0.003179
62.400000 13.260787 1.000731 0.217250 -0.003173
62.466667 13.266248 1.000729 0.217114 -0.003167
62.533333 13.271458 1.000728 0.216984 -0.003161
62.600000 13.276417 1.000727 0.216860 -0.003155
62.666667 13.281125 1.000725 0.216742 -0.003149
62.733333 13.285581 1.000724 0.216631 -0.003143
62.800000 13.289786 1.000723 0.216526 -0.003137
62.866667 13.293738 1.000721 0.216428 -0.003132
62.933333 13.297440 1.000720 0.216336 -0.003126
63.000000 13.300890 1.000719 0.216250 -0.003121
63.066667 13.304090 1.000718 0.216170 -0.003115
63.133333 13.307039 1.000716 0.216097 -0.003110
63.200000 13.309738 1.000715 0.216030 -0.003105
63.266667 13.312188 1.000714 0.215969 -0.003100
63.333333 13.314389 1.000713 0.215914 -0.003095
63.400000 13.316342 1.000712 0.215865 -0.003090
63.466667 13.318049 1.000711 0.215823 -0.003085
63.533333 13.319509 1.000710 0.215787 -0.003080
63.600000 13.320725 1.000709 0.215756 -0.003076
63.666667 13.321697 1.000707 0.215732 -0.003071
63.733333 13.322426 1.000706 0.215714 -0.003067
63.800000 13.322914 1.000705 0.215702 -0.003063
63.866667 13.323163 1.000705 0.215696 -0.003059
63.933333 13.323174 1.000704 0.215696 -0.003055
64.000000 13.322947 1.000703 0.215701 -0.003051
64.066667 13.322486 1.000702 0.215713 -0.003047
64.133333 13.321792 1.000701 0.215730 -0.003043
64.200000 13.320867 1.000700 0.215753 -0.003039
64.266667 13.319712 1.000699 0.215782 -0.003036
64.333333 13.318330 1.000698 0.215816 -0.003032
64.400000 13.316722 1.000698 0.215856 -0.003029
64.466667 13.314891 1.000697 0.215901 -0.003026
64.533333 13.312840 1.000696 0.215952 -0.003023
64.600000 13.310569 1.000696 0.216009 -0.003020
64.666667 13.308083 1.000695 0.216071 -0.003017
64.733333 13.305383 1.000694 0.216138 -0.003014
64.800000 13.302471 1.000694 0.216210 -0.003011
64.866667 13.299350 1.000693 0.216288 -0.003009
64.933333 13.296024 1.000693 0.216371 -0.003006
65.000000 13.292494 1.000692 0.216459 -0.003004
65.066667 13.288763 1.000691 0.216552 -0.003002
65.133333 13.284835 1.000691 0.216650 -0.003000
65.200000 13.280711 1.000691 0.216753 -0.002998
65.266667 13.276396 1.000690 0.216860 -0.002996
65.333333 13.271891 1.000690 0.216973 -0.002994
65.400000 13.267200 1.000689 0.217090 -0.002992
65.466667 13.262326 1.000689 0.217212 -0.002991
65.533333 13.257273 1.000689 0.217338 -0.002989
65.600000 13.252042 1.000688 0.217469 -0.002988
65.666667 13.246638 1.000688 0.217605 -0.002987
65.733333 13.241064 1.000688 0.217744 -0.002986
65.800000 13.235322 1.000688 0.217888 -0.002985
65.866667 13.229417 1.000687 0.218036 -0.002984
65.933333 13.223352 1.000687 0.218189 -0.002983
66.000000 13.217129 1.000687 0.218345 -0.002982
66.066667 13.210753 1.000687 0.218505 -0.002982
66.133333 13.204227 1.000687 0.218670 -0.002981
66.200000 13.197554 1.000687 0.218838 -0.002981
66.266667 13.190738 1.000687 0.219010 -0.002981
66.333333 13.183782 1.000687 0.219185 -0.002981
66.400000 13.176690 1.000687 0.219364 -0.002981
66.466667 13.169465 1.000687 0.219547 -0.002981
66.533333 13.162111 1.000687 0.219733 -0.002981
66.600000 13.154631 1.000687 0.219922 -0.002981
66.666667 13.147030 1.000687 0.220114 -0.002982
66.733333 13.139310 1.000687 0.220310 -0.002982
66.800000 13.131475 1.000687 0.220509 -0.002983
66.866667 13.123528 1.000687 0.220711 -0.002983
66.933333 13.115474 1.000687 0.220916 -0.002984
67.000000 13.107316 1.000688 0.221123 -0.002985
67.066667 13.099058 1.000688 0.221333 -0.002986
67.133333 13.090702 1.000688 0.221546 -0.002987
67.200000 13.082254 1.000688 0.221762 -0.002988
67.266667 13.073715 1.000689 0.221980 -0.002989
67.333333 13.065090 1.000689 0.222201 -0.002991
67.400000 13.056383 1.000689 0.222424 -0.002992
67.466667 13.047597 1.000690 0.222649 -0.002994
67.533333 13.038735 1.000690 0.222876 -0.002996
67.600000 13.029801 1.000690 0.223105 -0.002997
67.666667 13.020798 1.000691 0.223337 -0.002999
67.733333 13.011731 1.000691 0.223570 -0.003001
67.800000 13.002602 1.000692 0.223805 -0.003003
67.866667 12.993415 1.000692 0.224042 -0.003005
67.933333 12.984173 1.000693 0.224280 -0.003007
68.000000 12.974880 1.000693 0.224521 -0.003010
68.066667 12.965539 1.000694 0.224762 -0.003012
68.133333 12.956153 1.000694 0.225005 -0.003014
68.200000 12.946726 1.000695 0.225249 -0.003017
68.266667 12.937262 1.000696 0.225495 -0.003020
68.333333 12.927763 1.000696 0.225742 -0.003022
68.400000 12.918232 1.000697 0.225990 -0.003025
68.466667 12.908673 1.000697 0.226238 -0.003028
68.533333 12.899089 1.000698 0.226488 -0.003031
68.600000 12.889484 1.000699 0.226739 -0.003034
68.666667 12.879860 1.000699 0.226990 -0.003037
68.733333 12.870220 1.000700 0.227242 -0.003040
68.800000 12.860567 1.000701 0.227495 -0.003043
68.866667 12.850905 1.000702 0.227748 -0.003046
68.933333 12.841237 1.000702 0.228002 -0.003050
69.000000 12.831565 1.000703 0.228256 -0.003053
69.066667 12.821892 1.000704 0.228510 -0.003057
69.133333 12.812221 1.000705 0.228765 -0.003060
69.200000 12.802556 1.000706 0.229019 -0.003064
69.266667 12.792898 1.000707 0.229274 -0.003067
69.333333 12.783251 1.000707 0.229529 -0.003071
69.400000 12.773618 1.000708 0.229784 -0.003075
69.466667 12.764000 1.000709 0.230038 -0.003079
69.533333 12.754401 1.000710 0.230293 -0.003082
69.600000 12.744823 1.000711 0.230547 -0.003086
69.666667 12.735270 1.000712 0.230800 -0.003090
69.733333 12.725742 1.000713 0.231054 -0.003094
69.800000 12.716244 1.000714 0.231306 -0.003098
69.866667 12.706777 1.000715 0.231559 -0.003102
69.933333 12.697344 1.000716 0.231810 -0.003107
70.000000 12.687947 1.000717 0.232061 -0.003111
70.066667 12.678589 1.000718 0.232311 -0.003115
70.133333 12.669271 1.000718 0.232561 -0.003119
70.200000 12.659997 1.000719 0.232809 -0.003123
70.266667 12.650768 1.000720 0.233057 -0.003128
70.333333 12.641586 1.000721 0.233303 -0.003132
70.400000 12.632454 1.000722 0.233549 -0.003137
70.466667 12.623375 1.000723 0.233793 -0.003141
70.533333 12.614349 1.000725 0.234036 -0.003145
70.600000 12.605379 1.000726 0.234278 -0.003150
70.666667 12.596467 1.000727 0.234518 -0.003154
70.733333 12.587615 1.000728 0.234757 -0.003159
70.800000 12.578825 1.000729 0.234995 -0.003163
70.866667 12.570099 1.000730 0.235231 -0.003168
70.933333 12.561439 1.000731 0.235466 -0.003173
71.000000 12.552846 1.000732 0.235699 -0.003177
71.066667 12.544323 1.000733 0.235930 -0.003182
71.133333 12.535871 1.000734 0.236160 -0.003186
71.200000 12.527492 1.000735 0.236388 -0.003191
71.266667 12.519188 1.000736 0.236614 -0.003196
71.333333 12.510960 1.000737 0.236838 -0.003200
71.400000 12.502810 1.000738 0.237061 -0.003205
71.466667 12.494740 1.000739 0.237281 -0.003209
71.533333 12.486751 1.000740 0.237499 -0.003214
71.600000 12.478845 1.000741 0.237716 -0.003219
71.666667 12.471023 1.000742 0.237930 -0.003223
71.733333 12.463287 1.000744 0.238142 -0.003228
71.800000 12.455639 1.000745 0.238352 -0.003233
71.866667 12.448079 1.000746 0.238559 -0.003237
71.933333 12.440610 1.000747 0.238764 -0.003242
72.000000 12.433233 1.000748 0.238967 -0.003246
72.066667 12.425949 1.000749 0.239168 -0.003251
72.133333 12.418759 1.000750 0.239366 -0.003256
72.200000 12.411666 1.000751 0.239561 -0.003260
72.266667 12.404669 1.000752 0.239754 -0.003265
72.333333 12.397771 1.000753 0.239945 -0.003269
72.400000 12.390973 1.000754 0.240133 -0.003273
72.466667 12.384276 1.000755 0.240318 -0.003278
72.533333 12.377681 1.000756 0.240500 -0.003282
72.600000 12.371190 1.000757 0.240680 -0.003287
72.666667 12.364804 1.000758 0.240857 -0.003291
72.733333 12.358523 1.000759 0.241032 -0.003295
72.800000 12.352350 1.000760 0.241203 -0.003300
72.866667 12.346285 1.000761 0.241371 -0.003304
72.933333 12.340329 1.000762 0.241537 -0.003308
73.000000 12.334484 1.000763 0.241700 -0.003312
73.066667 12.328751 1.000764 0.241859 -0.003316
73.133333 12.323130 1.000765 0.242016 -0.003320
73.200000 12.317624 1.000766 0.242169 -0.003324
73.266667 12.312232 1.000767 0.242320 -0.003328
73.333333 12.306956 1.000768 0.242467 -0.003332
73.400000 12.301797 1.000768 0.242611 -0.003336
73.466667 12.296756 1.000769 0.242752 -0.003340
73.533333 12.291834 1.000770 0.242889 -0.003344
73.600000 12.287033 1.000771 0.243024 -0.003347
73.666667 12.282352 1.000772 0.243155 -0.003351
73.733333 12.277793 1.000773 0.243282 -0.003354
73.800000 12.273357 1.000773 0.243406 -0.003358
73.866667 12.269046 1.000774 0.243527 -0.003361
73.933333 12.264859 1.000775 0.243645 -0.003365
74.000000 12.260797 1.000776 0.243759 -0.003368
74.066667 12.256863 1.000777 0.243869 -0.003371
74.133333 12.253056 1.000777 0.243976 -0.003374
74.200000 12.249378 1.000778 0.244079 -0.003377
74.266667 12.245829 1.000779 0.244179 -0.003380
74.333333 12.242411 1.000779 0.244275 -0.003383
74.400000 12.239124 1.000780 0.244368 -0.003386
74.466667 12.235969 1.000781 0.244456 -0.003388
74.533333 12.232947 1.000781 0.244542 -0.003391
74.600000 12.230058 1.000782 0.244623 -0.003393
74.666667 12.227305 1.000782 0.244700 -0.003396
74.733333 12.224686 1.000783 0.244774 -0.003398
74.800000 12.222205 1.000783 0.244844 -0.003400
74.866667 12.219860 1.000784 0.244910 -0.003403
74.933333 12.217653 1.000784 0.244972 -0.003405
75.000000 12.215585 1.000785 0.245031 -0.003407
75.066667 12.213657 1.000785 0.245085 -0.003408
75.133333 12.211869 1.000786 0.245136 -0.003410
75.200000 12.210222 1.000786 0.245182 -0.003412
75.266667 12.208718 1.000786 0.245225 -0.003413
75.333333 12.207355 1.000787 0.245263 -0.003415
75.400000 12.206137 1.000787 0.245298 -0.003416
75.466667 12.205062 1.000787 0.245328 -0.003417
75.533333 12.204133 1.000787 0.245354 -0.003418
75.600000 12.203349 1.000788 0.245376 -0.003419
75.666667 12.202712 1.000788 0.245394 -0.003420
75.733333 12.202222 1.000788 0.245408 -0.003421
75.800000 12.201879 1.000788 0.245418 -0.003421
75.866667 12.201686 1.000788 0.245423 -0.003422
75.933333 12.201641 1.000788 0.245425 -0.003422
76.000000 12.201747 1.000788 0.245422 -0.003422
76.066667 12.202003 1.000788 0.245414 -0.003422
76.133333 12.202411 1.000788 0.245403 -0.003422
76.200000 12.202970 1.000788 0.245387 -0.003422
76.266667 12.203683 1.000788 0.245367 -0.003422
76.333333 12.204548 1.000788 0.245342 -0.003421
76.400000 12.205568 1.000788 0.245314 -0.003421
76.466667 12.206742 1.000788 0.245280 -0.003420
76.533333 12.208072 1.000788 0.245243 -0.003419
76.600000 12.209557 1.000787 0.245201 -0.003418
76.666667 12.211199 1.000787 0.245155 -0.003417
76.733333 12.212997 1.000787 0.245104 -0.003416
76.800000 12.214954 1.000786 0.245049 -0.003414
76.866667 12.217068 1.000786 0.244989 -0.003413
76.933333 12.219342 1.000786 0.244925 -0.003411
77.000000 12.221775 1.000785 0.244856 -0.003409
77.066667 12.224367 1.000785 0.244783 -0.003407
77.133333 12.227120 1.000784 0.244706 -0.003405
77.200000 12.230034 1.000784 0.244624 -0.003403
77.266667 12.233110 1.000783 0.244537 -0.003401
77.333333 12.236347 1.000783 0.244446 -0.003398
77.400000 12.239747 1.000782 0.244350 -0.003395
77.466667 12.243310 1.000782 0.244250 -0.003393
77.533333 12.247037 1.000781 0.244145 -0.003390
77.600000 12.250927 1.000780 0.244036 -0.003387
77.666667 12.254982 1.000779 0.243922 -0.003383
77.733333 12.259202 1.000779 0.243803 -0.003380
77.800000 12.263587 1.000778 0.243680 -0.003377
77.866667 12.268137 1.000777 0.243553 -0.003373
77.933333 12.272854 1.000776 0.243421 -0.003369
78.000000 12.277737 1.000775 0.243284 -0.003365
78.066667 12.282787 1.000774 0.243142 -0.003361
78.133333 12.288004 1.000773 0.242996 -0.003357
78.200000 12.293389 1.000772 0.242846 -0.003353
78.266667 12.298942 1.000771 0.242691 -0.003348
78.333333 12.304663 1.000770 0.242531 -0.003344
78.400000 12.310553 1.000769 0.242366 -0.003339
78.466667 12.316612 1.000768 0.242197 -0.003334
78.533333 12.322840 1.000767 0.242024 -0.003329
78.600000 12.329238 1.000766 0.241846 -0.003324
78.666667 12.335805 1.000764 0.241663 -0.003318
78.733333 12.342543 1.000763 0.241475 -0.003313
78.800000 12.349451 1.000762 0.241283 -0.003308
78.866667 12.356530 1.000761 0.241087 -0.003302
78.933333 12.363780 1.000759 0.240886 -0.003296
79.000000 12.371200 1.000758 0.240680 -0.003290
79.066667 12.378793 1.000756 0.240470 -0.003284
79.133333 12.386556 1.000755 0.240255 -0.003278
79.200000 12.394492 1.000754 0.240035 -0.003272
79.266667 12.402599 1.000752 0.239812 -0.003265
79.333333 12.410879 1.000751 0.239583 -0.003259
79.400000 12.419331 1.000749 0.239350 -0.003252
79.466667 12.427955 1.000748 0.239112 -0.003245
79.533333 12.436752 1.000746 0.238870 -0.003239
79.600000 12.445721 1.000744 0.238624 -0.003232
79.666667 12.454864 1.000743 0.238373 -0.003225
79.733333 12.464179 1.000741 0.238117 -0.003217
79.800000 12.473668 1.000739 0.237857 -0.003210
79.866667 12.483329 1.000738 0.237593 -0.003203
79.933333 12.493164 1.000736 0.237324 -0.003195
80.000000 12.503173 1.000734 0.237051 -0.003188
80.066667 12.513354 1.000733 0.236773 -0.003180
80.133333 12.523709 1.000731 0.236491 -0.003172
80.200000 12.534238 1.000729 0.236204 -0.003165
80.266667 12.544940 1.000727 0.235914 -0.003157
80.333333 12.555816 1.000725 0.235618 -0.003149
80.400000 12.566865 1.000723 0.235319 -0.003141
80.466667 12.578088 1.000722 0.235015 -0.003132
80.533333 12.589485 1.000720 0.234707 -0.003124
80.600000 12.601055 1.000718 0.234394 -0.003116
80.666667 12.612800 1.000716 0.234078 -0.003107
80.733333 12.624717 1.000714 0.233757 -0.003099
80.800000 12.636809 1.000712 0.233432 -0.003091
80.866667 12.649074 1.000710 0.233102 -0.003082
80.933333 12.661513 1.000708 0.232769 -0.003073
81.000000 12.674125 1.000706 0.232431 -0.003065
81.066667 12.686911 1.000704 0.232089 -0.003056
81.133333 12.699870 1.000702 0.231743 -0.003047
81.200000 12.713003 1.000700 0.231393 -0.003038
81.266667 12.726310 1.000698 0.231039 -0.003029
81.333333 12.739790 1.000696 0.230680 -0.003021
81.400000 12.753443 1.000694 0.230318 -0.003012
81.466667 12.767270 1.000692 0.229952 -0.003003
81.533333 12.781270 1.000690 0.229581 -0.002994
81.600000 12.795443 1.000687 0.229207 -0.002985
81.666667 12.809789 1.000685 0.228829 -0.002975
81.733333 12.824309 1.000683 0.228447 -0.002966
81.800000 12.839001 1.000681 0.228060 -0.002957
81.866667 12.853867 1.000679 0.227670 -0.002948
81.933333 12.868906 1.000677 0.227277 -0.002939
82.000000 12.884117 1.000675 0.226879 -0.002930
82.066667 12.899502 1.000673 0.226477 -0.002921
82.133333 12.915059 1.000671 0.226072 -0.002911
82.200000 12.930789 1.000668 0.225663 -0.002902
82.266667 12.946691 1.000666 0.225250 -0.002893
82.333333 12.962767 1.000664 0.224834 -0.002884
82.400000 12.979015 1.000662 0.224414 -0.002875
82.466667 12.995435 1.000660 0.223990 -0.002865
82.533333 13.012028 1.000658 0.223562 -0.002856
82.600000 13.028794 1.000656 0.223131 -0.002847
82.666667 13.045732 1.000654 0.222697 -0.002838
82.733333 13.062842 1.000652 0.222258 -0.002829
82.800000 13.080125 1.000649 0.221816 -0.002820
82.866667 13.097580 1.000647 0.221371 -0.002811
82.933333 13.115208 1.000645 0.220922 -0.002802
83.000000 13.133008 1.000643 0.220470 -0.002793
83.066667 13.150981 1.000641 0.220014 -0.002784
83.133333 13.169126 1.000639 0.219555 -0.002775
83.200000 13.187443 1.000637 0.219093 -0.002766
83.266667 13.205933 1.000635 0.218627 -0.002757
83.333333 13.224595 1.000633 0.218158 -0.002748
83.400000 13.243429 1.000631 0.217685 -0.002739
83.466667 13.262437 1.000629 0.217209 -0.002731
83.533333 13.281616 1.000627 0.216730 -0.002722
83.600000 13.300969 1.000625 0.216248 -0.002713
83.666667 13.320494 1.000623 0.215762 -0.002705
83.733333 13.340192 1.000621 0.215273 -0.002696
83.800000 13.360063 1.000619 0.214781 -0.002688
83.866667 13.380107 1.000617 0.214286 -0.002679
83.933333 13.400324 1.000615 0.213788 -0.002671
84.000000 13.420714 1.000613 0.213287 -0.002663
84.066667 13.441277 1.000611 0.212783 -0.002655
84.133333 13.462014 1.000610 0.212275 -0.002647
84.200000 13.482925 1.000608 0.211765 -0.002638
84.266667 13.504009 1.000606 0.211251 -0.002631
84.333333 13.525267 1.000604 0.210735 -0.002623
84.400000 13.546700 1.000602 0.210216 -0.002615
84.466667 13.568306 1.000601 0.209693 -0.002607
84.533333 13.590087 1.000599 0.209168 -0.002600
84.600000 13.612043 1.000597 0.208640 -0.002592
84.666667 13.634174 1.000595 0.208109 -0.002585
84.733333 13.656480 1.000594 0.207575 -0.002577
84.800000 13.678962 1.000592 0.207039 -0.002570
84.866667 13.701619 1.000590 0.206500 -0.002563
84.933333 13.724453 1.000589 0.205957 -0.002556
85.000000 13.747462 1.000587 0.205413 -0.002549
85.066667 13.770649 1.000586 0.204865 -0.002542
85.133333 13.794012 1.000584 0.204315 -0.002535
85.200000 13.817552 1.000582 0.203762 -0.002529
85.266667 13.841270 1.000581 0.203206 -0.002522
85.333333 13.865166 1.000579 0.202648 -0.002516
85.400000 13.889240 1.000578 0.202087 -0.002510
85.466667 13.913493 1.000577 0.201523 -0.002503
85.533333 13.937925 1.000575 0.200957 -0.002497
85.600000 13.962537 1.000574 0.200389 -0.002492
85.666667 13.987328 1.000573 0.199818 -0.002486
85.733333 14.012300 1.000571 0.199244 -0.002480
85.800000 14.037452 1.000570 0.198668 -0.002474
85.866667 14.062786 1.000569 0.198089 -0.002469
85.933333 14.088301 1.000567 0.197508 -0.002464
86.000000 14.113999 1.000566 0.196925 -0.002459
86.066667 14.139879 1.000565 0.196339 -0.002454
86.133333 14.165942 1.000564 0.195751 -0.002449
86.200000 14.192189 1.000563 0.195160 -0.002444
86.266667 14.218620 1.000562 0.194567 -0.002439
86.333333 14.245235 1.000561 0.193972 -0.002435
86.400000 14.272036 1.000560 0.193374 -0.002430
86.466667 14.299023 1.000559 0.192774 -0.002426
86.533333 14.326196 1.000558 0.192172 -0.002422
86.600000 14.353555 1.000557 0.191568 -0.002418
86.666667 14.381102 1.000556 0.190961 -0.002414
86.733333 14.408838 1.000555 0.190352 -0.002411
86.800000 14.436761 1.000554 0.189741 -0.002407
86.866667 14.464874 1.000554 0.189128 -0.002404
86.933333 14.493177 1.000553 0.188513 -0.002400
87.000000 14.521670 1.000552 0.187896 -0.002397
87.066667 14.550354 1.000552 0.187276 -0.002394
87.133333 14.579230 1.000551 0.186655 -0.002392
87.200000 14.608298 1.000550 0.186031 -0.002389
87.266667 14.637558 1.000550 0.185405 -0.002387
87.333333 14.667012 1.000549 0.184778 -0.002384
87.400000 14.696660 1.000549 0.184148 -0.002382
87.466667 14.726503 1.000548 0.183516 -0.002380
87.533333 14.756542 1.000548 0.182883 -0.002378
87.600000 14.786776 1.000547 0.182247 -0.002376
87.666667 14.817206 1.000547 0.181610 -0.002375
87.733333 14.847834 1.000547 0.180971 -0.002373
87.800000 14.878659 1.000546 0.180330 -0.002372
87.866667 14.909683 1.000546 0.179687 -0.002371
87.933333 14.940906 1.000546 0.179042 -0.002370
88.000000 14.972329 1.000546 0.178395 -0.002369
88.066667 15.003951 1.000546 0.177747 -0.002369
88.133333 15.035775 1.000545 0.177097 -0.002368
88.200000 15.067799 1.000545 0.176445 -0.002368
88.266667 15.100026 1.000545 0.175792 -0.002368
88.333333 15.132455 1.000545 0.175137 -0.002368
88.400000 15.165087 1.000545 0.174480 -0.002368
88.466667 15.197922 1.000545 0.173822 -0.002368
88.533333 15.230961 1.000546 0.173162 -0.002369
88.600000 15.264205 1.000546 0.172500 -0.002369
88.666667 15.297654 1.000546 0.171837 -0.002370
88.733333 15.331308 1.000546 0.171173 -0.002371
88.800000 15.365168 1.000546 0.170507 -0.002372
88.866667 15.399234 1.000547 0.169839 -0.002373
88.933333 15.433507 1.000547 0.169171 -0.002375
89.000000 15.467987 1.000547 0.168500 -0.002376
89.066667 15.502674 1.000548 0.167829 -0.002378
89.133333 15.537569 1.000548 0.167156 -0.002380
89.200000 15.572672 1.000549 0.166482 -0.002382
89.266667 15.607982 1.000549 0.165806 -0.002384
89.333333 15.643502 1.000550 0.165130 -0.002386
89.400000 15.679229 1.000550 0.164452 -0.002388
89.466667 15.715166 1.000551 0.163773 -0.002391
89.533333 15.751311 1.000551 0.163093 -0.002394
89.600000 15.787666 1.000552 0.162411 -0.002397
89.666667 15.824229 1.000553 0.161729 -0.002400
89.733333 15.861001 1.000553 0.161046 -0.002403
89.800000 15.897982 1.000554 0.160362 -0.002406
89.866667 15.935171 1.000555 0.159677 -0.002409
89.933333 15.972570 1.000556 0.158991 -0.002413
90.000000 16.010176 1.000557 0.158304 -0.002417
90.066667 16.047991 1.000558 0.157616 -0.002420
90.133333 16.086014 1.000558 0.156928 -0.002424
90.200000 16.124244 1.000559 0.156238 -0.002429
90.266667 16.162681 1.000560 0.155549 -0.002433
90.333333 16.201325 1.000561 0.154858 -0.002437
90.400000 16.240174 1.000562 0.154167 -0.002442
90.466667 16.279229 1.000563 0.153475 -0.002446
90.533333 16.318489 1.000565 0.152783 -0.002451
90.600000 16.357952 1.000566 0.152091 -0.002456
90.666667 16.397619 1.000567 0.151398 -0.002461
90.733333 16.437488 1.000568 0.150704 -0.002466
90.800000 16.477557 1.000569 0.150011 -0.002471
90.866667 16.517827 1.000570 0.149317 -0.002476
90.933333 16.558296 1.000572 0.148623 -0.002482
91.000000 16.598963 1.000573 0.147929 -0.002487
91.066667 16.639825 1.000574 0.147234 -0.002493
91.133333 16.680883 1.000576 0.146540 -0.002499
91.200000 16.722134 1.000577 0.145846 -0.002505
91.266667 16.763576 1.000578 0.145151 -0.002511
91.333333 16.805209 1.000580 0.144457 -0.002517
91.400000 16.847030 1.000581 0.143763 -0.002523
91.466667 16.889036 1.000583 0.143070 -0.002529
91.533333 16.931227 1.000584 0.142377 -0.002535
91.600000 16.973599 1.000585 0.141684 -0.002542
91.666667 17.016151 1.000587 0.140991 -0.002548
91.733333 17.058880 1.000589 0.140299 -0.002555
91.800000 17.101784 1.000590 0.139608 -0.002562
91.866667 17.144859 1.000592 0.138918 -0.002569
91.933333 17.188103 1.000593 0.138228 -0.002576
92.000000 17.231513 1.000595 0.137539 -0.002582
92.066667 17.275086 1.000596 0.136850 -0.002590
92.133333 17.318818 1.000598 0.136163 -0.002597
92.200000 17.362706 1.000600 0.135477 -0.002604
92.266667 17.406747 1.000601 0.134792 -0.002611
92.333333 17.450936 1.000603 0.134108 -0.002618
92.400000 17.495269 1.000605 0.133425 -0.002626
92.466667 17.539744 1.000607 0.132743 -0.002633
92.533333 17.584354 1.000608 0.132063 -0.002641
92.600000 17.629096 1.000610 0.131385 -0.002648
92.666667 17.673965 1.000612 0.130708 -0.002656
92.733333 17.718956 1.000614 0.130033 -0.002664
92.800000 17.764064 1.000615 0.129359 -0.002671
92.866667 17.809284 1.000617 0.128687 -0.002679
92.933333 17.854610 1.000619 0.128018 -0.002687
93.000000 17.900037 1.000621 0.127350 -0.002695
93.066667 17.945559 1.000623 0.126684 -0.002703
93.133333 17.991168 1.000624 0.126021 -0.002711
93.200000 18.036860 1.000626 0.125359 -0.002719
93.266667 18.082628 1.000628 0.124701 -0.002727
93.333333 18.128463 1.000630 0.124044 -0.002735
93.400000 18.174361 1.000632 0.123391 -0.002743
93.466667 18.220312 1.000634 0.122740 -0.002751
93.533333 18.266310 1.000636 0.122091 -0.002759
93.600000 18.312346 1.000637 0.121446 -0.002767
93.666667 18.358413 1.000639 0.120803 -0.002776
93.733333 18.404502 1.000641 0.120164 -0.002784
93.800000 18.450604 1.000643 0.119528 -0.002792
93.866667 18.496710 1.000645 0.118895 -0.002800
93.933333 18.542811 1.000647 0.118266 -0.002808
94.000000 18.588897 1.000649 0.117640 -0.002817
94.066667 18.634959 1.000651 0.117018 -0.002825
94.133333 18.680985 1.000653 0.116399 -0.002833
94.200000 18.726967 1.000654 0.115785 -0.002841
94.266667 18.772893 1.000656 0.115174 -0.002850
94.333333 18.818751 1.000658 0.114568 -0.002858
94.400000 18.864531 1.000660 0.113966 -0.002866
94.466667 18.910220 1.000662 0.113368 -0.002874
94.533333 18.955807 1.000664 0.112774 -0.002883
94.600000 19.001278 1.000666 0.112185 -0.002891
94.666667 19.046622 1.000668 0.111601 -0.002899
94.733333 19.091826 1.000670 0.111022 -0.002907
94.800000 19.136875 1.000672 0.110448 -0.002915
94.866667 19.181756 1.000673 0.109878 -0.002924
94.933333 19.226455 1.000675 0.109314 -0.002932
95.000000 19.270958 1.000677 0.108756 -0.002940
95.066667 19.315250 1.000679 0.108203 -0.002948
95.133333 19.359315 1.000681 0.107655 -0.002956
95.200000 19.403139 1.000683 0.107113 -0.002964
95.266667 19.446706 1.000685 0.106577 -0.002972
95.333333 19.489999 1.000686 0.106047 -0.002980
95.400000 19.533003 1.000688 0.105524 -0.002988
95.466667 19.575701 1.000690 0.105006 -0.002995
95.533333 19.618075 1.000692 0.104495 -0.003003
95.600000 19.660109 1.000694 0.103991 -0.003011
95.666667 19.701785 1.000695 0.103493 -0.003019
95.733333 19.743085 1.000697 0.103002 -0.003026
95.800000 19.783992 1.000699 0.102518 -0.003034
95.866667 19.824486 1.000701 0.102041 -0.003042
95.933333 19.864549 1.000702 0.101572 -0.003049
96.000000 19.904164 1.000704 0.101109 -0.003057
96.066667 19.943309 1.000706 0.100655 -0.003064
96.133333 19.981968 1.000707 0.100208 -0.003071
96.200000 20.020119 1.000709 0.099769 -0.003079
96.266667 20.057743 1.000711 0.099337 -0.003086
96.333333 20.094822 1.000712 0.098914 -0.003093
96.400000 20.131335 1.000714 0.098499 -0.003100
96.466667 20.167262 1.000716 0.098093 -0.003107
96.533333 20.202583 1.000717 0.097695 -0.003114
96.600000 20.237278 1.000719 0.097305 -0.003121
96.666667 20.271328 1.000720 0.096925 -0.003128
96.733333 20.304712 1.000722 0.096553 -0.003135
96.800000 20.337411 1.000724 0.096190 -0.003141
96.866667 20.369404 1.000725 0.095836 -0.003148
96.933333 20.400671 1.000727 0.095492 -0.003155
97.000000 20.431193 1.000728 0.095157 -0.003161
97.066667 20.460951 1.000730 0.094831 -0.003167
97.133333 20.489924 1.000731 0.094516 -0.003174
97.200000 20.518094 1.000732 0.094210 -0.003180
97.266667 20.545442 1.000734 0.093913 -0.003186
97.333333 20.571949 1.000735 0.093627 -0.003192
97.400000 20.597597 1.000737 0.093351 -0.003198
97.466667 20.622368 1.000738 0.093085 -0.003204
97.533333 20.646244 1.000739 0.092830 -0.003210
97.600000 20.669208 1.000741 0.092585 -0.003216
97.666667 20.691244 1.000742 0.092350 -0.003221
97.733333 20.712335 1.000743 0.092126 -0.003227
97.800000 20.732465 1.000745 0.091913 -0.003232
97.866667 20.751620 1.000746 0.091710 -0.003238
97.933333 20.769784 1.000747 0.091519 -0.003243
98.000000 20.786945 1.000748 0.091338 -0.003248
98.066667 20.803088 1.000749 0.091169 -0.003253
98.133333 20.818200 1.000751 0.091010 -0.003258
98.200000 20.832271 1.000752 0.090863 -0.003263
98.266667 20.845289 1.000753 0.090727 -0.003268
98.333333 20.857243 1.000754 0.090602 -0.003273
98.400000 20.868124 1.000755 0.090489 -0.003278
98.466667 20.877923 1.000756 0.090387 -0.003282
98.533333 20.886632 1.000757 0.090296 -0.003287
98.600000 20.894244 1.000758 0.090217 -0.003291
98.666667 20.900753 1.000759 0.090149 -0.003295
98.733333 20.906152 1.000760 0.090093 -0.003300
98.800000 20.910439 1.000761 0.090049 -0.003304
98.866667 20.913609 1.000762 0.090016 -0.003308
98.933333 20.915659 1.000763 0.089995 -0.003312
99.000000 20.916587 1.000764 0.089985 -0.003316
99.066667 20.916394 1.000765 0.089987 -0.003320
99.133333 20.915078 1.000766 0.090001 -0.003323
99.200000 20.912641 1.000766 0.090026 -0.003327
99.266667 20.909085 1.000767 0.090063 -0.003330
99.333333 20.904411 1.000768 0.090111 -0.003334
99.400000 20.898625 1.000769 0.090171 -0.003337
99.466667 20.891731 1.000769 0.090243 -0.003340
99.533333 20.883733 1.000770 0.090326 -0.003344
99.600000 20.874638 1.000771 0.090421 -0.003347
99.666667 20.864454 1.000772 0.090527 -0.003350
99.733333 20.853187 1.000772 0.090644 -0.003353
99.800000 20.840848 1.000773 0.090773 -0.003356
99.866667 20.827444 1.000774 0.090913 -0.003358
