# z LM (E,E) abs(P1) alpha
0.000000 0.000560 1.000000 0.999936 -0.000000
0.066667 0.002239 1.000001 0.999742 -0.000002
0.133333 0.005037 1.000001 0.999420 -0.000005
0.200000 0.008951 1.000002 0.998970 -0.000009
0.266667 0.013979 1.000004 0.998392 -0.000015
0.333333 0.020117 1.000005 0.997687 -0.000021
0.400000 0.027360 1.000007 0.996855 -0.000029
0.466667 0.035705 1.000009 0.995898 -0.000037
0.533333 0.045145 1.000011 0.994816 -0.000047
0.600000 0.055673 1.000014 0.993611 -0.000058
0.666667 0.067281 1.000016 0.992284 -0.000070
0.733333 0.079962 1.000019 0.990836 -0.000083
0.800000 0.093707 1.000023 0.989270 -0.000097
0.866667 0.108505 1.000026 0.987586 -0.000113
0.933333 0.124345 1.000030 0.985786 -0.000129
1.000000 0.141217 1.000034 0.983873 -0.000146
1.066667 0.159107 1.000038 0.981849 -0.000165
1.133333 0.178003 1.000043 0.979715 -0.000184
1.200000 0.197891 1.000047 0.977475 -0.000205
1.266667 0.218754 1.000052 0.975129 -0.000226
1.333333 0.240578 1.000058 0.972682 -0.000249
1.400000 0.263347 1.000063 0.970136 -0.000273
1.466667 0.287041 1.000069 0.967493 -0.000297
1.533333 0.311643 1.000074 0.964757 -0.000323
1.600000 0.337134 1.000081 0.961930 -0.000349
1.666667 0.363493 1.000087 0.959015 -0.000376
1.733333 0.390698 1.000093 0.956016 -0.000405
1.800000 0.418729 1.000100 0.952936 -0.000434
1.866667 0.447563 1.000107 0.949777 -0.000464
1.933333 0.477174 1.000114 0.946545 -0.000495
2.000000 0.507539 1.000121 0.943242 -0.000527
2.066667 0.538631 1.000129 0.939871 -0.000559
2.133333 0.570425 1.000137 0.936437 -0.000593
2.200000 0.602892 1.000145 0.932944 -0.000627
2.266667 0.636005 1.000153 0.929394 -0.000662
2.333333 0.669734 1.000161 0.925792 -0.000698
2.400000 0.704048 1.000169 0.922142 -0.000735
2.466667 0.738918 1.000178 0.918447 -0.000772
2.533333 0.774310 1.000187 0.914712 -0.000810
2.600000 0.810193 1.000196 0.910941 -0.000848
2.666667 0.846531 1.000205 0.907138 -0.000887
2.733333 0.883293 1.000214 0.903307 -0.000927
2.800000 0.920441 1.000223 0.899452 -0.000968
2.866667 0.957940 1.000232 0.895577 -0.001009
2.933333 0.995754 1.000242 0.891687 -0.001050
3.000000 1.033844 1.000252 0.887785 -0.001092
3.066667 1.072174 1.000261 0.883876 -0.001135
3.133333 1.110704 1.000271 0.879964 -0.001177
3.200000 1.149395 1.000281 0.876053 -0.001221
3.266667 1.188208 1.000291 0.872147 -0.001264
3.333333 1.227102 1.000302 0.868250 -0.001309
3.400000 1.266037 1.000312 0.864367 -0.001353
3.466667 1.304971 1.000322 0.860501 -0.001398
3.533333 1.343864 1.000332 0.856657 -0.001442
3.600000 1.382673 1.000343 0.852838 -0.001488
3.666667 1.421357 1.000353 0.849048 -0.001533
3.733333 1.459874 1.000364 0.845291 -0.001578
3.800000 1.498183 1.000374 0.841571 -0.001624
3.866667 1.536241 1.000385 0.837892 -0.001670
3.933333 1.574007 1.000395 0.834257 -0.001715
4.000000 1.611439 1.000406 0.830669 -0.001761
4.066667 1.648496 1.000416 0.827133 -0.001807
4.133333 1.685137 1.000427 0.823651 -0.001853
4.200000 1.721323 1.000437 0.820227 -0.001898
4.266667 1.757012 1.000448 0.816863 -0.001944
4.333333 1.792167 1.000458 0.813564 -0.001989
4.400000 1.826748 1.000469 0.810331 -0.002034
4.466667 1.860718 1.000479 0.807168 -0.002079
4.533333 1.894041 1.000489 0.804078 -0.002123
4.600000 1.926680 1.000499 0.801062 -0.002168
4.666667 1.958601 1.000510 0.798123 -0.002211
4.733333 1.989770 1.000520 0.795264 -0.002255
4.800000 2.020156 1.000529 0.792487 -0.002298
4.866667 2.049728 1.000539 0.789794 -0.002341
4.933333 2.078455 1.000549 0.787186 -0.002383
5.000000 2.106310 1.000559 0.784665 -0.002424
5.066667 2.133267 1.000568 0.782234 -0.002465
5.133333 2.159299 1.000577 0.779893 -0.002505
5.200000 2.184384 1.000586 0.777644 -0.002545
5.266667 2.208500 1.000595 0.775488 -0.002584
5.333333 2.231627 1.000604 0.773426 -0.002622
5.400000 2.253747 1.000613 0.771459 -0.002659
5.466667 2.274842 1.000621 0.769587 -0.002696
5.533333 2.294898 1.000629 0.767812 -0.002732
5.600000 2.313903 1.000637 0.766134 -0.002767
5.666667 2.331843 1.000645 0.764553 -0.002801
5.733333 2.348710 1.000653 0.763070 -0.002834
5.800000 2.364497 1.000660 0.761685 -0.002866
5.866667 2.379196 1.000667 0.760397 -0.002897
5.933333 2.392803 1.000674 0.759206 -0.002927
6.000000 2.405316 1.000681 0.758113 -0.002956
6.066667 2.416733 1.000687 0.757118 -0.002984
6.133333 2.427055 1.000694 0.756218 -0.003010
6.200000 2.436283 1.000699 0.755415 -0.003036
6.266667 2.444421 1.000705 0.754708 -0.003060
6.333333 2.451473 1.000710 0.754095 -0.003083
6.400000 2.457446 1.000715 0.753577 -0.003105
6.466667 2.462347 1.000720 0.753152 -0.003126
6.533333 2.466184 1.000725 0.752819 -0.003145
6.600000 2.468968 1.000729 0.752578 -0.003163
6.666667 2.470708 1.000733 0.752427 -0.003180
6.733333 2.471416 1.000736 0.752366 -0.003195
6.800000 2.471106 1.000739 0.752393 -0.003209
6.866667 2.469790 1.000742 0.752507 -0.003221
6.933333 2.467482 1.000745 0.752707 -0.003233
7.000000 2.464198 1.000747 0.752992 -0.003242
7.066667 2.459953 1.000749 0.753360 -0.003251
7.133333 2.454763 1.000751 0.753810 -0.003258
7.200000 2.448644 1.000752 0.754341 -0.003263
7.266667 2.441612 1.000753 0.754952 -0.003267
7.333333 2.433687 1.000753 0.755641 -0.003270
7.400000 2.424883 1.000754 0.756408 -0.003271
7.466667 2.415221 1.000754 0.757249 -0.003270
7.533333 2.404716 1.000753 0.758166 -0.003268
7.600000 2.393387 1.000752 0.759155 -0.003265
7.666667 2.381253 1.000751 0.760217 -0.003260
7.733333 2.368331 1.000750 0.761348 -0.003254
7.800000 2.354640 1.000748 0.762549 -0.003246
7.866667 2.340197 1.000746 0.763818 -0.003237
7.933333 2.325020 1.000743 0.765154 -0.003227
8.000000 2.309128 1.000741 0.766555 -0.003214
8.066667 2.292538 1.000738 0.768021 -0.003201
8.133333 2.275268 1.000734 0.769550 -0.003186
8.200000 2.257335 1.000730 0.771140 -0.003170
8.266667 2.238757 1.000726 0.772791 -0.003152
8.333333 2.219552 1.000722 0.774502 -0.003133
8.400000 2.199735 1.000717 0.776271 -0.003113
8.466667 2.179325 1.000712 0.778097 -0.003091
8.533333 2.158338 1.000707 0.779979 -0.003068
8.600000 2.136790 1.000701 0.781917 -0.003044
8.666667 2.114699 1.000695 0.783908 -0.003018
8.733333 2.092080 1.000689 0.785952 -0.002991
8.800000 2.068950 1.000683 0.788048 -0.002963
8.866667 2.045325 1.000676 0.790194 -0.002934
8.933333 2.021221 1.000669 0.792390 -0.002904
9.000000 1.996654 1.000662 0.794634 -0.002872
9.066667 1.971639 1.000654 0.796926 -0.002840
9.133333 1.946194 1.000647 0.799264 -0.002806
9.200000 1.920333 1.000639 0.801647 -0.002772
9.266667 1.894073 1.000630 0.804075 -0.002736
9.333333 1.867428 1.000622 0.806545 -0.002700
9.400000 1.840416 1.000613 0.809057 -0.002662
9.466667 1.813052 1.000605 0.811610 -0.002624
9.533333 1.785351 1.000596 0.814203 -0.002585
9.600000 1.757331 1.000586 0.816833 -0.002545
9.666667 1.729006 1.000577 0.819501 -0.002505
9.733333 1.700393 1.000568 0.822205 -0.002463
9.800000 1.671508 1.000558 0.824944 -0.002421
9.866667 1.642369 1.000548 0.827716 -0.002379
9.933333 1.612990 1.000538 0.830521 -0.002336
10.000000 1.583389 1.000528 0.833356 -0.002292
10.066667 1.553584 1.000518 0.836221 -0.002248
10.133333 1.523590 1.000508 0.839113 -0.002203
10.200000 1.493424 1.000497 0.842032 -0.002158
10.266667 1.463106 1.000487 0.844977 -0.002113
10.333333 1.432650 1.000476 0.847945 -0.002068
10.400000 1.402077 1.000466 0.850935 -0.002022
10.466667 1.371403 1.000455 0.853945 -0.001976
10.533333 1.340646 1.000445 0.856974 -0.001929
10.600000 1.309825 1.000434 0.860020 -0.001883
10.666667 1.278958 1.000423 0.863082 -0.001837
10.733333 1.248064 1.000412 0.866157 -0.001790
10.800000 1.217162 1.000402 0.869244 -0.001744
10.866667 1.186270 1.000391 0.872341 -0.001697
10.933333 1.155407 1.000380 0.875447 -0.001651
11.000000 1.124594 1.000370 0.878558 -0.001605
11.066667 1.093849 1.000359 0.881673 -0.001559
11.133333 1.063191 1.000349 0.884790 -0.001513
11.200000 1.032641 1.000338 0.887908 -0.001468
11.266667 1.002219 1.000328 0.891023 -0.001423
11.333333 0.971943 1.000317 0.894134 -0.001378
11.400000 0.941835 1.000307 0.897239 -0.001333
11.466667 0.911913 1.000297 0.900335 -0.001289
11.533333 0.882199 1.000287 0.903421 -0.001246
11.600000 0.852712 1.000277 0.906493 -0.001203
11.666667 0.823473 1.000267 0.909550 -0.001160
11.733333 0.794501 1.000258 0.912588 -0.001119
11.800000 0.765818 1.000248 0.915607 -0.001077
11.866667 0.737442 1.000239 0.918603 -0.001037
11.933333 0.709395 1.000230 0.921574 -0.000997
12.000000 0.681696 1.000221 0.924518 -0.000957
12.066667 0.654366 1.000212 0.927431 -0.000919
12.133333 0.627424 1.000203 0.930312 -0.000881
12.200000 0.600890 1.000195 0.933159 -0.000844
12.266667 0.574785 1.000186 0.935967 -0.000808
12.333333 0.549128 1.000178 0.938736 -0.000773
12.400000 0.523938 1.000170 0.941463 -0.000738
12.466667 0.499236 1.000163 0.944144 -0.000705
12.533333 0.475040 1.000155 0.946778 -0.000672
12.600000 0.451369 1.000148 0.949361 -0.000641
12.666667 0.428243 1.000141 0.951892 -0.000610
12.733333 0.405681 1.000134 0.954368 -0.000580
12.800000 0.383700 1.000127 0.956786 -0.000552
12.866667 0.362319 1.000121 0.959145 -0.000524
12.933333 0.341556 1.000115 0.961440 -0.000497
13.000000 0.321430 1.000109 0.963670 -0.000472
13.066667 0.301958 1.000103 0.965833 -0.000447
13.133333 0.283157 1.000098 0.967926 -0.000424
13.200000 0.265045 1.000093 0.969946 -0.000401
13.266667 0.247637 1.000088 0.971892 -0.000380
13.333333 0.230952 1.000083 0.973761 -0.000360
13.400000 0.215005 1.000079 0.975551 -0.000341
13.466667 0.199811 1.000074 0.977258 -0.000323
13.533333 0.185388 1.000071 0.978883 -0.000306
13.600000 0.171749 1.000067 0.980421 -0.000290
13.666667 0.158910 1.000064 0.981871 -0.000275
13.733333 0.146885 1.000060 0.983231 -0.000262
13.800000 0.135690 1.000058 0.984500 -0.000250
13.866667 0.125336 1.000055 0.985674 -0.000238
13.933333 0.115839 1.000053 0.986752 -0.000228
14.000000 0.107211 1.000051 0.987733 -0.000219
14.066667 0.099466 1.000049 0.988614 -0.000211
14.133333 0.092614 1.000047 0.989394 -0.000205
14.200000 0.086668 1.000046 0.990072 -0.000199
14.266667 0.081640 1.000045 0.990645 -0.000195
14.333333 0.077541 1.000044 0.991112 -0.000192
14.400000 0.074381 1.000044 0.991473 -0.000189
14.466667 0.072170 1.000044 0.991726 -0.000188
14.533333 0.070919 1.000044 0.991868 -0.000188
14.600000 0.070635 1.000044 0.991901 -0.000189
14.666667 0.071329 1.000044 0.991822 -0.000192
14.733333 0.073007 1.000045 0.991630 -0.000195
14.800000 0.075678 1.000046 0.991325 -0.000199
14.866667 0.079349 1.000047 0.990906 -0.000205
14.933333 0.084027 1.000049 0.990373 -0.000211
15.000000 0.089717 1.000051 0.989724 -0.000218
15.066667 0.096425 1.000052 0.988960 -0.000227
15.133333 0.104156 1.000055 0.988080 -0.000236
15.200000 0.112913 1.000057 0.987085 -0.000247
15.266667 0.122702 1.000060 0.985973 -0.000258
15.333333 0.133523 1.000063 0.984745 -0.000271
15.400000 0.145381 1.000066 0.983402 -0.000284
15.466667 0.158276 1.000069 0.981943 -0.000299
15.533333 0.172210 1.000072 0.980369 -0.000314
15.600000 0.187181 1.000076 0.978681 -0.000330
15.666667 0.203191 1.000080 0.976878 -0.000347
15.733333 0.220237 1.000084 0.974963 -0.000365
15.800000 0.238317 1.000089 0.972936 -0.000384
15.866667 0.257428 1.000093 0.970797 -0.000404
15.933333 0.277567 1.000098 0.968549 -0.000424
16.000000 0.298728 1.000103 0.966192 -0.000445
16.066667 0.320905 1.000108 0.963729 -0.000468
16.133333 0.344093 1.000113 0.961159 -0.000490
16.200000 0.368282 1.000119 0.958486 -0.000514
16.266667 0.393465 1.000124 0.955711 -0.000539
16.333333 0.419632 1.000130 0.952836 -0.000564
16.400000 0.446772 1.000136 0.949864 -0.000589
16.466667 0.474873 1.000142 0.946796 -0.000616
16.533333 0.503922 1.000148 0.943635 -0.000643
16.600000 0.533904 1.000155 0.940383 -0.000671
16.666667 0.564804 1.000161 0.937044 -0.000699
16.733333 0.596604 1.000168 0.933619 -0.000728
16.800000 0.629288 1.000175 0.930113 -0.000758
16.866667 0.662834 1.000182 0.926527 -0.000788
16.933333 0.697222 1.000189 0.922866 -0.000819
17.000000 0.732431 1.000196 0.919133 -0.000850
17.066667 0.768435 1.000203 0.915331 -0.000882
17.133333 0.805209 1.000211 0.911464 -0.000914
17.200000 0.842727 1.000218 0.907536 -0.000946
17.266667 0.880960 1.000226 0.903550 -0.000980
17.333333 0.919877 1.000233 0.899510 -0.001013
17.400000 0.959447 1.000241 0.895422 -0.001047
17.466667 0.999636 1.000249 0.891288 -0.001081
17.533333 1.040409 1.000257 0.887114 -0.001116
17.600000 1.081730 1.000265 0.882904 -0.001150
17.666667 1.123558 1.000273 0.878663 -0.001186
17.733333 1.165854 1.000281 0.874394 -0.001221
17.800000 1.208575 1.000290 0.870104 -0.001257
17.866667 1.251678 1.000298 0.865797 -0.001292
17.933333 1.295115 1.000306 0.861478 -0.001328
18.000000 1.338840 1.000314 0.857152 -0.001365
18.066667 1.382803 1.000323 0.852825 -0.001401
18.133333 1.426953 1.000331 0.848501 -0.001437
18.200000 1.471236 1.000340 0.844186 -0.001474
18.266667 1.515598 1.000348 0.839886 -0.001511
18.333333 1.559983 1.000357 0.835605 -0.001547
18.400000 1.604332 1.000365 0.831349 -0.001584
18.466667 1.648587 1.000373 0.827124 -0.001620
18.533333 1.692687 1.000382 0.822935 -0.001657
18.600000 1.736569 1.000390 0.818788 -0.001693
18.666667 1.780170 1.000399 0.814688 -0.001730
18.733333 1.823426 1.000407 0.810641 -0.001766
18.800000 1.866271 1.000415 0.806652 -0.001802
18.866667 1.908640 1.000424 0.802727 -0.001838
18.933333 1.950465 1.000432 0.798871 -0.001874
19.000000 1.991680 1.000440 0.795089 -0.001909
19.066667 2.032216 1.000448 0.791388 -0.001944
19.133333 2.072007 1.000456 0.787770 -0.001979
19.200000 2.110985 1.000464 0.784243 -0.002014
19.266667 2.149083 1.000472 0.780811 -0.002048
19.333333 2.186235 1.000480 0.777478 -0.002082
19.400000 2.222375 1.000487 0.774250 -0.002115
19.466667 2.257439 1.000495 0.771131 -0.002148
19.533333 2.291365 1.000503 0.768125 -0.002181
19.600000 2.324090 1.000510 0.765236 -0.002213
19.666667 2.355556 1.000517 0.762469 -0.002245
19.733333 2.385706 1.000524 0.759827 -0.002276
19.800000 2.414485 1.000531 0.757314 -0.002306
19.866667 2.441841 1.000538 0.754932 -0.002336
19.933333 2.467726 1.000545 0.752686 -0.002365
20.000000 2.492093 1.000552 0.750577 -0.002394
20.066667 2.514900 1.000558 0.748609 -0.002422
20.133333 2.536110 1.000564 0.746783 -0.002449
20.200000 2.555686 1.000570 0.745102 -0.002476
20.266667 2.573599 1.000576 0.743567 -0.002501
20.333333 2.589822 1.000582 0.742179 -0.002526
20.400000 2.604333 1.000588 0.740941 -0.002551
20.466667 2.617114 1.000593 0.739851 -0.002574
20.533333 2.628152 1.000598 0.738911 -0.002597
20.600000 2.637438 1.000603 0.738122 -0.002618
20.666667 2.644968 1.000608 0.737482 -0.002639
20.733333 2.650743 1.000613 0.736992 -0.002659
20.800000 2.654768 1.000617 0.736651 -0.002678
20.866667 2.657051 1.000621 0.736457 -0.002696
20.933333 2.657608 1.000625 0.736410 -0.002714
21.000000 2.656455 1.000629 0.736508 -0.002730
21.066667 2.653616 1.000632 0.736748 -0.002745
21.133333 2.649116 1.000636 0.737130 -0.002759
21.200000 2.642985 1.000639 0.737651 -0.002772
21.266667 2.635257 1.000642 0.738307 -0.002785
21.333333 2.625969 1.000644 0.739097 -0.002796
21.400000 2.615160 1.000646 0.740018 -0.002806
21.466667 2.602873 1.000649 0.741065 -0.002815
21.533333 2.589154 1.000650 0.742237 -0.002823
21.600000 2.574050 1.000652 0.743528 -0.002829
21.666667 2.557610 1.000653 0.744937 -0.002835
21.733333 2.539887 1.000654 0.746458 -0.002840
21.800000 2.520933 1.000655 0.748089 -0.002843
21.866667 2.500802 1.000656 0.749825 -0.002846
21.933333 2.479550 1.000656 0.751662 -0.002847
22.000000 2.457233 1.000656 0.753596 -0.002847
22.066667 2.433906 1.000656 0.755622 -0.002846
22.133333 2.409627 1.000655 0.757737 -0.002844
22.200000 2.384453 1.000654 0.759937 -0.002840
22.266667 2.358440 1.000653 0.762216 -0.002836
22.333333 2.331643 1.000652 0.764571 -0.002830
22.400000 2.304119 1.000651 0.766998 -0.002824
22.466667 2.275922 1.000649 0.769492 -0.002816
22.533333 2.247107 1.000647 0.772049 -0.002807
22.600000 2.217726 1.000644 0.774665 -0.002797
22.666667 2.187831 1.000642 0.777335 -0.002786
22.733333 2.157472 1.000639 0.780057 -0.002774
22.800000 2.126698 1.000636 0.782826 -0.002760
22.866667 2.095558 1.000633 0.785637 -0.002746
22.933333 2.064096 1.000629 0.788488 -0.002731
23.000000 2.032357 1.000625 0.791375 -0.002714
23.066667 2.000385 1.000621 0.794293 -0.002697
23.133333 1.968220 1.000617 0.797240 -0.002678
23.200000 1.935901 1.000613 0.800212 -0.002658
23.266667 1.903466 1.000608 0.803206 -0.002638
23.333333 1.870951 1.000603 0.806218 -0.002616
23.400000 1.838389 1.000598 0.809246 -0.002594
23.466667 1.805814 1.000592 0.812287 -0.002571
23.533333 1.773256 1.000587 0.815337 -0.002546
23.600000 1.740744 1.000581 0.818395 -0.002521
23.666667 1.708304 1.000575 0.821457 -0.002495
23.733333 1.675963 1.000569 0.824521 -0.002469
23.800000 1.643744 1.000562 0.827585 -0.002441
23.866667 1.611670 1.000556 0.830647 -0.002413
23.933333 1.579762 1.000549 0.833704 -0.002384
24.000000 1.548039 1.000542 0.836755 -0.002354
24.066667 1.516518 1.000535 0.839797 -0.002323
24.133333 1.485218 1.000528 0.842828 -0.002292
24.200000 1.454152 1.000521 0.845848 -0.002260
24.266667 1.423335 1.000513 0.848854 -0.002228
24.333333 1.392780 1.000506 0.851846 -0.002195
24.400000 1.362498 1.000498 0.854821 -0.002161
24.466667 1.332501 1.000490 0.857778 -0.002127
24.533333 1.302796 1.000482 0.860717 -0.002093
24.600000 1.273395 1.000474 0.863635 -0.002058
24.666667 1.244303 1.000466 0.866532 -0.002023
24.733333 1.215529 1.000458 0.869408 -0.001987
24.800000 1.187077 1.000450 0.872260 -0.001952
24.866667 1.158954 1.000441 0.875089 -0.001915
24.933333 1.131165 1.000433 0.877893 -0.001879
25.000000 1.103713 1.000425 0.880672 -0.001842
25.066667 1.076603 1.000416 0.883425 -0.001806
25.133333 1.049837 1.000408 0.886152 -0.001769
25.200000 1.023418 1.000399 0.888851 -0.001732
25.266667 0.997349 1.000391 0.891523 -0.001695
25.333333 0.971633 1.000382 0.894166 -0.001658
25.400000 0.946269 1.000373 0.896781 -0.001621
25.466667 0.921261 1.000365 0.899367 -0.001584
25.533333 0.896610 1.000357 0.901923 -0.001547
25.600000 0.872317 1.000348 0.904449 -0.001511
25.666667 0.848383 1.000340 0.906945 -0.001474
25.733333 0.824809 1.000331 0.909410 -0.001438
25.800000 0.801597 1.000323 0.911843 -0.001402
25.866667 0.778748 1.000315 0.914245 -0.001366
25.933333 0.756264 1.000307 0.916615 -0.001331
26.000000 0.734145 1.000299 0.918952 -0.001296
26.066667 0.712393 1.000291 0.921256 -0.001261
26.133333 0.691010 1.000283 0.923527 -0.001227
26.200000 0.669998 1.000275 0.925764 -0.001193
26.266667 0.649359 1.000267 0.927966 -0.001160
26.333333 0.629095 1.000260 0.930133 -0.001128
26.400000 0.609209 1.000253 0.932265 -0.001096
26.466667 0.589705 1.000245 0.934361 -0.001064
26.533333 0.570584 1.000238 0.936420 -0.001033
26.600000 0.551851 1.000231 0.938442 -0.001003
26.666667 0.533510 1.000224 0.940426 -0.000974
26.733333 0.515565 1.000218 0.942371 -0.000945
26.800000 0.498020 1.000211 0.944276 -0.000917
26.866667 0.480880 1.000205 0.946141 -0.000890
26.933333 0.464151 1.000199 0.947965 -0.000864
27.000000 0.447838 1.000193 0.949747 -0.000839
27.066667 0.431947 1.000188 0.951487 -0.000814
27.133333 0.416485 1.000182 0.953182 -0.000790
27.200000 0.401458 1.000177 0.954832 -0.000767
27.266667 0.386873 1.000172 0.956437 -0.000746
27.333333 0.372738 1.000167 0.957995 -0.000725
27.400000 0.359060 1.000162 0.959504 -0.000705
27.466667 0.345848 1.000158 0.960965 -0.000686
27.533333 0.333110 1.000154 0.962375 -0.000668
27.600000 0.320855 1.000150 0.963734 -0.000651
27.666667 0.309091 1.000146 0.965040 -0.000635
27.733333 0.297828 1.000143 0.966292 -0.000620
27.800000 0.287076 1.000140 0.967489 -0.000606
27.866667 0.276844 1.000137 0.968630 -0.000593
27.933333 0.267142 1.000134 0.969712 -0.000581
28.000000 0.257981 1.000132 0.970736 -0.000571
28.066667 0.249371 1.000129 0.971698 -0.000561
28.133333 0.241323 1.000127 0.972599 -0.000553
28.200000 0.233848 1.000126 0.973436 -0.000545
28.266667 0.226956 1.000124 0.974209 -0.000539
28.333333 0.220658 1.000123 0.974916 -0.000534
28.400000 0.214967 1.000122 0.975555 -0.000529
28.466667 0.209893 1.000121 0.976125 -0.000526
28.533333 0.205447 1.000121 0.976625 -0.000524
28.600000 0.201640 1.000121 0.977053 -0.000523
28.666667 0.198485 1.000121 0.977408 -0.000524
28.733333 0.195993 1.000121 0.977688 -0.000525
28.800000 0.194174 1.000122 0.977893 -0.000527
28.866667 0.193041 1.000122 0.978020 -0.000530
28.933333 0.192604 1.000123 0.978070 -0.000535
29.000000 0.192874 1.000125 0.978039 -0.000540
29.066667 0.193863 1.000126 0.977928 -0.000546
29.133333 0.195581 1.000128 0.977734 -0.000554
29.200000 0.198039 1.000130 0.977458 -0.000562
29.266667 0.201248 1.000132 0.977097 -0.000571
29.333333 0.205217 1.000134 0.976650 -0.000581
29.400000 0.209956 1.000137 0.976118 -0.000593
29.466667 0.215476 1.000139 0.975498 -0.000605
29.533333 0.221786 1.000142 0.974789 -0.000618
29.600000 0.228895 1.000146 0.973992 -0.000631
29.666667 0.236811 1.000149 0.973104 -0.000646
29.733333 0.245544 1.000153 0.972127 -0.000662
29.800000 0.255101 1.000156 0.971058 -0.000678
29.866667 0.265489 1.000160 0.969897 -0.000695
29.933333 0.276717 1.000164 0.968644 -0.000713
30.000000 0.288790 1.000169 0.967298 -0.000731
30.066667 0.301716 1.000173 0.965860 -0.000751
30.133333 0.315499 1.000178 0.964329 -0.000770
30.200000 0.330144 1.000182 0.962704 -0.000791
30.266667 0.345658 1.000187 0.960986 -0.000812
30.333333 0.362042 1.000192 0.959175 -0.000834
30.400000 0.379302 1.000197 0.957271 -0.000857
30.466667 0.397438 1.000203 0.955274 -0.000879
30.533333 0.416455 1.000208 0.953185 -0.000903
30.600000 0.436352 1.000214 0.951004 -0.000927
30.666667 0.457130 1.000219 0.948732 -0.000951
30.733333 0.478789 1.000225 0.946369 -0.000976
30.800000 0.501328 1.000231 0.943917 -0.001002
30.866667 0.524745 1.000237 0.941375 -0.001027
30.933333 0.549038 1.000243 0.938746 -0.001053
31.000000 0.574201 1.000249 0.936030 -0.001080
31.066667 0.600231 1.000255 0.933229 -0.001106
31.133333 0.627123 1.000261 0.930345 -0.001133
31.200000 0.654868 1.000267 0.927378 -0.001160
31.266667 0.683459 1.000274 0.924330 -0.001188
31.333333 0.712888 1.000280 0.921204 -0.001215
31.400000 0.743144 1.000286 0.918000 -0.001243
31.466667 0.774216 1.000293 0.914722 -0.001271
31.533333 0.806090 1.000299 0.911372 -0.001299
31.600000 0.838754 1.000306 0.907951 -0.001327
31.666667 0.872192 1.000312 0.904462 -0.001355
31.733333 0.906387 1.000319 0.900908 -0.001384
31.800000 0.941321 1.000325 0.897292 -0.001412
31.866667 0.976974 1.000332 0.893617 -0.001440
31.933333 1.013326 1.000338 0.889885 -0.001468
32.000000 1.050353 1.000345 0.886099 -0.001497
32.066667 1.088031 1.000351 0.882264 -0.001525
32.133333 1.126334 1.000358 0.878382 -0.001553
32.200000 1.165234 1.000364 0.874457 -0.001581
32.266667 1.204701 1.000371 0.870492 -0.001608
32.333333 1.244705 1.000377 0.866492 -0.001636
32.400000 1.285212 1.000383 0.862461 -0.001663
32.466667 1.326186 1.000390 0.858402 -0.001691
32.533333 1.367590 1.000396 0.854320 -0.001718
32.600000 1.409386 1.000402 0.850219 -0.001744
32.666667 1.451533 1.000408 0.846103 -0.001771
32.733333 1.493986 1.000414 0.841978 -0.001797
32.800000 1.536702 1.000420 0.837847 -0.001823
32.866667 1.579633 1.000426 0.833716 -0.001849
32.933333 1.622729 1.000432 0.829590 -0.001874
33.000000 1.665940 1.000438 0.825473 -0.001899
33.066667 1.709212 1.000443 0.821371 -0.001924
33.133333 1.752490 1.000449 0.817289 -0.001948
33.200000 1.795716 1.000454 0.813232 -0.001972
33.266667 1.838832 1.000460 0.809205 -0.001995
33.333333 1.881776 1.000465 0.805214 -0.002018
33.400000 1.924486 1.000470 0.801264 -0.002041
33.466667 1.966897 1.000475 0.797361 -0.002063
33.533333 2.008942 1.000480 0.793511 -0.002085
33.600000 2.050554 1.000485 0.789718 -0.002107
33.666667 2.091665 1.000490 0.785990 -0.002127
33.733333 2.132203 1.000495 0.782330 -0.002148
33.800000 2.172098 1.000499 0.778745 -0.002168
33.866667 2.211278 1.000504 0.775240 -0.002187
33.933333 2.249669 1.000508 0.771821 -0.002206
34.000000 2.287199 1.000512 0.768493 -0.002224
34.066667 2.323793 1.000517 0.765262 -0.002242
34.133333 2.359380 1.000521 0.762133 -0.002259
34.200000 2.393884 1.000524 0.759112 -0.002276
34.266667 2.427236 1.000528 0.756203 -0.002292
34.333333 2.459362 1.000532 0.753411 -0.002308
34.400000 2.490192 1.000535 0.750741 -0.002323
34.466667 2.519658 1.000539 0.748199 -0.002337
34.533333 2.547692 1.000542 0.745788 -0.002351
34.600000 2.574230 1.000545 0.743513 -0.002365
34.666667 2.599210 1.000548 0.741378 -0.002377
34.733333 2.622572 1.000550 0.739386 -0.002389
34.800000 2.644260 1.000553 0.737542 -0.002401
34.866667 2.664221 1.000556 0.735849 -0.002411
34.933333 2.682405 1.000558 0.734310 -0.002421
35.000000 2.698769 1.000560 0.732928 -0.002431
35.066667 2.713271 1.000562 0.731706 -0.002440
35.133333 2.725875 1.000564 0.730645 -0.002448
35.200000 2.736550 1.000566 0.729747 -0.002455
35.266667 2.745270 1.000567 0.729015 -0.002462
35.333333 2.752013 1.000569 0.728449 -0.002468
35.400000 2.756765 1.000570 0.728051 -0.002474
35.466667 2.759513 1.000571 0.727821 -0.002478
35.533333 2.760254 1.000572 0.727758 -0.002482
35.600000 2.758989 1.000573 0.727865 -0.002486
35.666667 2.755722 1.000573 0.728138 -0.002488
35.733333 2.750467 1.000574 0.728579 -0.002490
35.800000 2.743239 1.000574 0.729186 -0.002491
35.866667 2.734062 1.000574 0.729956 -0.002492
35.933333 2.722962 1.000574 0.730890 -0.002492
36.000000 2.709972 1.000574 0.731984 -0.002491
36.066667 2.695130 1.000573 0.733236 -0.002489
36.133333 2.678475 1.000573 0.734643 -0.002486
36.200000 2.660056 1.000572 0.736202 -0.002483
36.266667 2.639920 1.000571 0.737911 -0.002479
36.333333 2.618123 1.000570 0.739765 -0.002475
36.400000 2.594720 1.000569 0.741761 -0.002469
36.466667 2.569772 1.000567 0.743895 -0.002463
36.533333 2.543341 1.000566 0.746162 -0.002456
36.600000 2.515493 1.000564 0.748558 -0.002448
36.666667 2.486294 1.000562 0.751078 -0.002440
36.733333 2.455814 1.000560 0.753719 -0.002431
36.800000 2.424122 1.000558 0.756474 -0.002421
36.866667 2.391291 1.000555 0.759339 -0.002410
36.933333 2.357391 1.000553 0.762308 -0.002399
37.000000 2.322497 1.000550 0.765377 -0.002387
37.066667 2.286681 1.000547 0.768539 -0.002374
37.133333 2.250015 1.000544 0.771790 -0.002360
37.200000 2.212572 1.000540 0.775124 -0.002346
37.266667 2.174425 1.000537 0.778536 -0.002331
37.333333 2.135644 1.000533 0.782020 -0.002315
37.400000 2.096300 1.000530 0.785570 -0.002298
37.466667 2.056461 1.000526 0.789182 -0.002281
37.533333 2.016196 1.000521 0.792848 -0.002263
37.600000 1.975571 1.000517 0.796565 -0.002245
37.666667 1.934651 1.000513 0.800327 -0.002226
37.733333 1.893499 1.000508 0.804128 -0.002206
37.800000 1.852176 1.000504 0.807962 -0.002185
37.866667 1.810742 1.000499 0.811826 -0.002164
37.933333 1.769254 1.000494 0.815713 -0.002142
38.000000 1.727767 1.000488 0.819618 -0.002120
38.066667 1.686335 1.000483 0.823537 -0.002097
38.133333 1.645010 1.000478 0.827465 -0.002074
38.200000 1.603841 1.000472 0.831396 -0.002050
38.266667 1.562874 1.000467 0.835327 -0.002025
38.333333 1.522155 1.000461 0.839252 -0.002000
38.400000 1.481726 1.000455 0.843167 -0.001974
38.466667 1.441629 1.000449 0.847068 -0.001948
38.533333 1.401903 1.000443 0.850952 -0.001922
38.600000 1.362583 1.000437 0.854812 -0.001895
38.666667 1.323704 1.000430 0.858647 -0.001867
38.733333 1.285300 1.000424 0.862452 -0.001840
38.800000 1.247401 1.000417 0.866223 -0.001811
38.866667 1.210035 1.000411 0.869958 -0.001783
38.933333 1.173230 1.000404 0.873652 -0.001754
39.000000 1.137010 1.000397 0.877303 -0.001725
39.066667 1.101400 1.000391 0.880907 -0.001696
39.133333 1.066420 1.000384 0.884462 -0.001666
39.200000 1.032090 1.000377 0.887964 -0.001636
39.266667 0.998430 1.000370 0.891412 -0.001606
39.333333 0.965454 1.000363 0.894803 -0.001576
39.400000 0.933180 1.000356 0.898134 -0.001546
39.466667 0.901620 1.000349 0.901403 -0.001516
39.533333 0.870786 1.000342 0.904609 -0.001485
39.600000 0.840690 1.000335 0.907748 -0.001455
39.666667 0.811342 1.000328 0.910821 -0.001424
39.733333 0.782749 1.000321 0.913824 -0.001394
39.800000 0.754919 1.000314 0.916757 -0.001364
39.866667 0.727858 1.000307 0.919617 -0.001334
39.933333 0.701570 1.000300 0.922405 -0.001303
40.000000 0.676060 1.000293 0.925118 -0.001274
40.066667 0.651330 1.000287 0.927755 -0.001244
40.133333 0.627383 1.000280 0.930317 -0.001214
40.200000 0.604218 1.000273 0.932801 -0.001185
40.266667 0.581837 1.000266 0.935208 -0.001156
40.333333 0.560238 1.000260 0.937536 -0.001128
40.400000 0.539419 1.000253 0.939786 -0.001099
40.466667 0.519379 1.000247 0.941957 -0.001072
40.533333 0.500114 1.000241 0.944049 -0.001044
40.600000 0.481620 1.000234 0.946061 -0.001017
40.666667 0.463894 1.000228 0.947993 -0.000991
40.733333 0.446929 1.000222 0.949847 -0.000965
40.800000 0.430722 1.000217 0.951621 -0.000939
40.866667 0.415265 1.000211 0.953316 -0.000915
40.933333 0.400552 1.000205 0.954932 -0.000890
41.000000 0.386577 1.000200 0.956470 -0.000867
41.066667 0.373332 1.000195 0.957929 -0.000844
41.133333 0.360809 1.000189 0.959311 -0.000822
41.200000 0.349001 1.000185 0.960616 -0.000800
41.266667 0.337899 1.000180 0.961845 -0.000780
41.333333 0.327495 1.000175 0.962998 -0.000760
41.400000 0.317780 1.000171 0.964075 -0.000741
41.466667 0.308745 1.000167 0.965079 -0.000722
41.533333 0.300382 1.000163 0.966008 -0.000705
41.600000 0.292680 1.000159 0.966865 -0.000688
41.666667 0.285631 1.000155 0.967650 -0.000673
41.733333 0.279226 1.000152 0.968364 -0.000658
41.800000 0.273455 1.000149 0.969008 -0.000644
41.866667 0.268310 1.000146 0.969582 -0.000631
41.933333 0.263780 1.000143 0.970088 -0.000620
42.000000 0.259856 1.000140 0.970526 -0.000609
42.066667 0.256530 1.000138 0.970898 -0.000599
42.133333 0.253793 1.000136 0.971204 -0.000590
42.200000 0.251636 1.000134 0.971445 -0.000582
42.266667 0.250051 1.000133 0.971622 -0.000576
42.333333 0.249028 1.000131 0.971737 -0.000570
42.400000 0.248560 1.000130 0.971789 -0.000566
42.466667 0.248639 1.000130 0.971780 -0.000562
42.533333 0.249258 1.000129 0.971711 -0.000560
42.600000 0.250409 1.000129 0.971582 -0.000558
42.666667 0.252085 1.000129 0.971395 -0.000558
42.733333 0.254279 1.000129 0.971149 -0.000559
42.800000 0.256986 1.000129 0.970847 -0.000561
42.866667 0.260199 1.000130 0.970488 -0.000564
42.933333 0.263913 1.000131 0.970073 -0.000568
43.000000 0.268123 1.000132 0.969603 -0.000574
43.066667 0.272823 1.000134 0.969078 -0.000580
43.133333 0.278011 1.000135 0.968500 -0.000587
43.200000 0.283681 1.000137 0.967868 -0.000596
43.266667 0.289831 1.000140 0.967183 -0.000606
43.333333 0.296457 1.000142 0.966445 -0.000616
43.400000 0.303558 1.000145 0.965655 -0.000628
43.466667 0.311130 1.000148 0.964814 -0.000641
43.533333 0.319173 1.000151 0.963921 -0.000655
43.600000 0.327685 1.000154 0.962977 -0.000670
43.666667 0.336665 1.000158 0.961982 -0.000686
43.733333 0.346114 1.000162 0.960936 -0.000703
43.800000 0.356031 1.000166 0.959839 -0.000721
43.866667 0.366416 1.000170 0.958692 -0.000739
43.933333 0.377271 1.000175 0.957495 -0.000759
44.000000 0.388598 1.000180 0.956247 -0.000780
44.066667 0.400397 1.000185 0.954949 -0.000801
44.133333 0.412671 1.000190 0.953600 -0.000824
44.200000 0.425422 1.000195 0.952202 -0.000847
44.266667 0.438654 1.000201 0.950752 -0.000871
44.333333 0.452368 1.000207 0.949252 -0.000896
44.400000 0.466569 1.000212 0.947701 -0.000922
44.466667 0.481260 1.000219 0.946100 -0.000948
44.533333 0.496445 1.000225 0.944447 -0.000975
44.600000 0.512127 1.000231 0.942744 -0.001003
44.666667 0.528311 1.000238 0.940989 -0.001032
44.733333 0.545001 1.000244 0.939182 -0.001061
44.800000 0.562202 1.000251 0.937324 -0.001090
44.866667 0.579917 1.000258 0.935415 -0.001121
44.933333 0.598152 1.000265 0.933453 -0.001151
45.000000 0.616910 1.000273 0.931439 -0.001183
45.066667 0.636196 1.000280 0.929373 -0.001214
45.133333 0.656014 1.000287 0.927255 -0.001247
45.200000 0.676369 1.000295 0.925085 -0.001279
45.266667 0.697263 1.000302 0.922862 -0.001312
45.333333 0.718701 1.000310 0.920587 -0.001345
45.400000 0.740686 1.000318 0.918260 -0.001379
45.466667 0.763221 1.000325 0.915881 -0.001412
45.533333 0.786308 1.000333 0.913450 -0.001446
45.600000 0.809950 1.000341 0.910967 -0.001480
45.666667 0.834149 1.000349 0.908432 -0.001514
45.733333 0.858905 1.000357 0.905847 -0.001549
45.800000 0.884219 1.000365 0.903211 -0.001583
45.866667 0.910091 1.000373 0.900524 -0.001617
45.933333 0.936520 1.000381 0.897788 -0.001652
46.000000 0.963505 1.000388 0.895004 -0.001686
46.066667 0.991042 1.000396 0.892171 -0.001720
46.133333 1.019129 1.000404 0.889290 -0.001754
46.200000 1.047762 1.000412 0.886364 -0.001788
46.266667 1.076935 1.000420 0.883392 -0.001822
46.333333 1.106642 1.000427 0.880375 -0.001855
46.400000 1.136875 1.000435 0.877316 -0.001888
46.466667 1.167626 1.000443 0.874216 -0.001921
46.533333 1.198884 1.000450 0.871075 -0.001954
46.600000 1.230639 1.000458 0.867897 -0.001986
46.666667 1.262879 1.000465 0.864681 -0.002018
46.733333 1.295588 1.000472 0.861431 -0.002049
46.800000 1.328752 1.000479 0.858148 -0.002080
46.866667 1.362353 1.000486 0.854835 -0.002110
46.933333 1.396373 1.000493 0.851494 -0.002140
47.000000 1.430791 1.000500 0.848126 -0.002170
47.066667 1.465586 1.000507 0.844735 -0.002198
47.133333 1.500733 1.000513 0.841324 -0.002226
47.200000 1.536207 1.000519 0.837895 -0.002254
47.266667 1.571981 1.000525 0.834451 -0.002281
47.333333 1.608024 1.000531 0.830996 -0.002307
47.400000 1.644307 1.000537 0.827532 -0.002332
47.466667 1.680794 1.000543 0.824063 -0.002357
47.533333 1.717451 1.000548 0.820592 -0.002380
47.600000 1.754240 1.000554 0.817124 -0.002403
47.666667 1.791122 1.000559 0.813662 -0.002426
47.733333 1.828055 1.000564 0.810209 -0.002447
47.800000 1.864996 1.000569 0.806771 -0.002468
47.866667 1.901899 1.000573 0.803350 -0.002487
47.933333 1.938716 1.000577 0.799952 -0.002506
48.000000 1.975398 1.000582 0.796581 -0.002524
48.066667 2.011893 1.000585 0.793241 -0.002541
48.133333 2.048146 1.000589 0.789937 -0.002557
48.200000 2.084103 1.000593 0.786674 -0.002572
48.266667 2.119707 1.000596 0.783456 -0.002587
48.333333 2.154898 1.000599 0.780288 -0.002600
48.400000 2.189616 1.000602 0.777176 -0.002612
48.466667 2.223799 1.000604 0.774123 -0.002623
48.533333 2.257384 1.000607 0.771136 -0.002634
48.600000 2.290306 1.000609 0.768218 -0.002643
48.666667 2.322501 1.000611 0.765376 -0.002651
48.733333 2.353901 1.000613 0.762614 -0.002659
48.800000 2.384440 1.000614 0.759938 -0.002665
48.866667 2.414052 1.000615 0.757351 -0.002670
48.933333 2.442668 1.000616 0.754860 -0.002675
49.000000 2.470223 1.000617 0.752469 -0.002678
49.066667 2.496649 1.000618 0.750184 -0.002680
49.133333 2.521880 1.000618 0.748008 -0.002681
49.200000 2.545852 1.000618 0.745946 -0.002682
49.266667 2.568501 1.000618 0.744003 -0.002681
49.333333 2.589766 1.000617 0.742184 -0.002679
49.400000 2.609585 1.000617 0.740493 -0.002677
49.466667 2.627902 1.000616 0.738933 -0.002673
49.533333 2.644661 1.000615 0.737508 -0.002669
49.600000 2.659810 1.000614 0.736223 -0.002663
49.666667 2.673300 1.000612 0.735081 -0.002657
49.733333 2.685085 1.000610 0.734084 -0.002649
49.800000 2.695123 1.000608 0.733236 -0.002641
49.866667 2.703377 1.000606 0.732540 -0.002631
49.933333 2.709812 1.000604 0.731997 -0.002621
50.000000 2.714399 1.000601 0.731611 -0.002610
50.066667 2.717115 1.000599 0.731382 -0.002598
50.133333 2.717940 1.000596 0.731313 -0.002586
50.200000 2.716858 1.000593 0.731404 -0.002572
50.266667 2.713862 1.000589 0.731656 -0.002557
50.333333 2.708946 1.000586 0.732070 -0.002542
50.400000 2.702111 1.000582 0.732646 -0.002526
50.466667 2.693364 1.000578 0.733385 -0.002509
50.533333 2.682716 1.000574 0.734284 -0.002491
50.600000 2.670184 1.000570 0.735344 -0.002473
50.666667 2.655790 1.000565 0.736564 -0.002454
50.733333 2.639561 1.000561 0.737942 -0.002434
50.800000 2.621526 1.000556 0.739475 -0.002414
50.866667 2.601724 1.000551 0.741163 -0.002392
50.933333 2.580194 1.000546 0.743003 -0.002370
51.000000 2.556981 1.000541 0.744991 -0.002348
51.066667 2.532134 1.000536 0.747125 -0.002325
51.133333 2.505703 1.000530 0.749402 -0.002301
51.200000 2.477746 1.000525 0.751818 -0.002277
51.266667 2.448320 1.000519 0.754369 -0.002252
51.333333 2.417487 1.000513 0.757052 -0.002227
51.400000 2.385310 1.000507 0.759862 -0.002201
51.466667 2.351855 1.000501 0.762794 -0.002174
51.533333 2.317190 1.000495 0.765844 -0.002148
51.600000 2.281383 1.000489 0.769008 -0.002120
51.666667 2.244505 1.000482 0.772280 -0.002093
51.733333 2.206628 1.000476 0.775655 -0.002064
51.800000 2.167822 1.000469 0.779128 -0.002036
51.866667 2.128160 1.000462 0.782694 -0.002007
51.933333 2.087714 1.000456 0.786347 -0.001978
52.000000 2.046556 1.000449 0.790082 -0.001948
52.066667 2.004758 1.000442 0.793893 -0.001919
52.133333 1.962391 1.000435 0.797775 -0.001888
52.200000 1.919524 1.000428 0.801722 -0.001858
52.266667 1.876228 1.000421 0.805728 -0.001828
52.333333 1.832570 1.000414 0.809788 -0.001797
52.400000 1.788616 1.000407 0.813897 -0.001766
52.466667 1.744433 1.000400 0.818047 -0.001735
52.533333 1.700085 1.000392 0.822235 -0.001703
52.600000 1.655633 1.000385 0.826453 -0.001672
52.666667 1.611137 1.000378 0.830698 -0.001640
52.733333 1.566658 1.000371 0.834963 -0.001609
52.800000 1.522251 1.000363 0.839243 -0.001577
52.866667 1.477971 1.000356 0.843532 -0.001545
52.933333 1.433872 1.000349 0.847825 -0.001514
53.000000 1.390004 1.000341 0.852118 -0.001482
53.066667 1.346417 1.000334 0.856405 -0.001450
53.133333 1.303158 1.000327 0.860681 -0.001418
53.200000 1.260271 1.000320 0.864941 -0.001387
53.266667 1.217801 1.000312 0.869180 -0.001355
53.333333 1.175789 1.000305 0.873395 -0.001324
53.400000 1.134273 1.000298 0.877579 -0.001293
53.466667 1.093291 1.000291 0.881730 -0.001262
53.533333 1.052879 1.000284 0.885842 -0.001231
53.600000 1.013070 1.000277 0.889911 -0.001200
53.666667 0.973897 1.000269 0.893933 -0.001169
53.733333 0.935390 1.000262 0.897905 -0.001139
53.800000 0.897576 1.000256 0.901823 -0.001109
53.866667 0.860483 1.000249 0.905682 -0.001079
53.933333 0.824136 1.000242 0.909480 -0.001050
54.000000 0.788558 1.000235 0.913213 -0.001021
54.066667 0.753772 1.000229 0.916878 -0.000992
54.133333 0.719798 1.000222 0.920471 -0.000963
54.200000 0.686655 1.000216 0.923990 -0.000935
54.266667 0.654361 1.000209 0.927432 -0.000908
54.333333 0.622931 1.000203 0.930794 -0.000880
54.400000 0.592382 1.000197 0.934073 -0.000854
54.466667 0.562727 1.000191 0.937268 -0.000827
54.533333 0.533978 1.000185 0.940375 -0.000801
54.600000 0.506147 1.000179 0.943393 -0.000776
54.666667 0.479243 1.000173 0.946320 -0.000751
54.733333 0.453277 1.000168 0.949153 -0.000727
54.800000 0.428257 1.000162 0.951891 -0.000704
54.866667 0.404188 1.000157 0.954532 -0.000680
54.933333 0.381078 1.000152 0.957075 -0.000658
55.000000 0.358932 1.000147 0.959519 -0.000636
55.066667 0.337753 1.000142 0.961861 -0.000615
55.133333 0.317546 1.000137 0.964101 -0.000595
55.200000 0.298312 1.000133 0.966239 -0.000575
55.266667 0.280054 1.000128 0.968272 -0.000556
55.333333 0.262772 1.000124 0.970200 -0.000537
55.400000 0.246467 1.000120 0.972023 -0.000520
55.466667 0.231137 1.000116 0.973740 -0.000503
55.533333 0.216783 1.000112 0.975351 -0.000487
55.600000 0.203402 1.000109 0.976855 -0.000472
55.666667 0.190990 1.000106 0.978251 -0.000458
55.733333 0.179546 1.000102 0.979541 -0.000444
55.800000 0.169066 1.000100 0.980724 -0.000432
55.866667 0.159544 1.000097 0.981799 -0.000420
55.933333 0.150977 1.000094 0.982768 -0.000409
56.000000 0.143358 1.000092 0.983631 -0.000399
56.066667 0.136682 1.000090 0.984387 -0.000390
56.133333 0.130942 1.000088 0.985038 -0.000382
56.200000 0.126131 1.000087 0.985584 -0.000375
56.266667 0.122241 1.000085 0.986025 -0.000369
56.333333 0.119266 1.000084 0.986363 -0.000364
56.400000 0.117195 1.000083 0.986598 -0.000360
56.466667 0.116022 1.000082 0.986731 -0.000357
56.533333 0.115735 1.000082 0.986764 -0.000355
56.600000 0.116327 1.000082 0.986697 -0.000354
56.666667 0.117786 1.000082 0.986531 -0.000354
56.733333 0.120103 1.000082 0.986268 -0.000355
56.800000 0.123266 1.000082 0.985909 -0.000357
56.866667 0.127265 1.000083 0.985455 -0.000360
56.933333 0.132089 1.000084 0.984908 -0.000365
57.000000 0.137725 1.000085 0.984269 -0.000370
57.066667 0.144162 1.000087 0.983540 -0.000377
57.133333 0.151387 1.000089 0.982722 -0.000385
57.200000 0.159389 1.000091 0.981817 -0.000393
57.266667 0.168153 1.000093 0.980827 -0.000403
57.333333 0.177667 1.000096 0.979753 -0.000414
57.400000 0.187918 1.000098 0.978597 -0.000426
57.466667 0.198893 1.000101 0.977362 -0.000439
57.533333 0.210576 1.000105 0.976048 -0.000454
57.600000 0.222956 1.000108 0.974658 -0.000469
57.666667 0.236016 1.000112 0.973193 -0.000485
57.733333 0.249744 1.000116 0.971657 -0.000503
57.800000 0.264125 1.000120 0.970049 -0.000521
57.866667 0.279144 1.000125 0.968373 -0.000541
57.933333 0.294787 1.000130 0.966631 -0.000562
58.000000 0.311038 1.000135 0.964824 -0.000584
58.066667 0.327882 1.000140 0.962955 -0.000606
58.133333 0.345306 1.000145 0.961025 -0.000630
58.200000 0.363293 1.000151 0.959037 -0.000655
58.266667 0.381829 1.000157 0.956993 -0.000681
58.333333 0.400899 1.000163 0.954894 -0.000708
58.400000 0.420486 1.000170 0.952743 -0.000735
58.466667 0.440577 1.000176 0.950542 -0.000764
58.533333 0.461155 1.000183 0.948292 -0.000794
58.600000 0.482206 1.000190 0.945997 -0.000824
58.666667 0.503714 1.000197 0.943657 -0.000855
58.733333 0.525665 1.000205 0.941275 -0.000887
58.800000 0.548043 1.000212 0.938854 -0.000920
58.866667 0.570834 1.000220 0.936393 -0.000954
58.933333 0.594022 1.000228 0.933897 -0.000989
59.000000 0.617593 1.000236 0.931366 -0.001024
59.066667 0.641531 1.000244 0.928803 -0.001060
59.133333 0.665824 1.000253 0.926209 -0.001097
59.200000 0.690455 1.000261 0.923586 -0.001134
59.266667 0.715412 1.000270 0.920936 -0.001172
59.333333 0.740679 1.000279 0.918261 -0.001210
59.400000 0.766243 1.000288 0.915562 -0.001249
59.466667 0.792090 1.000297 0.912842 -0.001288
59.533333 0.818206 1.000306 0.910101 -0.001328
59.600000 0.844579 1.000315 0.907342 -0.001369
59.666667 0.871194 1.000325 0.904566 -0.001409
59.733333 0.898040 1.000334 0.901775 -0.001450
59.800000 0.925102 1.000344 0.898969 -0.001492
59.866667 0.952369 1.000353 0.896152 -0.001533
59.933333 0.979828 1.000363 0.893323 -0.001575
60.000000 1.007467 1.000373 0.890485 -0.001617
60.066667 1.035273 1.000382 0.887639 -0.001660
60.133333 1.063236 1.000392 0.884786 -0.001702
60.200000 1.091342 1.000402 0.881927 -0.001744
60.266667 1.119582 1.000412 0.879065 -0.001787
60.333333 1.147942 1.000421 0.876199 -0.001829
60.400000 1.176413 1.000431 0.873332 -0.001871
60.466667 1.204983 1.000441 0.870464 -0.001913
60.533333 1.233640 1.000451 0.867597 -0.001955
60.600000 1.262375 1.000460 0.864731 -0.001997
60.666667 1.291176 1.000470 0.861869 -0.002039
60.733333 1.320032 1.000479 0.859010 -0.002080
60.800000 1.348933 1.000489 0.856157 -0.002121
60.866667 1.377868 1.000498 0.853310 -0.002162
60.933333 1.406825 1.000507 0.850469 -0.002202
61.000000 1.435795 1.000517 0.847638 -0.002242
61.066667 1.464767 1.000526 0.844815 -0.002281
61.133333 1.493728 1.000534 0.842003 -0.002320
61.200000 1.522668 1.000543 0.839202 -0.002358
61.266667 1.551575 1.000552 0.836414 -0.002396
61.333333 1.580439 1.000560 0.833639 -0.002433
61.400000 1.609245 1.000569 0.830879 -0.002469
61.466667 1.637984 1.000577 0.828134 -0.002504
61.533333 1.666641 1.000585 0.825407 -0.002539
61.600000 1.695203 1.000593 0.822697 -0.002573
61.666667 1.723658 1.000601 0.820006 -0.002606
61.733333 1.751992 1.000608 0.817336 -0.002639
61.800000 1.780189 1.000615 0.814687 -0.002670
61.866667 1.808235 1.000622 0.812060 -0.002701
61.933333 1.836115 1.000629 0.809458 -0.002730
62.000000 1.863811 1.000636 0.806881 -0.002759
62.066667 1.891308 1.000642 0.804331 -0.002786
62.133333 1.918587 1.000648 0.801808 -0.002813
62.200000 1.945631 1.000654 0.799316 -0.002839
62.266667 1.972419 1.000660 0.796855 -0.002863
62.333333 1.998933 1.000665 0.794426 -0.002886
62.400000 2.025152 1.000670 0.792031 -0.002908
62.466667 2.051054 1.000675 0.789673 -0.002929
62.533333 2.076616 1.000680 0.787352 -0.002949
62.600000 2.101815 1.000684 0.785072 -0.002968
62.666667 2.126628 1.000688 0.782832 -0.002985
62.733333 2.151029 1.000692 0.780636 -0.003002
62.800000 2.174992 1.000695 0.778485 -0.003016
62.866667 2.198490 1.000698 0.776382 -0.003030
62.933333 2.221496 1.000701 0.774328 -0.003043
63.000000 2.243982 1.000704 0.772326 -0.003054
63.066667 2.265916 1.000706 0.770379 -0.003064
63.133333 2.287271 1.000708 0.768487 -0.003072
63.200000 2.308014 1.000710 0.766654 -0.003080
63.266667 2.328114 1.000711 0.764882 -0.003086
63.333333 2.347540 1.000712 0.763173 -0.003090
63.400000 2.366257 1.000713 0.761530 -0.003094
63.466667 2.384234 1.000713 0.759956 -0.003096
63.533333 2.401435 1.000713 0.758452 -0.003097
63.600000 2.417827 1.000713 0.757022 -0.003096
63.666667 2.433377 1.000713 0.755668 -0.003094
63.733333 2.448048 1.000712 0.754393 -0.003091
63.800000 2.461808 1.000711 0.753199 -0.003087
63.866667 2.474621 1.000710 0.752088 -0.003081
63.933333 2.486454 1.000708 0.751065 -0.003074
64.000000 2.497273 1.000706 0.750130 -0.003066
64.066667 2.507045 1.000704 0.749286 -0.003056
64.133333 2.515737 1.000702 0.748537 -0.003045
64.200000 2.523317 1.000699 0.747884 -0.003033
64.266667 2.529756 1.000696 0.747330 -0.003020
64.333333 2.535022 1.000692 0.746877 -0.003006
64.400000 2.539088 1.000689 0.746527 -0.002990
64.466667 2.541928 1.000685 0.746283 -0.002973
64.533333 2.543514 1.000681 0.746147 -0.002955
64.600000 2.543825 1.000676 0.746120 -0.002936
64.666667 2.542838 1.000672 0.746205 -0.002916
64.733333 2.540534 1.000667 0.746403 -0.002894
64.800000 2.536895 1.000662 0.746716 -0.002872
64.866667 2.531906 1.000656 0.747145 -0.002848
64.933333 2.525555 1.000651 0.747691 -0.002824
65.000000 2.517830 1.000645 0.748356 -0.002798
65.066667 2.508726 1.000639 0.749141 -0.002772
65.133333 2.498236 1.000632 0.750047 -0.002745
65.200000 2.486358 1.000626 0.751073 -0.002716
65.266667 2.473095 1.000619 0.752221 -0.002687
65.333333 2.458449 1.000612 0.753490 -0.002657
65.400000 2.442427 1.000605 0.754881 -0.002626
65.466667 2.425040 1.000598 0.756394 -0.002594
65.533333 2.406299 1.000590 0.758028 -0.002561
65.600000 2.386221 1.000582 0.759782 -0.002528
65.666667 2.364823 1.000575 0.761656 -0.002494
65.733333 2.342129 1.000567 0.763649 -0.002459
65.800000 2.318161 1.000558 0.765759 -0.002423
65.866667 2.292947 1.000550 0.767985 -0.002387
65.933333 2.266518 1.000542 0.770325 -0.002350
66.000000 2.238904 1.000533 0.772778 -0.002313
66.066667 2.210141 1.000524 0.775341 -0.002275
66.133333 2.180266 1.000515 0.778013 -0.002237
66.200000 2.149319 1.000506 0.780790 -0.002198
66.266667 2.117340 1.000497 0.783670 -0.002159
66.333333 2.084374 1.000488 0.786650 -0.002119
66.400000 2.050465 1.000479 0.789727 -0.002079
66.466667 2.015659 1.000470 0.792897 -0.002038
66.533333 1.980006 1.000460 0.796159 -0.001998
66.600000 1.943554 1.000451 0.799507 -0.001957
66.666667 1.906355 1.000441 0.802938 -0.001915
66.733333 1.868459 1.000432 0.806449 -0.001874
66.800000 1.829919 1.000422 0.810036 -0.001832
66.866667 1.790788 1.000412 0.813693 -0.001790
66.933333 1.751119 1.000403 0.817418 -0.001748
67.000000 1.710967 1.000393 0.821205 -0.001706
67.066667 1.670384 1.000383 0.825051 -0.001664
67.133333 1.629426 1.000374 0.828951 -0.001622
67.200000 1.588146 1.000364 0.832900 -0.001579
67.266667 1.546598 1.000354 0.836893 -0.001537
67.333333 1.504836 1.000345 0.840927 -0.001495
67.400000 1.462911 1.000335 0.844996 -0.001453
67.466667 1.420878 1.000325 0.849095 -0.001411
67.533333 1.378787 1.000316 0.853219 -0.001370
67.600000 1.336690 1.000306 0.857365 -0.001328
67.666667 1.294636 1.000297 0.861526 -0.001287
67.733333 1.252676 1.000287 0.865698 -0.001246
67.800000 1.210857 1.000278 0.869876 -0.001205
67.866667 1.169227 1.000268 0.874055 -0.001165
67.933333 1.127832 1.000259 0.878230 -0.001125
68.000000 1.086718 1.000250 0.882397 -0.001085
68.066667 1.045927 1.000241 0.886551 -0.001046
68.133333 1.005504 1.000232 0.890686 -0.001007
68.200000 0.965488 1.000223 0.894799 -0.000968
68.266667 0.925922 1.000214 0.898885 -0.000930
68.333333 0.886843 1.000206 0.902938 -0.000893
68.400000 0.848289 1.000197 0.906955 -0.000856
68.466667 0.810297 1.000189 0.910930 -0.000819
68.533333 0.772901 1.000181 0.914861 -0.000784
68.600000 0.736136 1.000173 0.918741 -0.000748
68.666667 0.700034 1.000165 0.922568 -0.000714
68.733333 0.664626 1.000157 0.926336 -0.000680
68.800000 0.629942 1.000149 0.930043 -0.000646
68.866667 0.596011 1.000142 0.933683 -0.000614
68.933333 0.562859 1.000134 0.937253 -0.000582
69.000000 0.530512 1.000127 0.940750 -0.000551
69.066667 0.498997 1.000120 0.944170 -0.000520
69.133333 0.468335 1.000113 0.947509 -0.000490
69.200000 0.438550 1.000106 0.950763 -0.000462
69.266667 0.409663 1.000100 0.953931 -0.000433
69.333333 0.381693 1.000094 0.957008 -0.000406
69.400000 0.354659 1.000088 0.959991 -0.000380
69.466667 0.328579 1.000082 0.962877 -0.000354
69.533333 0.303471 1.000076 0.965665 -0.000330
69.600000 0.279348 1.000071 0.968351 -0.000306
69.666667 0.256226 1.000065 0.970932 -0.000283
69.733333 0.234117 1.000060 0.973406 -0.000261
69.800000 0.213036 1.000055 0.975772 -0.000240
69.866667 0.192991 1.000051 0.978026 -0.000220
69.933333 0.173995 1.000046 0.980167 -0.000201
70.000000 0.156057 1.000042 0.982194 -0.000183
70.066667 0.139184 1.000038 0.984104 -0.000166
70.133333 0.123385 1.000035 0.985895 -0.000149
70.200000 0.108666 1.000031 0.987567 -0.000134
70.266667 0.095033 1.000028 0.989119 -0.000120
70.333333 0.082491 1.000025 0.990548 -0.000107
70.400000 0.071044 1.000022 0.991854 -0.000095
70.466667 0.060695 1.000020 0.993037 -0.000084
70.533333 0.051446 1.000017 0.994095 -0.000075
70.600000 0.043300 1.000015 0.995027 -0.000066
70.666667 0.036256 1.000014 0.995835 -0.000058
70.733333 0.030316 1.000012 0.996516 -0.000052
70.800000 0.025477 1.000011 0.997071 -0.000046
70.866667 0.021739 1.000010 0.997500 -0.000042
70.933333 0.019099 1.000009 0.997804 -0.000039
71.000000 0.017555 1.000009 0.997981 -0.000036
71.066667 0.017103 1.000008 0.998033 -0.000035
71.133333 0.017737 1.000008 0.997960 -0.000036
71.200000 0.019454 1.000009 0.997763 -0.000037
71.266667 0.022247 1.000009 0.997442 -0.000039
71.333333 0.026110 1.000010 0.996998 -0.000043
71.400000 0.031036 1.000011 0.996433 -0.000047
71.466667 0.037016 1.000012 0.995747 -0.000053
71.533333 0.044043 1.000014 0.994942 -0.000060
71.600000 0.052106 1.000016 0.994019 -0.000068
71.666667 0.061197 1.000018 0.992979 -0.000077
71.733333 0.071304 1.000020 0.991824 -0.000088
71.800000 0.082416 1.000023 0.990556 -0.000099
71.866667 0.094522 1.000026 0.989177 -0.000112
71.933333 0.107609 1.000029 0.987687 -0.000125
72.000000 0.121664 1.000032 0.986091 -0.000140
72.066667 0.136673 1.000036 0.984388 -0.000156
72.133333 0.152622 1.000040 0.982582 -0.000173
72.200000 0.169496 1.000044 0.980675 -0.000191
72.266667 0.187279 1.000049 0.978670 -0.000211
72.333333 0.205954 1.000053 0.976568 -0.000231
72.400000 0.225506 1.000058 0.974372 -0.000252
72.466667 0.245916 1.000063 0.972085 -0.000275
72.533333 0.267166 1.000069 0.969710 -0.000298
72.600000 0.289238 1.000075 0.967249 -0.000323
72.666667 0.312111 1.000080 0.964705 -0.000349
72.733333 0.335767 1.000087 0.962081 -0.000375
72.800000 0.360185 1.000093 0.959380 -0.000403
72.866667 0.385343 1.000100 0.956605 -0.000432
72.933333 0.411220 1.000106 0.953760 -0.000461
73.000000 0.437794 1.000113 0.950846 -0.000492
73.066667 0.465041 1.000121 0.947868 -0.000524
73.133333 0.492938 1.000128 0.944829 -0.000556
73.200000 0.521462 1.000136 0.941731 -0.000589
73.266667 0.550587 1.000144 0.938579 -0.000624
73.333333 0.580289 1.000152 0.935375 -0.000659
73.400000 0.610543 1.000160 0.932122 -0.000695
73.466667 0.641321 1.000169 0.928825 -0.000732
73.533333 0.672598 1.000177 0.925487 -0.000770
73.600000 0.704346 1.000186 0.922110 -0.000808
73.666667 0.736538 1.000195 0.918699 -0.000847
73.733333 0.769147 1.000205 0.915256 -0.000887
73.800000 0.802143 1.000214 0.911786 -0.000928
73.866667 0.835499 1.000223 0.908291 -0.000969
73.933333 0.869185 1.000233 0.904775 -0.001011
74.000000 0.903171 1.000243 0.901242 -0.001054
74.066667 0.937429 1.000253 0.897694 -0.001097
74.133333 0.971927 1.000263 0.894136 -0.001141
74.200000 1.006636 1.000273 0.890570 -0.001185
74.266667 1.041525 1.000283 0.887000 -0.001230
74.333333 1.076564 1.000294 0.883429 -0.001275
74.400000 1.111721 1.000304 0.879861 -0.001321
74.466667 1.146965 1.000315 0.876298 -0.001367
74.533333 1.182265 1.000326 0.872744 -0.001413
74.600000 1.217591 1.000336 0.869201 -0.001460
74.666667 1.252911 1.000347 0.865674 -0.001507
74.733333 1.288193 1.000358 0.862165 -0.001554
74.800000 1.323406 1.000369 0.858677 -0.001602
74.866667 1.358520 1.000380 0.855212 -0.001649
74.933333 1.393503 1.000391 0.851775 -0.001697
75.000000 1.428325 1.000402 0.848367 -0.001745
75.066667 1.462954 1.000413 0.844991 -0.001793
75.133333 1.497361 1.000424 0.841651 -0.001841
75.200000 1.531516 1.000435 0.838348 -0.001888
75.266667 1.565388 1.000446 0.835085 -0.001936
75.333333 1.598949 1.000457 0.831864 -0.001984
75.400000 1.632169 1.000468 0.828689 -0.002031
75.466667 1.665020 1.000479 0.825561 -0.002079
75.533333 1.697473 1.000490 0.822482 -0.002126
75.600000 1.729503 1.000501 0.819455 -0.002172
75.666667 1.761081 1.000511 0.816481 -0.002219
75.733333 1.792181 1.000522 0.813563 -0.002265
75.800000 1.822778 1.000532 0.810702 -0.002310
75.866667 1.852846 1.000543 0.807900 -0.002355
75.933333 1.882362 1.000553 0.805159 -0.002400
76.000000 1.911301 1.000563 0.802481 -0.002444
76.066667 1.939642 1.000573 0.799867 -0.002488
76.133333 1.967361 1.000583 0.797319 -0.002530
76.200000 1.994438 1.000593 0.794837 -0.002573
76.266667 2.020852 1.000602 0.792424 -0.002614
76.333333 2.046583 1.000612 0.790080 -0.002655
76.400000 2.071613 1.000621 0.787806 -0.002695
76.466667 2.095924 1.000630 0.785604 -0.002734
76.533333 2.119500 1.000639 0.783475 -0.002772
76.600000 2.142322 1.000647 0.781419 -0.002809
76.666667 2.164377 1.000656 0.779437 -0.002845
76.733333 2.185650 1.000664 0.777531 -0.002881
76.800000 2.206128 1.000672 0.775700 -0.002915
76.866667 2.225797 1.000679 0.773945 -0.002948
76.933333 2.244646 1.000687 0.772267 -0.002980
77.000000 2.262664 1.000694 0.770667 -0.003011
77.066667 2.279841 1.000701 0.769145 -0.003041
77.133333 2.296167 1.000707 0.767700 -0.003069
77.200000 2.311635 1.000713 0.766334 -0.003097
77.266667 2.326235 1.000719 0.765047 -0.003123
77.333333 2.339962 1.000725 0.763839 -0.003147
77.400000 2.352808 1.000731 0.762710 -0.003171
77.466667 2.364769 1.000736 0.761661 -0.003193
77.533333 2.375840 1.000740 0.760691 -0.003214
77.600000 2.386017 1.000745 0.759800 -0.003233
77.666667 2.395295 1.000749 0.758989 -0.003251
77.733333 2.403673 1.000753 0.758257 -0.003267
77.800000 2.411149 1.000756 0.757605 -0.003282
77.866667 2.417720 1.000759 0.757032 -0.003296
77.933333 2.423385 1.000762 0.756538 -0.003308
78.000000 2.428144 1.000765 0.756124 -0.003319
78.066667 2.431998 1.000767 0.755788 -0.003328
78.133333 2.434946 1.000768 0.755532 -0.003335
78.200000 2.436990 1.000770 0.755354 -0.003341
78.266667 2.438131 1.000771 0.755255 -0.003346
78.333333 2.438371 1.000772 0.755234 -0.003349
78.400000 2.437712 1.000772 0.755291 -0.003350
78.466667 2.436158 1.000772 0.755426 -0.003350
78.533333 2.433711 1.000771 0.755639 -0.003348
78.600000 2.430375 1.000771 0.755929 -0.003345
78.666667 2.426154 1.000770 0.756297 -0.003340
78.733333 2.421052 1.000768 0.756741 -0.003334
78.800000 2.415074 1.000766 0.757262 -0.003326
78.866667 2.408226 1.000764 0.757860 -0.003317
78.933333 2.400512 1.000762 0.758533 -0.003306
79.000000 2.391938 1.000759 0.759282 -0.003294
79.066667 2.382512 1.000756 0.760106 -0.003280
79.133333 2.372238 1.000752 0.761006 -0.003265
79.200000 2.361125 1.000748 0.761980 -0.003248
79.266667 2.349180 1.000744 0.763029 -0.003230
79.333333 2.336410 1.000740 0.764152 -0.003210
79.400000 2.322824 1.000735 0.765348 -0.003189
79.466667 2.308431 1.000730 0.766617 -0.003167
79.533333 2.293239 1.000724 0.767959 -0.003143
79.600000 2.277258 1.000718 0.769373 -0.003118
79.666667 2.260498 1.000712 0.770859 -0.003092
79.733333 2.242969 1.000706 0.772417 -0.003064
79.800000 2.224682 1.000699 0.774044 -0.003035
79.866667 2.205649 1.000692 0.775742 -0.003005
79.933333 2.185881 1.000685 0.777510 -0.002974
80.000000 2.165392 1.000678 0.779346 -0.002941
80.066667 2.144193 1.000670 0.781251 -0.002908
80.133333 2.122298 1.000662 0.783222 -0.002873
80.200000 2.099721 1.000654 0.785261 -0.002838
80.266667 2.076477 1.000645 0.787365 -0.002801
80.333333 2.052580 1.000637 0.789534 -0.002764
80.400000 2.028047 1.000628 0.791767 -0.002725
80.466667 2.002893 1.000619 0.794064 -0.002686
80.533333 1.977136 1.000610 0.796422 -0.002646
80.600000 1.950792 1.000600 0.798841 -0.002605
80.666667 1.923880 1.000590 0.801320 -0.002563
80.733333 1.896418 1.000581 0.803858 -0.002520
80.800000 1.868425 1.000571 0.806452 -0.002477
80.866667 1.839920 1.000561 0.809103 -0.002433
80.933333 1.810924 1.000550 0.811809 -0.002389
81.000000 1.781458 1.000540 0.814568 -0.002344
81.066667 1.751542 1.000530 0.817378 -0.002299
81.133333 1.721198 1.000519 0.820238 -0.002253
81.200000 1.690449 1.000508 0.823147 -0.002206
81.266667 1.659316 1.000498 0.826103 -0.002160
81.333333 1.627825 1.000487 0.829104 -0.002113
81.400000 1.595997 1.000476 0.832147 -0.002065
81.466667 1.563857 1.000465 0.835232 -0.002018
81.533333 1.531429 1.000454 0.838356 -0.001970
81.600000 1.498739 1.000443 0.841517 -0.001922
81.666667 1.465811 1.000432 0.844713 -0.001875
81.733333 1.432672 1.000421 0.847943 -0.001827
81.800000 1.399346 1.000410 0.851202 -0.001778
81.866667 1.365860 1.000399 0.854490 -0.001730
81.933333 1.332241 1.000388 0.857804 -0.001683
82.000000 1.298514 1.000377 0.861141 -0.001635
82.066667 1.264708 1.000366 0.864499 -0.001587
82.133333 1.230848 1.000355 0.867876 -0.001540
82.200000 1.196963 1.000344 0.871268 -0.001492
82.266667 1.163078 1.000333 0.874674 -0.001445
82.333333 1.129223 1.000322 0.878090 -0.001399
82.400000 1.095423 1.000312 0.881513 -0.001352
82.466667 1.061707 1.000301 0.884942 -0.001307
82.533333 1.028102 1.000291 0.888372 -0.001261
82.600000 0.994636 1.000280 0.891802 -0.001216
82.666667 0.961335 1.000270 0.895227 -0.001171
82.733333 0.928227 1.000260 0.898646 -0.001127
82.800000 0.895340 1.000250 0.902055 -0.001084
82.866667 0.862699 1.000240 0.905451 -0.001041
82.933333 0.830334 1.000230 0.908831 -0.000999
83.000000 0.798269 1.000221 0.912193 -0.000957
83.066667 0.766532 1.000211 0.915532 -0.000916
83.133333 0.735148 1.000202 0.918846 -0.000876
83.200000 0.704145 1.000193 0.922131 -0.000837
83.266667 0.673547 1.000184 0.925385 -0.000798
83.333333 0.643381 1.000175 0.928605 -0.000760
83.400000 0.613671 1.000167 0.931787 -0.000723
83.466667 0.584443 1.000158 0.934927 -0.000687
83.533333 0.555721 1.000150 0.938024 -0.000651
83.600000 0.527528 1.000142 0.941074 -0.000617
83.666667 0.499890 1.000135 0.944073 -0.000583
83.733333 0.472829 1.000127 0.947019 -0.000551
83.800000 0.446369 1.000120 0.949908 -0.000519
83.866667 0.420532 1.000113 0.952738 -0.000488
83.933333 0.395340 1.000106 0.955505 -0.000459
84.000000 0.370815 1.000099 0.958207 -0.000430
84.066667 0.346978 1.000093 0.960840 -0.000402
84.133333 0.323851 1.000087 0.963402 -0.000375
84.200000 0.301454 1.000081 0.965889 -0.000350
84.266667 0.279806 1.000075 0.968300 -0.000325
84.333333 0.258927 1.000070 0.970630 -0.000302
84.400000 0.238836 1.000064 0.972878 -0.000279
84.466667 0.219551 1.000060 0.975040 -0.000258
84.533333 0.201091 1.000055 0.977115 -0.000238
84.600000 0.183472 1.000050 0.979099 -0.000218
84.666667 0.166712 1.000046 0.980990 -0.000200
84.733333 0.150827 1.000042 0.982785 -0.000183
84.800000 0.135833 1.000039 0.984483 -0.000168
84.866667 0.121744 1.000035 0.986081 -0.000153
84.933333 0.108576 1.000032 0.987577 -0.000139
85.000000 0.096344 1.000029 0.988969 -0.000127
85.066667 0.085059 1.000027 0.990255 -0.000116
85.133333 0.074736 1.000024 0.991433 -0.000105
85.200000 0.065388 1.000022 0.992500 -0.000096
85.266667 0.057025 1.000021 0.993456 -0.000089
85.333333 0.049659 1.000019 0.994299 -0.000082
85.400000 0.043301 1.000018 0.995027 -0.000076
85.466667 0.037961 1.000017 0.995639 -0.000072
85.533333 0.033648 1.000016 0.996134 -0.000069
85.600000 0.030371 1.000015 0.996509 -0.000066
85.666667 0.028139 1.000015 0.996766 -0.000065
85.733333 0.026959 1.000015 0.996901 -0.000065
85.800000 0.026838 1.000016 0.996915 -0.000067
85.866667 0.027783 1.000016 0.996807 -0.000069
85.933333 0.029798 1.000017 0.996575 -0.000072
86.000000 0.032889 1.000018 0.996221 -0.000077
86.066667 0.037060 1.000019 0.995742 -0.000082
86.133333 0.042315 1.000021 0.995140 -0.000089
86.200000 0.048657 1.000023 0.994414 -0.000097
86.266667 0.056087 1.000025 0.993564 -0.000106
86.333333 0.064607 1.000027 0.992589 -0.000116
86.400000 0.074218 1.000029 0.991492 -0.000127
86.466667 0.084919 1.000032 0.990271 -0.000139
86.533333 0.096710 1.000035 0.988928 -0.000152
86.600000 0.109589 1.000038 0.987462 -0.000166
86.666667 0.123553 1.000042 0.985876 -0.000181
86.733333 0.138599 1.000046 0.984170 -0.000197
86.800000 0.154723 1.000049 0.982345 -0.000214
86.866667 0.171919 1.000054 0.980402 -0.000232
86.933333 0.190182 1.000058 0.978343 -0.000251
87.000000 0.209503 1.000063 0.976169 -0.000271
87.066667 0.229877 1.000067 0.973882 -0.000292
87.133333 0.251292 1.000072 0.971483 -0.000313
87.200000 0.273741 1.000078 0.968976 -0.000336
87.266667 0.297211 1.000083 0.966361 -0.000359
87.333333 0.321691 1.000089 0.963641 -0.000384
87.400000 0.347167 1.000094 0.960819 -0.000409
87.466667 0.373626 1.000100 0.957897 -0.000435
87.533333 0.401052 1.000107 0.954877 -0.000462
87.600000 0.429429 1.000113 0.951762 -0.000490
87.666667 0.458739 1.000119 0.948556 -0.000518
87.733333 0.488964 1.000126 0.945261 -0.000547
87.800000 0.520083 1.000133 0.941881 -0.000577
87.866667 0.552074 1.000140 0.938418 -0.000608
87.933333 0.584917 1.000147 0.934876 -0.000639
88.000000 0.618585 1.000155 0.931260 -0.000671
88.066667 0.653055 1.000162 0.927571 -0.000704
88.133333 0.688300 1.000170 0.923815 -0.000737
88.200000 0.724291 1.000178 0.919995 -0.000771
88.266667 0.760999 1.000186 0.916115 -0.000805
88.333333 0.798394 1.000194 0.912179 -0.000840
88.400000 0.836444 1.000202 0.908192 -0.000876
88.466667 0.875114 1.000210 0.904158 -0.000912
88.533333 0.914370 1.000219 0.900081 -0.000948
88.600000 0.954174 1.000227 0.895966 -0.000985
88.666667 0.994490 1.000236 0.891816 -0.001023
88.733333 1.035277 1.000244 0.887639 -0.001060
88.800000 1.076495 1.000253 0.883436 -0.001099
88.866667 1.118101 1.000262 0.879215 -0.001137
88.933333 1.160052 1.000271 0.874979 -0.001176
89.000000 1.202302 1.000280 0.870733 -0.001215
89.066667 1.244804 1.000289 0.866482 -0.001255
89.133333 1.287512 1.000298 0.862233 -0.001294
89.200000 1.330375 1.000307 0.857988 -0.001334
89.266667 1.373343 1.000317 0.853754 -0.001375
89.333333 1.416365 1.000326 0.849536 -0.001415
89.400000 1.459388 1.000335 0.845338 -0.001455
89.466667 1.502358 1.000345 0.841167 -0.001496
89.533333 1.545221 1.000354 0.837026 -0.001536
89.600000 1.587920 1.000363 0.832921 -0.001577
89.666667 1.630400 1.000373 0.828858 -0.001618
89.733333 1.672603 1.000382 0.824840 -0.001658
89.800000 1.714473 1.000391 0.820874 -0.001699
89.866667 1.755950 1.000401 0.816963 -0.001740
89.933333 1.796977 1.000410 0.813113 -0.001780
90.000000 1.837496 1.000419 0.809329 -0.001820
90.066667 1.877448 1.000429 0.805615 -0.001860
90.133333 1.916776 1.000438 0.801976 -0.001900
90.200000 1.955421 1.000447 0.798415 -0.001940
90.266667 1.993327 1.000456 0.794939 -0.001980
90.333333 2.030437 1.000465 0.791550 -0.002019
90.400000 2.066696 1.000474 0.788252 -0.002058
90.466667 2.102050 1.000483 0.785050 -0.002096
90.533333 2.136445 1.000492 0.781948 -0.002134
90.600000 2.169829 1.000500 0.778948 -0.002172
90.666667 2.202155 1.000509 0.776055 -0.002209
90.733333 2.233372 1.000517 0.773270 -0.002246
90.800000 2.263436 1.000526 0.770599 -0.002282
90.866667 2.292302 1.000534 0.768042 -0.002318
90.933333 2.319930 1.000542 0.765603 -0.002353
91.000000 2.346281 1.000550 0.763284 -0.002387
91.066667 2.371319 1.000558 0.761087 -0.002421
91.133333 2.395012 1.000566 0.759013 -0.002455
91.200000 2.417328 1.000573 0.757066 -0.002487
91.266667 2.438241 1.000580 0.755245 -0.002519
91.333333 2.457728 1.000588 0.753553 -0.002550
91.400000 2.475769 1.000595 0.751989 -0.002581
91.466667 2.492345 1.000601 0.750555 -0.002610
91.533333 2.507444 1.000608 0.749252 -0.002639
91.600000 2.521056 1.000614 0.748079 -0.002667
91.666667 2.533173 1.000621 0.747036 -0.002694
91.733333 2.543793 1.000627 0.746123 -0.002720
91.800000 2.552916 1.000632 0.745340 -0.002745
91.866667 2.560544 1.000638 0.744685 -0.002769
91.933333 2.566686 1.000643 0.744159 -0.002792
92.000000 2.571350 1.000649 0.743759 -0.002815
92.066667 2.574550 1.000653 0.743485 -0.002836
92.133333 2.576302 1.000658 0.743336 -0.002856
92.200000 2.576625 1.000662 0.743308 -0.002875
92.266667 2.575540 1.000667 0.743401 -0.002893
92.333333 2.573071 1.000671 0.743612 -0.002910
92.400000 2.569245 1.000674 0.743940 -0.002926
92.466667 2.564091 1.000678 0.744381 -0.002941
92.533333 2.557639 1.000681 0.744934 -0.002955
92.600000 2.549922 1.000684 0.745597 -0.002967
92.666667 2.540974 1.000686 0.746365 -0.002978
92.733333 2.530830 1.000689 0.747237 -0.002988
92.800000 2.519529 1.000691 0.748210 -0.002997
92.866667 2.507107 1.000692 0.749281 -0.003005
92.933333 2.493603 1.000694 0.750447 -0.003011
93.000000 2.479058 1.000695 0.751704 -0.003017
93.066667 2.463511 1.000696 0.753051 -0.003021
93.133333 2.447004 1.000697 0.754484 -0.003023
93.200000 2.429577 1.000697 0.755999 -0.003025
93.266667 2.411270 1.000697 0.757594 -0.003025
93.333333 2.392125 1.000697 0.759266 -0.003024
93.400000 2.372182 1.000696 0.761011 -0.003022
93.466667 2.351481 1.000695 0.762827 -0.003019
93.533333 2.330063 1.000694 0.764710 -0.003014
93.600000 2.307965 1.000693 0.766658 -0.003008
93.666667 2.285228 1.000691 0.768668 -0.003001
93.733333 2.261888 1.000689 0.770736 -0.002992
93.800000 2.237982 1.000687 0.772860 -0.002983
93.866667 2.213547 1.000685 0.775037 -0.002972
93.933333 2.188617 1.000682 0.777265 -0.002959
94.000000 2.163226 1.000679 0.779541 -0.002946
94.066667 2.137408 1.000675 0.781861 -0.002932
94.133333 2.111193 1.000672 0.784224 -0.002916
94.200000 2.084614 1.000668 0.786628 -0.002899
94.266667 2.057698 1.000664 0.789069 -0.002881
94.333333 2.030476 1.000659 0.791546 -0.002862
94.400000 2.002974 1.000655 0.794056 -0.002841
94.466667 1.975218 1.000650 0.796598 -0.002820
94.533333 1.947233 1.000645 0.799168 -0.002797
94.600000 1.919043 1.000639 0.801766 -0.002774
94.666667 1.890672 1.000633 0.804390 -0.002749
94.733333 1.862140 1.000628 0.807036 -0.002724
94.800000 1.833468 1.000621 0.809705 -0.002697
94.866667 1.804676 1.000615 0.812393 -0.002669
94.933333 1.775783 1.000608 0.815100 -0.002641
95.000000 1.746807 1.000602 0.817824 -0.002612
95.066667 1.717764 1.000595 0.820563 -0.002581
95.133333 1.688670 1.000588 0.823316 -0.002550
95.200000 1.659540 1.000580 0.826082 -0.002518
95.266667 1.630390 1.000573 0.828859 -0.002485
95.333333 1.601231 1.000565 0.831646 -0.002452
95.400000 1.572079 1.000557 0.834442 -0.002418
95.466667 1.542944 1.000549 0.837245 -0.002383
95.533333 1.513839 1.000541 0.840056 -0.002347
95.600000 1.484775 1.000532 0.842871 -0.002311
95.666667 1.455762 1.000524 0.845691 -0.002274
95.733333 1.426812 1.000515 0.848515 -0.002237
95.800000 1.397933 1.000507 0.851341 -0.002199
95.866667 1.369136 1.000498 0.854168 -0.002161
95.933333 1.340430 1.000489 0.856995 -0.002122
96.000000 1.311824 1.000480 0.859823 -0.002083
96.066667 1.283326 1.000471 0.862648 -0.002044
96.133333 1.254945 1.000462 0.865471 -0.002004
96.200000 1.226690 1.000452 0.868291 -0.001964
96.266667 1.198569 1.000443 0.871107 -0.001924
96.333333 1.170590 1.000434 0.873918 -0.001883
96.400000 1.142762 1.000425 0.876722 -0.001843
96.466667 1.115093 1.000415 0.879519 -0.001802
96.533333 1.087590 1.000406 0.882309 -0.001761
96.600000 1.060263 1.000396 0.885089 -0.001721
96.666667 1.033120 1.000387 0.887859 -0.001680
96.733333 1.006169 1.000378 0.890618 -0.001639
96.800000 0.979418 1.000368 0.893365 -0.001599
96.866667 0.952878 1.000359 0.896099 -0.001559
96.933333 0.926555 1.000350 0.898819 -0.001518
97.000000 0.900460 1.000341 0.901523 -0.001478
97.066667 0.874602 1.000332 0.904211 -0.001439
97.133333 0.848989 1.000322 0.906881 -0.001399
97.200000 0.823633 1.000313 0.909533 -0.001360
97.266667 0.798542 1.000305 0.912164 -0.001322
97.333333 0.773726 1.000296 0.914774 -0.001283
97.400000 0.749197 1.000287 0.917361 -0.001246
97.466667 0.724964 1.000278 0.919924 -0.001208
97.533333 0.701039 1.000270 0.922461 -0.001172
97.600000 0.677431 1.000262 0.924972 -0.001136
97.666667 0.654154 1.000254 0.927454 -0.001100
97.733333 0.631216 1.000245 0.929906 -0.001065
97.800000 0.608632 1.000238 0.932327 -0.001031
97.866667 0.586411 1.000230 0.934715 -0.000997
97.933333 0.564567 1.000222 0.937069 -0.000964
98.000000 0.543112 1.000215 0.939387 -0.000932
98.066667 0.522058 1.000208 0.941666 -0.000901
98.133333 0.501417 1.000201 0.943907 -0.000870
98.200000 0.481203 1.000194 0.946106 -0.000841
98.266667 0.461427 1.000187 0.948263 -0.000812
98.333333 0.442105 1.000181 0.950374 -0.000784
98.400000 0.423248 1.000175 0.952440 -0.000757
98.466667 0.404870 1.000168 0.954457 -0.000731
98.533333 0.386984 1.000163 0.956425 -0.000706
98.600000 0.369604 1.000157 0.958340 -0.000682
98.666667 0.352743 1.000152 0.960203 -0.000658
98.733333 0.336415 1.000147 0.962009 -0.000636
98.800000 0.320634 1.000142 0.963759 -0.000615
98.866667 0.305413 1.000137 0.965449 -0.000595
98.933333 0.290766 1.000133 0.967078 -0.000576
99.000000 0.276707 1.000129 0.968645 -0.000558
99.066667 0.263250 1.000125 0.970147 -0.000541
99.133333 0.250407 1.000121 0.971582 -0.000525
99.200000 0.238194 1.000118 0.972950 -0.000510
99.266667 0.226622 1.000114 0.974247 -0.000496
99.333333 0.215706 1.000111 0.975472 -0.000483
99.400000 0.205459 1.000109 0.976623 -0.000472
99.466667 0.195894 1.000106 0.977699 -0.000461
99.533333 0.187025 1.000104 0.978698 -0.000452
99.600000 0.178863 1.000102 0.979618 -0.000443
99.666667 0.171423 1.000101 0.980458 -0.000436
99.733333 0.164716 1.000099 0.981215 -0.000430
99.800000 0.158756 1.000098 0.981889 -0.000425
99.866667 0.153554 1.000097 0.982477 -0.000421
