# z LM (E,E) abs(P1) alpha
0.000000 0.000891 1.000000 0.999897 -0.000000
0.066667 0.003563 1.000000 0.999590 -0.000001
0.133333 0.008014 1.000001 0.999078 -0.000004
0.200000 0.014244 1.000002 0.998361 -0.000007
0.266667 0.022247 1.000003 0.997442 -0.000011
0.333333 0.032019 1.000004 0.996320 -0.000015
0.400000 0.043556 1.000005 0.994998 -0.000021
0.466667 0.056850 1.000006 0.993476 -0.000027
0.533333 0.071894 1.000008 0.991757 -0.000034
0.600000 0.088681 1.000010 0.989842 -0.000042
0.666667 0.107200 1.000012 0.987734 -0.000051
0.733333 0.127441 1.000014 0.985435 -0.000060
0.800000 0.149393 1.000016 0.982948 -0.000071
0.866667 0.173044 1.000019 0.980275 -0.000082
0.933333 0.198381 1.000022 0.977419 -0.000094
1.000000 0.225388 1.000025 0.974385 -0.000107
1.066667 0.254052 1.000028 0.971175 -0.000120
1.133333 0.284355 1.000031 0.967792 -0.000135
1.200000 0.316282 1.000035 0.964242 -0.000150
1.266667 0.349813 1.000038 0.960527 -0.000167
1.333333 0.384930 1.000042 0.956651 -0.000184
1.400000 0.421612 1.000047 0.952619 -0.000202
1.466667 0.459840 1.000051 0.948436 -0.000220
1.533333 0.499591 1.000055 0.944105 -0.000240
1.600000 0.540843 1.000060 0.939632 -0.000261
1.666667 0.583572 1.000065 0.935021 -0.000282
1.733333 0.627754 1.000070 0.930277 -0.000304
1.800000 0.673364 1.000076 0.925405 -0.000328
1.866667 0.720375 1.000081 0.920410 -0.000352
1.933333 0.768760 1.000087 0.915297 -0.000377
2.000000 0.818493 1.000093 0.910071 -0.000403
2.066667 0.869545 1.000099 0.904738 -0.000430
2.133333 0.921886 1.000105 0.899302 -0.000457
2.200000 0.975487 1.000112 0.893770 -0.000486
2.266667 1.030317 1.000119 0.888146 -0.000516
2.333333 1.086346 1.000126 0.882435 -0.000546
2.400000 1.143542 1.000133 0.876643 -0.000578
2.466667 1.201872 1.000141 0.870776 -0.000610
2.533333 1.261305 1.000148 0.864838 -0.000644
2.600000 1.321806 1.000156 0.858835 -0.000678
2.666667 1.383343 1.000165 0.852772 -0.000714
2.733333 1.445881 1.000173 0.846654 -0.000750
2.800000 1.509387 1.000182 0.840486 -0.000788
2.866667 1.573827 1.000190 0.834274 -0.000826
2.933333 1.639165 1.000199 0.828022 -0.000866
3.000000 1.705367 1.000209 0.821735 -0.000906
3.066667 1.772398 1.000218 0.815418 -0.000948
3.133333 1.840224 1.000228 0.809075 -0.000990
3.200000 1.908811 1.000238 0.802711 -0.001034
3.266667 1.978123 1.000249 0.796331 -0.001079
3.333333 2.048127 1.000259 0.789939 -0.001124
3.400000 2.118789 1.000270 0.783539 -0.001171
3.466667 2.190075 1.000281 0.777135 -0.001219
3.533333 2.261952 1.000292 0.770730 -0.001268
3.600000 2.334387 1.000304 0.764330 -0.001319
3.666667 2.407349 1.000316 0.757936 -0.001370
3.733333 2.480805 1.000328 0.751553 -0.001422
3.800000 2.554725 1.000340 0.745184 -0.001476
3.866667 2.629079 1.000353 0.738833 -0.001531
3.933333 2.703838 1.000366 0.732501 -0.001586
4.000000 2.778972 1.000379 0.726192 -0.001644
4.066667 2.854455 1.000392 0.719908 -0.001702
4.133333 2.930260 1.000406 0.713653 -0.001761
4.200000 3.006361 1.000420 0.707428 -0.001822
4.266667 3.082733 1.000434 0.701235 -0.001884
4.333333 3.159354 1.000448 0.695076 -0.001947
4.400000 3.236200 1.000463 0.688954 -0.002011
4.466667 3.313250 1.000478 0.682869 -0.002076
4.533333 3.390484 1.000494 0.676824 -0.002143
4.600000 3.467882 1.000509 0.670820 -0.002211
4.666667 3.545428 1.000525 0.664858 -0.002280
4.733333 3.623102 1.000542 0.658938 -0.002351
4.800000 3.700891 1.000558 0.653064 -0.002423
4.866667 3.778780 1.000575 0.647234 -0.002496
4.933333 3.856753 1.000592 0.641449 -0.002570
5.000000 3.934801 1.000609 0.635711 -0.002645
5.066667 4.012910 1.000627 0.630020 -0.002722
5.133333 4.091070 1.000645 0.624376 -0.002800
5.200000 4.169272 1.000663 0.618780 -0.002880
5.266667 4.247507 1.000682 0.613232 -0.002961
5.333333 4.325767 1.000701 0.607731 -0.003043
5.400000 4.404046 1.000720 0.602279 -0.003126
5.466667 4.482338 1.000740 0.596875 -0.003211
5.533333 4.560636 1.000759 0.591518 -0.003297
5.600000 4.638937 1.000780 0.586210 -0.003384
5.666667 4.717235 1.000800 0.580949 -0.003472
5.733333 4.795527 1.000821 0.575736 -0.003562
5.800000 4.873811 1.000842 0.570571 -0.003653
5.866667 4.952082 1.000863 0.565452 -0.003746
5.933333 5.030338 1.000885 0.560381 -0.003840
6.000000 5.108578 1.000907 0.555356 -0.003935
6.066667 5.186799 1.000929 0.550377 -0.004031
6.133333 5.264998 1.000951 0.545444 -0.004129
6.200000 5.343175 1.000974 0.540557 -0.004227
6.266667 5.421326 1.000997 0.535715 -0.004328
6.333333 5.499452 1.001020 0.530918 -0.004429
6.400000 5.577548 1.001044 0.526166 -0.004532
6.466667 5.655614 1.001068 0.521458 -0.004635
6.533333 5.733647 1.001092 0.516794 -0.004740
6.600000 5.811644 1.001117 0.512174 -0.004847
6.666667 5.889604 1.001142 0.507598 -0.004954
6.733333 5.967523 1.001167 0.503065 -0.005063
6.800000 6.045398 1.001192 0.498575 -0.005173
6.866667 6.123226 1.001217 0.494127 -0.005284
6.933333 6.201003 1.001243 0.489722 -0.005396
7.000000 6.278725 1.001269 0.485360 -0.005509
7.066667 6.356389 1.001296 0.481039 -0.005623
7.133333 6.433989 1.001322 0.476761 -0.005738
7.200000 6.511521 1.001349 0.472524 -0.005855
7.266667 6.588980 1.001376 0.468329 -0.005972
7.333333 6.666361 1.001403 0.464175 -0.006090
7.400000 6.743659 1.001431 0.460063 -0.006209
7.466667 6.820868 1.001459 0.455991 -0.006329
7.533333 6.897982 1.001487 0.451961 -0.006451
7.600000 6.974997 1.001515 0.447971 -0.006572
7.666667 7.051905 1.001543 0.444022 -0.006695
7.733333 7.128702 1.001571 0.440114 -0.006819
7.800000 7.205382 1.001600 0.436245 -0.006943
7.866667 7.281939 1.001629 0.432417 -0.007068
7.933333 7.358368 1.001658 0.428629 -0.007193
8.000000 7.434664 1.001687 0.424881 -0.007320
8.066667 7.510820 1.001716 0.421172 -0.007447
8.133333 7.586833 1.001746 0.417502 -0.007574
8.200000 7.662698 1.001775 0.413871 -0.007702
8.266667 7.738410 1.001805 0.410279 -0.007830
8.333333 7.813966 1.001834 0.406726 -0.007959
8.400000 7.889362 1.001864 0.403211 -0.008088
8.466667 7.964596 1.001894 0.399733 -0.008218
8.533333 8.039664 1.001924 0.396293 -0.008348
8.600000 8.114564 1.001954 0.392891 -0.008478
8.666667 8.189295 1.001984 0.389525 -0.008608
8.733333 8.263855 1.002014 0.386196 -0.008738
8.800000 8.338244 1.002044 0.382902 -0.008869
8.866667 8.412462 1.002074 0.379644 -0.008999
8.933333 8.486508 1.002105 0.376422 -0.009130
9.000000 8.560384 1.002135 0.373234 -0.009260
9.066667 8.634091 1.002165 0.370080 -0.009391
9.133333 8.707630 1.002195 0.366960 -0.009521
9.200000 8.781004 1.002225 0.363873 -0.009651
9.266667 8.854215 1.002255 0.360819 -0.009780
9.333333 8.927265 1.002285 0.357797 -0.009910
9.400000 9.000159 1.002314 0.354807 -0.010039
9.466667 9.072899 1.002344 0.351848 -0.010167
9.533333 9.145490 1.002373 0.348920 -0.010295
9.600000 9.217934 1.002403 0.346022 -0.010422
9.666667 9.290236 1.002432 0.343153 -0.010549
9.733333 9.362400 1.002461 0.340314 -0.010675
9.800000 9.434431 1.002490 0.337504 -0.010800
9.866667 9.506331 1.002519 0.334721 -0.010925
9.933333 9.578106 1.002547 0.331967 -0.011049
10.000000 9.649758 1.002576 0.329240 -0.011172
10.066667 9.721292 1.002604 0.326539 -0.011293
10.133333 9.792712 1.002632 0.323865 -0.011414
10.200000 9.864019 1.002659 0.321217 -0.011534
10.266667 9.935218 1.002687 0.318595 -0.011653
10.333333 10.006310 1.002714 0.315998 -0.011770
10.400000 10.077297 1.002741 0.313426 -0.011887
10.466667 10.148182 1.002767 0.310879 -0.012002
10.533333 10.218965 1.002794 0.308356 -0.012116
10.600000 10.289647 1.002820 0.305856 -0.012228
10.666667 10.360228 1.002845 0.303381 -0.012339
10.733333 10.430707 1.002871 0.300929 -0.012449
10.800000 10.501085 1.002896 0.298501 -0.012557
10.866667 10.571359 1.002920 0.296096 -0.012663
10.933333 10.641527 1.002944 0.293713 -0.012768
11.000000 10.711587 1.002968 0.291354 -0.012871
11.066667 10.781536 1.002992 0.289017 -0.012973
11.133333 10.851371 1.003015 0.286702 -0.013073
11.200000 10.921087 1.003037 0.284411 -0.013171
11.266667 10.990681 1.003060 0.282141 -0.013267
11.333333 11.060148 1.003082 0.279893 -0.013362
11.400000 11.129483 1.003103 0.277668 -0.013454
11.466667 11.198680 1.003124 0.275465 -0.013545
11.533333 11.267736 1.003144 0.273283 -0.013634
11.600000 11.336643 1.003164 0.271124 -0.013721
11.666667 11.405396 1.003184 0.268986 -0.013805
11.733333 11.473990 1.003203 0.266870 -0.013888
11.800000 11.542420 1.003222 0.264776 -0.013969
11.866667 11.610679 1.003240 0.262704 -0.014048
11.933333 11.678763 1.003258 0.260652 -0.014124
12.000000 11.746666 1.003275 0.258623 -0.014199
12.066667 11.814384 1.003292 0.256614 -0.014271
12.133333 11.881912 1.003308 0.254627 -0.014341
12.200000 11.949247 1.003324 0.252661 -0.014409
12.266667 12.016386 1.003339 0.250715 -0.014475
12.333333 12.083325 1.003353 0.248790 -0.014539
12.400000 12.150062 1.003368 0.246886 -0.014600
12.466667 12.216595 1.003381 0.245002 -0.014659
12.533333 12.282924 1.003394 0.243139 -0.014716
12.600000 12.349049 1.003407 0.241295 -0.014771
12.666667 12.414969 1.003419 0.239470 -0.014823
12.733333 12.480686 1.003431 0.237665 -0.014874
12.800000 12.546202 1.003442 0.235879 -0.014921
12.866667 12.611519 1.003452 0.234112 -0.014967
12.933333 12.676641 1.003462 0.232364 -0.015010
13.000000 12.741572 1.003472 0.230633 -0.015052
13.066667 12.806317 1.003481 0.228920 -0.015090
13.133333 12.870880 1.003489 0.227225 -0.015127
13.200000 12.935268 1.003497 0.225547 -0.015161
13.266667 12.999486 1.003505 0.223885 -0.015193
13.333333 13.063543 1.003512 0.222240 -0.015223
13.400000 13.127445 1.003518 0.220611 -0.015251
13.466667 13.191199 1.003524 0.218998 -0.015276
13.533333 13.254813 1.003529 0.217400 -0.015299
13.600000 13.318296 1.003534 0.215817 -0.015320
13.666667 13.381655 1.003538 0.214248 -0.015338
13.733333 13.444899 1.003542 0.212694 -0.015355
13.800000 13.508035 1.003545 0.211153 -0.015369
13.866667 13.571070 1.003548 0.209627 -0.015381
13.933333 13.634013 1.003550 0.208113 -0.015392
14.000000 13.696869 1.003552 0.206612 -0.015399
14.066667 13.759647 1.003554 0.205125 -0.015405
14.133333 13.822351 1.003554 0.203649 -0.015409
14.200000 13.884987 1.003555 0.202186 -0.015411
14.266667 13.947560 1.003555 0.200734 -0.015410
14.333333 14.010073 1.003554 0.199295 -0.015408
14.400000 14.072529 1.003553 0.197867 -0.015403
14.466667 14.134931 1.003552 0.196451 -0.015397
14.533333 14.197280 1.003550 0.195046 -0.015389
14.600000 14.259576 1.003547 0.193652 -0.015378
14.666667 14.321817 1.003545 0.192269 -0.015366
14.733333 14.384003 1.003541 0.190897 -0.015352
14.800000 14.446130 1.003538 0.189537 -0.015336
14.866667 14.508194 1.003534 0.188187 -0.015319
14.933333 14.570191 1.003529 0.186849 -0.015299
15.000000 14.632114 1.003524 0.185522 -0.015278
15.066667 14.693958 1.003519 0.184205 -0.015255
15.133333 14.755714 1.003513 0.182900 -0.015230
15.200000 14.817374 1.003507 0.181606 -0.015204
15.266667 14.878929 1.003501 0.180324 -0.015176
15.333333 14.940369 1.003494 0.179053 -0.015146
15.400000 15.001684 1.003487 0.177793 -0.015115
15.466667 15.062864 1.003479 0.176546 -0.015082
15.533333 15.123897 1.003471 0.175309 -0.015048
15.600000 15.184772 1.003463 0.174085 -0.015012
15.666667 15.245478 1.003454 0.172873 -0.014975
15.733333 15.306004 1.003445 0.171672 -0.014936
15.800000 15.366340 1.003436 0.170484 -0.014896
15.866667 15.426474 1.003426 0.169308 -0.014854
15.933333 15.486397 1.003416 0.168144 -0.014811
16.000000 15.546099 1.003406 0.166992 -0.014767
16.066667 15.605573 1.003396 0.165852 -0.014722
16.133333 15.664810 1.003385 0.164725 -0.014675
16.200000 15.723804 1.003374 0.163610 -0.014627
16.266667 15.782551 1.003363 0.162507 -0.014578
16.333333 15.841045 1.003351 0.161416 -0.014528
16.400000 15.899284 1.003339 0.160338 -0.014477
16.466667 15.957267 1.003327 0.159271 -0.014424
16.533333 16.014995 1.003315 0.158216 -0.014371
16.600000 16.072469 1.003302 0.157173 -0.014316
16.666667 16.129693 1.003289 0.156140 -0.014261
16.733333 16.186672 1.003276 0.155119 -0.014204
16.800000 16.243414 1.003263 0.154109 -0.014147
16.866667 16.299927 1.003249 0.153110 -0.014089
16.933333 16.356221 1.003236 0.152121 -0.014029
17.000000 16.412307 1.003222 0.151142 -0.013969
17.066667 16.468199 1.003208 0.150172 -0.013909
17.133333 16.523912 1.003194 0.149212 -0.013847
17.200000 16.579461 1.003179 0.148261 -0.013785
17.266667 16.634862 1.003165 0.147318 -0.013722
17.333333 16.690135 1.003150 0.146384 -0.013658
17.400000 16.745296 1.003135 0.145457 -0.013594
17.466667 16.800367 1.003120 0.144538 -0.013529
17.533333 16.855366 1.003105 0.143626 -0.013463
17.600000 16.910312 1.003090 0.142720 -0.013397
17.666667 16.965227 1.003074 0.141820 -0.013330
17.733333 17.020128 1.003059 0.140927 -0.013263
17.800000 17.075037 1.003043 0.140039 -0.013195
17.866667 17.129970 1.003027 0.139156 -0.013127
17.933333 17.184945 1.003011 0.138278 -0.013058
18.000000 17.239979 1.002996 0.137405 -0.012989
18.066667 17.295086 1.002980 0.136536 -0.012920
18.133333 17.350279 1.002963 0.135671 -0.012850
18.200000 17.405571 1.002947 0.134810 -0.012780
18.266667 17.460969 1.002931 0.133953 -0.012710
18.333333 17.516482 1.002915 0.133099 -0.012639
18.400000 17.572113 1.002898 0.132250 -0.012568
18.466667 17.627866 1.002882 0.131403 -0.012497
18.533333 17.683738 1.002865 0.130561 -0.012426
18.600000 17.739727 1.002849 0.129722 -0.012354
18.666667 17.795825 1.002832 0.128887 -0.012283
18.733333 17.852024 1.002816 0.128056 -0.012211
18.800000 17.908310 1.002799 0.127229 -0.012139
18.866667 17.964668 1.002783 0.126406 -0.012067
18.933333 18.021079 1.002766 0.125587 -0.011995
19.000000 18.077521 1.002749 0.124774 -0.011923
19.066667 18.133969 1.002733 0.123966 -0.011851
19.133333 18.190396 1.002716 0.123163 -0.011779
19.200000 18.246772 1.002699 0.122366 -0.011707
19.266667 18.303063 1.002683 0.121576 -0.011635
19.333333 18.359235 1.002666 0.120792 -0.011563
19.400000 18.415250 1.002649 0.120016 -0.011491
19.466667 18.471072 1.002633 0.119247 -0.011419
19.533333 18.526658 1.002616 0.118486 -0.011347
19.600000 18.581970 1.002600 0.117734 -0.011275
19.666667 18.636966 1.002583 0.116991 -0.011204
19.733333 18.691604 1.002567 0.116257 -0.011133
19.800000 18.745843 1.002550 0.115533 -0.011062
19.866667 18.799644 1.002534 0.114820 -0.010991
19.933333 18.852968 1.002518 0.114117 -0.010920
20.000000 18.905778 1.002501 0.113426 -0.010849
20.066667 18.958040 1.002485 0.112745 -0.010779
20.133333 19.009723 1.002469 0.112076 -0.010709
20.200000 19.060799 1.002453 0.111419 -0.010640
20.266667 19.111244 1.002437 0.110774 -0.010570
20.333333 19.161038 1.002421 0.110141 -0.010501
20.400000 19.210168 1.002405 0.109520 -0.010432
20.466667 19.258624 1.002389 0.108910 -0.010364
20.533333 19.306401 1.002374 0.108313 -0.010296
20.600000 19.353504 1.002358 0.107727 -0.010228
20.666667 19.399941 1.002342 0.107153 -0.010161
20.733333 19.445726 1.002327 0.106589 -0.010094
20.800000 19.490883 1.002312 0.106037 -0.010027
20.866667 19.535439 1.002296 0.105494 -0.009961
20.933333 19.579431 1.002281 0.104961 -0.009895
21.000000 19.622899 1.002266 0.104437 -0.009830
21.066667 19.665895 1.002251 0.103921 -0.009765
21.133333 19.708471 1.002236 0.103413 -0.009700
21.200000 19.750691 1.002221 0.102912 -0.009636
21.266667 19.792621 1.002207 0.102416 -0.009573
21.333333 19.834333 1.002192 0.101926 -0.009510
21.400000 19.875905 1.002178 0.101439 -0.009447
21.466667 19.917419 1.002163 0.100955 -0.009385
21.533333 19.958961 1.002149 0.100474 -0.009323
21.600000 20.000621 1.002135 0.099993 -0.009262
21.666667 20.042489 1.002121 0.099512 -0.009202
21.733333 20.084660 1.002107 0.099030 -0.009141
21.800000 20.127230 1.002094 0.098546 -0.009082
21.866667 20.170293 1.002080 0.098059 -0.009023
21.933333 20.213945 1.002066 0.097567 -0.008964
22.000000 20.258281 1.002053 0.097070 -0.008906
22.066667 20.303393 1.002040 0.096567 -0.008849
22.133333 20.349372 1.002027 0.096058 -0.008792
22.200000 20.396305 1.002014 0.095540 -0.008736
22.266667 20.444275 1.002001 0.095014 -0.008680
22.333333 20.493360 1.001988 0.094478 -0.008625
22.400000 20.543631 1.001976 0.093933 -0.008570
22.466667 20.595156 1.001963 0.093377 -0.008516
22.533333 20.647991 1.001951 0.092811 -0.008463
22.600000 20.702188 1.001939 0.092234 -0.008410
22.666667 20.757788 1.001926 0.091645 -0.008358
22.733333 20.814823 1.001915 0.091046 -0.008306
22.800000 20.873312 1.001903 0.090435 -0.008255
22.866667 20.933267 1.001891 0.089812 -0.008205
22.933333 20.994683 1.001880 0.089180 -0.008155
23.000000 21.057546 1.001868 0.088537 -0.008106
23.066667 21.121826 1.001857 0.087884 -0.008057
23.133333 21.187478 1.001846 0.087222 -0.008009
23.200000 21.254442 1.001835 0.086552 -0.007962
23.266667 21.322643 1.001824 0.085875 -0.007915
23.333333 21.391987 1.001814 0.085192 -0.007868
23.400000 21.462364 1.001803 0.084505 -0.007823
23.466667 21.533646 1.001793 0.083814 -0.007778
23.533333 21.605685 1.001782 0.083122 -0.007733
23.600000 21.678316 1.001772 0.082430 -0.007690
23.666667 21.751355 1.001762 0.081740 -0.007646
23.733333 21.824596 1.001753 0.081053 -0.007604
23.800000 21.897819 1.001743 0.080373 -0.007562
23.866667 21.970783 1.001733 0.079700 -0.007521
23.933333 22.043230 1.001724 0.079038 -0.007480
24.000000 22.114886 1.001715 0.078389 -0.007440
24.066667 22.185464 1.001706 0.077755 -0.007400
24.133333 22.254663 1.001697 0.077138 -0.007361
24.200000 22.322171 1.001688 0.076541 -0.007323
24.266667 22.387671 1.001679 0.075966 -0.007285
24.333333 22.450840 1.001670 0.075415 -0.007248
24.400000 22.511356 1.001662 0.074891 -0.007212
24.466667 22.568901 1.001654 0.074397 -0.007176
24.533333 22.623164 1.001646 0.073934 -0.007140
24.600000 22.673847 1.001638 0.073503 -0.007106
24.666667 22.720670 1.001630 0.073108 -0.007071
24.733333 22.763377 1.001622 0.072750 -0.007038
24.800000 22.801739 1.001614 0.072429 -0.007005
24.866667 22.835557 1.001607 0.072148 -0.006972
24.933333 22.864672 1.001600 0.071906 -0.006941
25.000000 22.888963 1.001592 0.071705 -0.006909
25.066667 22.908354 1.001585 0.071545 -0.006879
25.133333 22.922813 1.001578 0.071426 -0.006849
25.200000 22.932358 1.001572 0.071348 -0.006819
25.266667 22.937052 1.001565 0.071309 -0.006790
25.333333 22.937010 1.001558 0.071310 -0.006762
25.400000 22.932391 1.001552 0.071348 -0.006734
25.466667 22.923400 1.001546 0.071422 -0.006707
25.533333 22.910284 1.001539 0.071530 -0.006680
25.600000 22.893328 1.001533 0.071669 -0.006654
25.666667 22.872855 1.001528 0.071839 -0.006628
25.733333 22.849214 1.001522 0.072034 -0.006603
25.800000 22.822785 1.001516 0.072254 -0.006579
25.866667 22.793965 1.001511 0.072494 -0.006555
25.933333 22.763171 1.001505 0.072751 -0.006531
26.000000 22.730830 1.001500 0.073023 -0.006508
26.066667 22.697379 1.001495 0.073305 -0.006486
26.133333 22.663259 1.001490 0.073593 -0.006464
26.200000 22.628910 1.001485 0.073885 -0.006443
26.266667 22.594771 1.001480 0.074176 -0.006422
26.333333 22.561276 1.001475 0.074462 -0.006401
26.400000 22.528852 1.001471 0.074741 -0.006382
26.466667 22.497915 1.001466 0.075007 -0.006362
26.533333 22.468874 1.001462 0.075259 -0.006343
26.600000 22.442125 1.001458 0.075491 -0.006325
26.666667 22.418053 1.001453 0.075700 -0.006307
26.733333 22.397030 1.001449 0.075884 -0.006289
26.800000 22.379417 1.001445 0.076038 -0.006272
26.866667 22.365565 1.001442 0.076159 -0.006256
26.933333 22.355811 1.001438 0.076245 -0.006240
27.000000 22.350486 1.001434 0.076291 -0.006224
27.066667 22.349907 1.001431 0.076297 -0.006209
27.133333 22.354388 1.001427 0.076257 -0.006194
27.200000 22.364233 1.001424 0.076171 -0.006180
27.266667 22.379740 1.001421 0.076035 -0.006166
27.333333 22.401205 1.001418 0.075847 -0.006153
27.400000 22.428920 1.001415 0.075606 -0.006140
27.466667 22.463177 1.001412 0.075308 -0.006127
27.533333 22.504267 1.001409 0.074953 -0.006115
27.600000 22.552484 1.001406 0.074538 -0.006103
27.666667 22.608125 1.001404 0.074062 -0.006092
27.733333 22.671495 1.001401 0.073523 -0.006081
27.800000 22.742904 1.001399 0.072921 -0.006070
27.866667 22.822675 1.001396 0.072255 -0.006060
27.933333 22.911140 1.001394 0.071523 -0.006050
28.000000 23.008647 1.001392 0.070724 -0.006041
28.066667 23.115562 1.001390 0.069859 -0.006032
28.133333 23.232268 1.001388 0.068927 -0.006023
28.200000 23.359172 1.001386 0.067927 -0.006015
28.266667 23.496706 1.001384 0.066860 -0.006007
28.333333 23.645333 1.001383 0.065725 -0.005999
28.400000 23.805547 1.001381 0.064524 -0.005992
28.466667 23.977879 1.001379 0.063257 -0.005985
28.533333 24.162901 1.001378 0.061923 -0.005979
28.600000 24.361233 1.001376 0.060525 -0.005973
28.666667 24.573543 1.001375 0.059064 -0.005967
28.733333 24.800560 1.001374 0.057540 -0.005961
28.800000 25.043073 1.001373 0.055956 -0.005956
28.866667 25.301939 1.001371 0.054313 -0.005952
28.933333 25.578092 1.001370 0.052613 -0.005947
29.000000 25.872545 1.001369 0.050860 -0.005943
29.066667 26.186394 1.001369 0.049055 -0.005939
29.133333 26.520823 1.001368 0.047202 -0.005935
29.200000 26.877100 1.001367 0.045305 -0.005932
29.266667 27.256566 1.001366 0.043368 -0.005929
29.333333 27.660618 1.001366 0.041397 -0.005927
29.400000 28.090664 1.001365 0.039397 -0.005924
29.466667 28.548059 1.001365 0.037376 -0.005922
29.533333 29.033980 1.001364 0.035343 -0.005921
29.600000 29.549235 1.001364 0.033307 -0.005919
29.666667 30.093946 1.001364 0.031283 -0.005918
29.733333 30.667047 1.001364 0.029285 -0.005917
29.800000 31.265511 1.001363 0.027335 -0.005917
29.866667 31.883183 1.001363 0.025459 -0.005916
29.933333 32.509125 1.001363 0.023689 -0.005916
30.000000 33.125488 1.001363 0.022066 -0.005916
30.066667 33.705296 1.001363 0.020641 -0.005917
30.133333 34.211294 1.001364 0.019473 -0.005917
30.200000 34.598051 1.001364 0.018625 -0.005918
30.266667 34.819691 1.001364 0.018156 -0.005920
30.333333 34.842947 1.001364 0.018107 -0.005921
30.400000 34.659681 1.001365 0.018493 -0.005923
30.466667 34.290320 1.001365 0.019297 -0.005925
30.533333 33.775496 1.001366 0.020475 -0.005927
30.600000 33.162223 1.001366 0.021973 -0.005929
30.666667 32.492849 1.001367 0.023733 -0.005932
30.733333 31.800036 1.001368 0.025704 -0.005934
30.800000 31.106433 1.001368 0.027841 -0.005937
30.866667 30.426507 1.001369 0.030107 -0.005941
30.933333 29.768805 1.001370 0.032476 -0.005944
31.000000 29.137895 1.001371 0.034922 -0.005948
31.066667 28.535792 1.001371 0.037429 -0.005951
31.133333 27.962932 1.001372 0.039981 -0.005955
31.200000 27.418818 1.001373 0.042566 -0.005959
31.266667 26.902425 1.001374 0.045173 -0.005964
31.333333 26.412458 1.001375 0.047794 -0.005968
31.400000 25.947507 1.001376 0.050423 -0.005973
31.466667 25.506143 1.001377 0.053051 -0.005978
31.533333 25.086970 1.001379 0.055674 -0.005983
31.600000 24.688663 1.001380 0.058286 -0.005988
31.666667 24.309972 1.001381 0.060884 -0.005993
31.733333 23.949739 1.001382 0.063462 -0.005998
31.800000 23.606889 1.001384 0.066017 -0.006004
31.866667 23.280434 1.001385 0.068545 -0.006009
31.933333 22.969464 1.001386 0.071044 -0.006015
32.000000 22.673143 1.001387 0.073509 -0.006021
32.066667 22.390703 1.001389 0.075939 -0.006027
32.133333 22.121439 1.001390 0.078330 -0.006033
32.200000 21.864700 1.001392 0.080680 -0.006039
32.266667 21.619891 1.001393 0.082986 -0.006046
32.333333 21.386459 1.001395 0.085247 -0.006052
32.400000 21.163897 1.001396 0.087459 -0.006058
32.466667 20.951734 1.001398 0.089622 -0.006065
32.533333 20.749537 1.001399 0.091732 -0.006072
32.600000 20.556901 1.001401 0.093790 -0.006078
32.666667 20.373452 1.001402 0.095792 -0.006085
32.733333 20.198842 1.001404 0.097737 -0.006092
32.800000 20.032746 1.001405 0.099624 -0.006099
32.866667 19.874860 1.001407 0.101451 -0.006106
32.933333 19.724902 1.001409 0.103218 -0.006113
33.000000 19.582605 1.001410 0.104923 -0.006120
33.066667 19.447720 1.001412 0.106565 -0.006128
33.133333 19.320013 1.001414 0.108143 -0.006135
33.200000 19.199263 1.001415 0.109657 -0.006142
33.266667 19.085262 1.001417 0.111106 -0.006149
33.333333 18.977813 1.001419 0.112489 -0.006157
33.400000 18.876728 1.001421 0.113806 -0.006164
33.466667 18.781830 1.001422 0.115056 -0.006172
33.533333 18.692950 1.001424 0.116239 -0.006179
33.600000 18.609926 1.001426 0.117356 -0.006187
33.666667 18.532606 1.001428 0.118405 -0.006195
33.733333 18.460839 1.001429 0.119387 -0.006202
33.800000 18.394484 1.001431 0.120303 -0.006210
33.866667 18.333404 1.001433 0.121152 -0.006218
33.933333 18.277466 1.001435 0.121935 -0.006226
34.000000 18.226540 1.001437 0.122652 -0.006234
34.066667 18.180501 1.001438 0.123303 -0.006242
34.133333 18.139225 1.001440 0.123891 -0.006250
34.200000 18.102592 1.001442 0.124414 -0.006258
34.266667 18.070483 1.001444 0.124875 -0.006266
34.333333 18.042781 1.001446 0.125274 -0.006274
34.400000 18.019367 1.001448 0.125612 -0.006282
34.466667 18.000127 1.001450 0.125891 -0.006291
34.533333 17.984943 1.001452 0.126111 -0.006299
34.600000 17.973697 1.001454 0.126274 -0.006308
34.666667 17.966271 1.001456 0.126382 -0.006316
34.733333 17.962545 1.001458 0.126437 -0.006325
34.800000 17.962395 1.001460 0.126439 -0.006333
34.866667 17.965698 1.001462 0.126391 -0.006342
34.933333 17.972323 1.001464 0.126294 -0.006351
35.000000 17.982139 1.001466 0.126152 -0.006360
35.066667 17.995008 1.001468 0.125965 -0.006369
35.133333 18.010790 1.001470 0.125736 -0.006378
35.200000 18.029336 1.001472 0.125468 -0.006387
35.266667 18.050494 1.001474 0.125163 -0.006396
35.333333 18.074103 1.001476 0.124823 -0.006405
35.400000 18.099997 1.001478 0.124452 -0.006415
35.466667 18.128000 1.001480 0.124051 -0.006424
35.533333 18.157930 1.001483 0.123624 -0.006434
35.600000 18.189595 1.001485 0.123174 -0.006443
35.666667 18.222794 1.001487 0.122704 -0.006453
35.733333 18.257316 1.001489 0.122218 -0.006463
35.800000 18.292940 1.001492 0.121717 -0.006473
35.866667 18.329436 1.001494 0.121207 -0.006483
35.933333 18.366563 1.001496 0.120690 -0.006493
36.000000 18.404068 1.001499 0.120170 -0.006503
36.066667 18.441691 1.001501 0.119651 -0.006513
36.133333 18.479160 1.001503 0.119136 -0.006524
36.200000 18.516192 1.001506 0.118629 -0.006534
36.266667 18.552497 1.001508 0.118134 -0.006545
36.333333 18.587777 1.001511 0.117655 -0.006555
36.400000 18.621725 1.001513 0.117196 -0.006566
36.466667 18.654030 1.001516 0.116761 -0.006576
36.533333 18.684377 1.001518 0.116354 -0.006587
36.600000 18.712446 1.001521 0.115979 -0.006598
36.666667 18.737921 1.001523 0.115639 -0.006609
36.733333 18.760483 1.001526 0.115339 -0.006620
36.800000 18.779822 1.001528 0.115082 -0.006631
36.866667 18.795634 1.001531 0.114873 -0.006642
36.933333 18.807625 1.001533 0.114715 -0.006653
37.000000 18.815514 1.001536 0.114610 -0.006664
37.066667 18.819037 1.001538 0.114564 -0.006675
37.133333 18.817951 1.001541 0.114578 -0.006686
37.200000 18.812034 1.001543 0.114656 -0.006697
37.266667 18.801089 1.001546 0.114801 -0.006708
37.333333 18.784947 1.001548 0.115015 -0.006719
37.400000 18.763470 1.001551 0.115299 -0.006730
37.466667 18.736551 1.001554 0.115657 -0.006741
37.533333 18.704115 1.001556 0.116090 -0.006752
37.600000 18.666124 1.001559 0.116599 -0.006763
37.666667 18.622572 1.001561 0.117185 -0.006774
37.733333 18.573486 1.001564 0.117849 -0.006785
37.800000 18.518930 1.001566 0.118591 -0.006796
37.866667 18.458996 1.001569 0.119413 -0.006806
37.933333 18.393808 1.001571 0.120312 -0.006817
38.000000 18.323519 1.001574 0.121290 -0.006828
38.066667 18.248306 1.001576 0.122345 -0.006838
38.133333 18.168369 1.001578 0.123476 -0.006849
38.200000 18.083929 1.001581 0.124682 -0.006859
38.266667 17.995223 1.001583 0.125962 -0.006869
38.333333 17.902501 1.001585 0.127314 -0.006879
38.400000 17.806025 1.001588 0.128736 -0.006889
38.466667 17.706063 1.001590 0.130226 -0.006899
38.533333 17.602889 1.001592 0.131782 -0.006909
38.600000 17.496778 1.001594 0.133402 -0.006919
38.666667 17.388005 1.001597 0.135083 -0.006928
38.733333 17.276842 1.001599 0.136823 -0.006937
38.800000 17.163557 1.001601 0.138619 -0.006947
38.866667 17.048411 1.001603 0.140469 -0.006956
38.933333 16.931658 1.001605 0.142370 -0.006964
39.000000 16.813543 1.001607 0.144319 -0.006973
39.066667 16.694300 1.001609 0.146314 -0.006981
39.133333 16.574154 1.001611 0.148352 -0.006990
39.200000 16.453317 1.001613 0.150430 -0.006998
39.266667 16.331992 1.001615 0.152546 -0.007006
39.333333 16.210369 1.001616 0.154697 -0.007014
39.400000 16.088625 1.001618 0.156880 -0.007021
39.466667 15.966929 1.001620 0.159094 -0.007029
39.533333 15.845434 1.001622 0.161335 -0.007036
39.600000 15.724286 1.001623 0.163601 -0.007043
39.666667 15.603617 1.001625 0.165890 -0.007050
39.733333 15.483551 1.001626 0.168199 -0.007056
39.800000 15.364200 1.001628 0.170526 -0.007063
39.866667 15.245667 1.001629 0.172869 -0.007069
39.933333 15.128048 1.001631 0.175226 -0.007075
40.000000 15.011426 1.001632 0.177594 -0.007081
40.066667 14.895880 1.001633 0.179972 -0.007087
40.133333 14.781478 1.001635 0.182359 -0.007093
40.200000 14.668283 1.001636 0.184751 -0.007098
40.266667 14.556351 1.001637 0.187147 -0.007104
40.333333 14.445729 1.001638 0.189546 -0.007109
40.400000 14.336462 1.001640 0.191945 -0.007114
40.466667 14.228586 1.001641 0.194344 -0.007119
40.533333 14.122134 1.001642 0.196740 -0.007124
40.600000 14.017134 1.001643 0.199133 -0.007128
40.666667 13.913608 1.001644 0.201521 -0.007133
40.733333 13.811575 1.001645 0.203902 -0.007137
40.800000 13.711051 1.001646 0.206275 -0.007141
40.866667 13.612048 1.001647 0.208640 -0.007146
40.933333 13.514573 1.001648 0.210995 -0.007150
41.000000 13.418633 1.001649 0.213338 -0.007154
41.066667 13.324230 1.001650 0.215669 -0.007158
41.133333 13.231364 1.001651 0.217988 -0.007162
41.200000 13.140034 1.001651 0.220292 -0.007165
41.266667 13.050235 1.001652 0.222581 -0.007169
41.333333 12.961962 1.001653 0.224855 -0.007173
41.400000 12.875207 1.001654 0.227112 -0.007177
41.466667 12.789961 1.001655 0.229352 -0.007180
41.533333 12.706213 1.001656 0.231574 -0.007184
41.600000 12.623952 1.001657 0.233777 -0.007188
41.666667 12.543164 1.001657 0.235962 -0.007191
41.733333 12.463836 1.001658 0.238127 -0.007195
41.800000 12.385953 1.001659 0.240272 -0.007199
41.866667 12.309500 1.001660 0.242396 -0.007203
41.933333 12.234459 1.001661 0.244499 -0.007206
42.000000 12.160814 1.001662 0.246581 -0.007210
42.066667 12.088549 1.001663 0.248641 -0.007214
42.133333 12.017645 1.001664 0.250679 -0.007218
42.200000 11.948083 1.001665 0.252695 -0.007222
42.266667 11.879847 1.001666 0.254688 -0.007227
42.333333 11.812916 1.001666 0.256658 -0.007231
42.400000 11.747273 1.001668 0.258605 -0.007235
42.466667 11.682898 1.001669 0.260528 -0.007240
42.533333 11.619773 1.001670 0.262429 -0.007244
42.600000 11.557878 1.001671 0.264305 -0.007249
42.666667 11.497195 1.001672 0.266158 -0.007254
42.733333 11.437705 1.001673 0.267988 -0.007259
42.800000 11.379390 1.001674 0.269793 -0.007264
42.866667 11.322230 1.001675 0.271574 -0.007270
42.933333 11.266208 1.001677 0.273331 -0.007275
43.000000 11.211305 1.001678 0.275065 -0.007281
43.066667 11.157503 1.001679 0.276774 -0.007286
43.133333 11.104784 1.001681 0.278459 -0.007292
43.200000 11.053132 1.001682 0.280120 -0.007299
43.266667 11.002529 1.001684 0.281756 -0.007305
43.333333 10.952957 1.001685 0.283369 -0.007311
43.400000 10.904401 1.001687 0.284957 -0.007318
43.466667 10.856844 1.001688 0.286522 -0.007325
43.533333 10.810270 1.001690 0.288062 -0.007332
43.600000 10.764662 1.001692 0.289579 -0.007340
43.666667 10.720007 1.001693 0.291071 -0.007347
43.733333 10.676287 1.001695 0.292540 -0.007355
43.800000 10.633490 1.001697 0.293985 -0.007363
43.866667 10.591599 1.001699 0.295406 -0.007371
43.933333 10.550601 1.001701 0.296804 -0.007379
44.000000 10.510482 1.001703 0.298178 -0.007387
44.066667 10.471228 1.001705 0.299529 -0.007396
44.133333 10.432824 1.001707 0.300856 -0.007405
44.200000 10.395259 1.001709 0.302160 -0.007414
44.266667 10.358518 1.001711 0.303441 -0.007423
44.333333 10.322589 1.001713 0.304699 -0.007432
44.400000 10.287459 1.001715 0.305934 -0.007442
44.466667 10.253115 1.001717 0.307146 -0.007451
44.533333 10.219545 1.001720 0.308335 -0.007461
44.600000 10.186736 1.001722 0.309502 -0.007471
44.666667 10.154677 1.001724 0.310646 -0.007481
44.733333 10.123354 1.001727 0.311769 -0.007491
44.800000 10.092757 1.001729 0.312869 -0.007502
44.866667 10.062872 1.001731 0.313947 -0.007512
44.933333 10.033687 1.001734 0.315004 -0.007523
45.000000 10.005190 1.001736 0.316039 -0.007533
45.066667 9.977369 1.001739 0.317053 -0.007544
45.133333 9.950213 1.001741 0.318046 -0.007555
45.200000 9.923707 1.001744 0.319018 -0.007566
45.266667 9.897840 1.001746 0.319969 -0.007577
45.333333 9.872599 1.001749 0.320900 -0.007588
45.400000 9.847972 1.001751 0.321811 -0.007599
45.466667 9.823945 1.001754 0.322703 -0.007610
45.533333 9.800506 1.001757 0.323575 -0.007621
45.600000 9.777640 1.001759 0.324428 -0.007632
45.666667 9.755334 1.001762 0.325262 -0.007643
45.733333 9.733575 1.001764 0.326078 -0.007655
45.800000 9.712349 1.001767 0.326876 -0.007666
45.866667 9.691640 1.001769 0.327656 -0.007677
45.933333 9.671435 1.001772 0.328419 -0.007687
46.000000 9.651719 1.001774 0.329165 -0.007698
46.066667 9.632476 1.001777 0.329895 -0.007709
46.133333 9.613690 1.001779 0.330610 -0.007719
46.200000 9.595347 1.001782 0.331309 -0.007730
46.266667 9.577429 1.001784 0.331993 -0.007740
46.333333 9.559921 1.001786 0.332663 -0.007750
46.400000 9.542805 1.001789 0.333319 -0.007760
46.466667 9.526065 1.001791 0.333962 -0.007770
46.533333 9.509683 1.001793 0.334592 -0.007780
46.600000 9.493642 1.001795 0.335211 -0.007789
46.666667 9.477924 1.001797 0.335818 -0.007798
46.733333 9.462511 1.001799 0.336414 -0.007807
46.800000 9.447384 1.001801 0.337001 -0.007816
46.866667 9.432524 1.001803 0.337578 -0.007824
46.933333 9.417914 1.001805 0.338146 -0.007832
47.000000 9.403533 1.001807 0.338706 -0.007840
47.066667 9.389364 1.001809 0.339259 -0.007847
47.133333 9.375385 1.001810 0.339806 -0.007854
47.200000 9.361579 1.001812 0.340346 -0.007861
47.266667 9.347926 1.001813 0.340882 -0.007868
47.333333 9.334406 1.001815 0.341413 -0.007874
47.400000 9.321000 1.001816 0.341940 -0.007879
47.466667 9.307689 1.001817 0.342464 -0.007885
47.533333 9.294453 1.001818 0.342987 -0.007889
47.600000 9.281273 1.001819 0.343508 -0.007894
47.666667 9.268130 1.001820 0.344028 -0.007898
47.733333 9.255006 1.001821 0.344548 -0.007902
47.800000 9.241881 1.001822 0.345069 -0.007905
47.866667 9.228738 1.001823 0.345592 -0.007908
47.933333 9.215559 1.001823 0.346116 -0.007910
48.000000 9.202327 1.001824 0.346644 -0.007912
48.066667 9.189024 1.001824 0.347175 -0.007914
48.133333 9.175634 1.001824 0.347711 -0.007915
48.200000 9.162142 1.001824 0.348251 -0.007915
48.266667 9.148532 1.001824 0.348798 -0.007915
48.333333 9.134789 1.001824 0.349350 -0.007915
48.400000 9.120899 1.001824 0.349909 -0.007914
48.466667 9.106850 1.001824 0.350475 -0.007913
48.533333 9.092629 1.001823 0.351050 -0.007911
48.600000 9.078224 1.001823 0.351632 -0.007909
48.666667 9.063626 1.001822 0.352224 -0.007907
48.733333 9.048823 1.001822 0.352825 -0.007904
48.800000 9.033808 1.001821 0.353435 -0.007900
48.866667 9.018572 1.001820 0.354056 -0.007896
48.933333 9.003110 1.001819 0.354686 -0.007892
49.000000 8.987414 1.001818 0.355328 -0.007887
49.066667 8.971481 1.001817 0.355980 -0.007882
49.133333 8.955307 1.001816 0.356644 -0.007877
49.200000 8.938889 1.001814 0.357319 -0.007871
49.266667 8.922227 1.001813 0.358005 -0.007865
49.333333 8.905319 1.001811 0.358702 -0.007858
49.400000 8.888167 1.001810 0.359411 -0.007852
49.466667 8.870773 1.001808 0.360132 -0.007844
49.533333 8.853139 1.001806 0.360864 -0.007837
49.600000 8.835271 1.001805 0.361607 -0.007829
49.666667 8.817172 1.001803 0.362361 -0.007821
49.733333 8.798851 1.001801 0.363126 -0.007813
49.800000 8.780313 1.001799 0.363902 -0.007805
49.866667 8.761568 1.001797 0.364688 -0.007796
49.933333 8.742625 1.001795 0.365484 -0.007787
50.000000 8.723494 1.001793 0.366290 -0.007778
50.066667 8.704187 1.001791 0.367105 -0.007769
50.133333 8.684715 1.001789 0.367929 -0.007760
50.200000 8.665091 1.001786 0.368761 -0.007751
50.266667 8.645329 1.001784 0.369601 -0.007741
50.333333 8.625444 1.001782 0.370448 -0.007732
50.400000 8.605451 1.001780 0.371302 -0.007722
50.466667 8.585364 1.001778 0.372162 -0.007713
50.533333 8.565200 1.001776 0.373027 -0.007704
50.600000 8.544976 1.001773 0.373896 -0.007694
50.666667 8.524708 1.001771 0.374770 -0.007685
50.733333 8.504414 1.001769 0.375646 -0.007676
50.800000 8.484111 1.001767 0.376526 -0.007666
50.866667 8.463816 1.001765 0.377406 -0.007658
50.933333 8.443548 1.001763 0.378288 -0.007649
51.000000 8.423324 1.001761 0.379170 -0.007640
51.066667 8.403162 1.001759 0.380051 -0.007632
51.133333 8.383078 1.001757 0.380931 -0.007623
51.200000 8.363091 1.001755 0.381808 -0.007615
51.266667 8.343218 1.001753 0.382683 -0.007608
51.333333 8.323474 1.001752 0.383554 -0.007600
51.400000 8.303876 1.001750 0.384420 -0.007593
51.466667 8.284441 1.001748 0.385281 -0.007586
51.533333 8.265182 1.001747 0.386137 -0.007580
51.600000 8.246115 1.001746 0.386985 -0.007574
51.666667 8.227252 1.001744 0.387826 -0.007568
51.733333 8.208607 1.001743 0.388660 -0.007563
51.800000 8.190193 1.001742 0.389485 -0.007558
51.866667 8.172019 1.001741 0.390300 -0.007553
51.933333 8.154097 1.001740 0.391107 -0.007549
52.000000 8.136434 1.001739 0.391903 -0.007546
52.066667 8.119041 1.001738 0.392688 -0.007542
52.133333 8.101922 1.001738 0.393463 -0.007540
52.200000 8.085084 1.001737 0.394226 -0.007537
52.266667 8.068531 1.001737 0.394978 -0.007536
52.333333 8.052267 1.001736 0.395719 -0.007534
52.400000 8.036293 1.001736 0.396447 -0.007534
52.466667 8.020610 1.001736 0.397164 -0.007533
52.533333 8.005216 1.001736 0.397868 -0.007533
52.600000 7.990110 1.001736 0.398561 -0.007534
52.666667 7.975288 1.001737 0.399241 -0.007535
52.733333 7.960744 1.001737 0.399910 -0.007537
52.800000 7.946472 1.001737 0.400568 -0.007539
52.866667 7.932464 1.001738 0.401215 -0.007541
52.933333 7.918710 1.001739 0.401850 -0.007544
53.000000 7.905199 1.001740 0.402476 -0.007548
53.066667 7.891919 1.001740 0.403092 -0.007552
53.133333 7.878856 1.001741 0.403699 -0.007556
53.200000 7.865995 1.001743 0.404297 -0.007561
53.266667 7.853318 1.001744 0.404887 -0.007566
53.333333 7.840808 1.001745 0.405471 -0.007572
53.400000 7.828446 1.001747 0.406048 -0.007578
53.466667 7.816211 1.001748 0.406621 -0.007584
53.533333 7.804082 1.001750 0.407189 -0.007591
53.600000 7.792035 1.001751 0.407754 -0.007598
53.666667 7.780048 1.001753 0.408317 -0.007606
53.733333 7.768095 1.001755 0.408879 -0.007614
53.800000 7.756151 1.001757 0.409442 -0.007622
53.866667 7.744189 1.001759 0.410006 -0.007630
53.933333 7.732183 1.001761 0.410573 -0.007639
54.000000 7.720105 1.001763 0.411145 -0.007648
54.066667 7.707927 1.001765 0.411722 -0.007657
54.133333 7.695622 1.001767 0.412305 -0.007666
54.200000 7.683161 1.001769 0.412897 -0.007676
54.266667 7.670515 1.001771 0.413499 -0.007685
54.333333 7.657657 1.001774 0.414111 -0.007695
54.400000 7.644559 1.001776 0.414736 -0.007705
54.466667 7.631194 1.001778 0.415375 -0.007715
54.533333 7.617534 1.001781 0.416029 -0.007725
54.600000 7.603553 1.001783 0.416699 -0.007735
54.666667 7.589228 1.001785 0.417387 -0.007746
54.733333 7.574532 1.001788 0.418093 -0.007756
54.800000 7.559445 1.001790 0.418820 -0.007766
54.866667 7.543943 1.001792 0.419568 -0.007776
54.933333 7.528008 1.001795 0.420339 -0.007786
55.000000 7.511621 1.001797 0.421133 -0.007796
55.066667 7.494766 1.001799 0.421951 -0.007806
55.133333 7.477427 1.001801 0.422794 -0.007816
55.200000 7.459594 1.001804 0.423663 -0.007825
55.266667 7.441255 1.001806 0.424558 -0.007835
55.333333 7.422402 1.001808 0.425481 -0.007844
55.400000 7.403030 1.001810 0.426431 -0.007853
55.466667 7.383136 1.001812 0.427409 -0.007862
55.533333 7.362718 1.001814 0.428414 -0.007871
55.600000 7.341780 1.001816 0.429448 -0.007880
55.666667 7.320325 1.001818 0.430510 -0.007888
55.733333 7.298361 1.001820 0.431601 -0.007896
55.800000 7.275897 1.001822 0.432718 -0.007903
55.866667 7.252947 1.001823 0.433863 -0.007911
55.933333 7.229524 1.001825 0.435035 -0.007918
56.000000 7.205647 1.001827 0.436232 -0.007925
56.066667 7.181335 1.001828 0.437455 -0.007931
56.133333 7.156612 1.001829 0.438702 -0.007937
56.200000 7.131503 1.001831 0.439972 -0.007943
56.266667 7.106034 1.001832 0.441264 -0.007949
56.333333 7.080236 1.001833 0.442576 -0.007954
56.400000 7.054140 1.001834 0.443908 -0.007959
56.466667 7.027779 1.001835 0.445257 -0.007963
56.533333 7.001189 1.001836 0.446622 -0.007967
56.600000 6.974407 1.001837 0.448002 -0.007971
56.666667 6.947472 1.001838 0.449393 -0.007975
56.733333 6.920424 1.001839 0.450795 -0.007978
56.800000 6.893303 1.001839 0.452204 -0.007980
56.866667 6.866153 1.001840 0.453620 -0.007983
56.933333 6.839017 1.001840 0.455040 -0.007985
57.000000 6.811938 1.001841 0.456460 -0.007987
57.066667 6.784962 1.001841 0.457880 -0.007989
57.133333 6.758133 1.001842 0.459297 -0.007990
57.200000 6.731498 1.001842 0.460707 -0.007991
57.266667 6.705100 1.001842 0.462110 -0.007991
57.333333 6.678987 1.001842 0.463501 -0.007992
57.400000 6.653202 1.001842 0.464879 -0.007992
57.466667 6.627792 1.001842 0.466241 -0.007992
57.533333 6.602800 1.001842 0.467584 -0.007991
57.600000 6.578271 1.001842 0.468907 -0.007991
57.666667 6.554247 1.001842 0.470205 -0.007990
57.733333 6.530771 1.001841 0.471478 -0.007989
57.800000 6.507885 1.001841 0.472722 -0.007988
57.866667 6.485627 1.001841 0.473935 -0.007987
57.933333 6.464038 1.001841 0.475114 -0.007985
58.000000 6.443154 1.001840 0.476258 -0.007984
58.066667 6.423013 1.001840 0.477364 -0.007982
58.133333 6.403649 1.001839 0.478429 -0.007980
58.200000 6.385095 1.001839 0.479452 -0.007979
58.266667 6.367382 1.001839 0.480431 -0.007977
58.333333 6.350540 1.001838 0.481363 -0.007975
58.400000 6.334598 1.001838 0.482248 -0.007973
58.466667 6.319581 1.001837 0.483082 -0.007971
58.533333 6.305514 1.001837 0.483865 -0.007969
58.600000 6.292418 1.001836 0.484595 -0.007967
58.666667 6.280314 1.001836 0.485271 -0.007965
58.733333 6.269219 1.001836 0.485891 -0.007964
58.800000 6.259149 1.001835 0.486455 -0.007962
58.866667 6.250118 1.001835 0.486961 -0.007960
58.933333 6.242137 1.001834 0.487409 -0.007959
59.000000 6.235215 1.001834 0.487797 -0.007958
59.066667 6.229359 1.001834 0.488126 -0.007956
59.133333 6.224573 1.001834 0.488395 -0.007955
59.200000 6.220859 1.001833 0.488604 -0.007954
59.266667 6.218216 1.001833 0.488753 -0.007954
59.333333 6.216641 1.001833 0.488841 -0.007953
59.400000 6.216129 1.001833 0.488870 -0.007953
59.466667 6.216672 1.001833 0.488840 -0.007953
59.533333 6.218259 1.001833 0.488750 -0.007953
59.600000 6.220877 1.001833 0.488603 -0.007954
59.666667 6.224510 1.001833 0.488399 -0.007955
59.733333 6.229140 1.001834 0.488138 -0.007956
59.800000 6.234745 1.001834 0.487824 -0.007957
59.866667 6.241303 1.001834 0.487455 -0.007958
59.933333 6.248786 1.001835 0.487036 -0.007960
60.000000 6.257166 1.001835 0.486566 -0.007963
60.066667 6.266411 1.001836 0.486048 -0.007965
60.133333 6.276487 1.001836 0.485485 -0.007968
60.200000 6.287357 1.001837 0.484878 -0.007971
60.266667 6.298982 1.001838 0.484229 -0.007974
60.333333 6.311319 1.001839 0.483542 -0.007978
60.400000 6.324325 1.001840 0.482818 -0.007982
60.466667 6.337951 1.001841 0.482061 -0.007987
60.533333 6.352149 1.001842 0.481274 -0.007991
60.600000 6.366866 1.001843 0.480459 -0.007996
60.666667 6.382049 1.001844 0.479620 -0.008002
60.733333 6.397640 1.001846 0.478760 -0.008007
60.800000 6.413582 1.001847 0.477882 -0.008013
60.866667 6.429814 1.001848 0.476990 -0.008020
60.933333 6.446273 1.001850 0.476087 -0.008026
61.000000 6.462896 1.001852 0.475177 -0.008033
61.066667 6.479616 1.001853 0.474263 -0.008040
61.133333 6.496366 1.001855 0.473349 -0.008048
61.200000 6.513079 1.001857 0.472439 -0.008055
61.266667 6.529685 1.001859 0.471537 -0.008063
61.333333 6.546113 1.001860 0.470646 -0.008072
61.400000 6.562293 1.001862 0.469770 -0.008080
61.466667 6.578154 1.001864 0.468913 -0.008089
61.533333 6.593625 1.001866 0.468079 -0.008098
61.600000 6.608635 1.001869 0.467270 -0.008107
61.666667 6.623114 1.001871 0.466492 -0.008116
61.733333 6.636992 1.001873 0.465747 -0.008126
61.800000 6.650201 1.001875 0.465040 -0.008135
61.866667 6.662673 1.001877 0.464372 -0.008145
61.933333 6.674345 1.001880 0.463749 -0.008155
62.000000 6.685151 1.001882 0.463172 -0.008165
62.066667 6.695032 1.001884 0.462646 -0.008175
62.133333 6.703930 1.001887 0.462172 -0.008186
62.200000 6.711789 1.001889 0.461754 -0.008196
62.266667 6.718557 1.001892 0.461394 -0.008206
62.333333 6.724187 1.001894 0.461095 -0.008217
62.400000 6.728633 1.001896 0.460859 -0.008227
62.466667 6.731857 1.001899 0.460688 -0.008238
62.533333 6.733821 1.001901 0.460584 -0.008248
62.600000 6.734494 1.001904 0.460548 -0.008259
62.666667 6.733850 1.001906 0.460583 -0.008269
62.733333 6.731867 1.001908 0.460688 -0.008279
62.800000 6.728528 1.001911 0.460865 -0.008289
62.866667 6.723821 1.001913 0.461115 -0.008299
62.933333 6.717741 1.001915 0.461438 -0.008309
63.000000 6.710284 1.001917 0.461834 -0.008319
63.066667 6.701456 1.001920 0.462304 -0.008328
63.133333 6.691265 1.001922 0.462846 -0.008338
63.200000 6.679726 1.001924 0.463462 -0.008347
63.266667 6.666856 1.001926 0.464149 -0.008356
63.333333 6.652680 1.001928 0.464907 -0.008364
63.400000 6.637226 1.001930 0.465735 -0.008373
63.466667 6.620527 1.001932 0.466631 -0.008381
63.533333 6.602621 1.001934 0.467594 -0.008389
63.600000 6.583547 1.001935 0.468622 -0.008396
63.666667 6.563352 1.001937 0.469713 -0.008403
63.733333 6.542083 1.001938 0.470864 -0.008410
63.800000 6.519793 1.001940 0.472074 -0.008416
63.866667 6.496535 1.001941 0.473340 -0.008422
63.933333 6.472366 1.001943 0.474659 -0.008428
64.000000 6.447348 1.001944 0.476028 -0.008433
64.066667 6.421540 1.001945 0.477445 -0.008437
64.133333 6.395007 1.001946 0.478905 -0.008442
64.200000 6.367813 1.001947 0.480407 -0.008445
64.266667 6.340024 1.001947 0.481946 -0.008448
64.333333 6.311708 1.001948 0.483520 -0.008451
64.400000 6.282932 1.001948 0.485125 -0.008453
64.466667 6.253765 1.001949 0.486757 -0.008455
64.533333 6.224274 1.001949 0.488412 -0.008456
64.600000 6.194528 1.001949 0.490087 -0.008456
64.666667 6.164595 1.001949 0.491779 -0.008456
64.733333 6.134543 1.001949 0.493484 -0.008455
64.800000 6.104439 1.001949 0.495197 -0.008454
64.866667 6.074349 1.001948 0.496916 -0.008452
64.933333 6.044338 1.001947 0.498635 -0.008449
65.000000 6.014471 1.001947 0.500353 -0.008446
65.066667 5.984812 1.001946 0.502064 -0.008442
65.133333 5.955421 1.001945 0.503766 -0.008437
65.200000 5.926359 1.001944 0.505454 -0.008432
65.266667 5.897687 1.001942 0.507126 -0.008426
65.333333 5.869461 1.001941 0.508776 -0.008419
65.400000 5.841738 1.001939 0.510403 -0.008412
65.466667 5.814573 1.001937 0.512002 -0.008404
65.533333 5.788018 1.001935 0.513569 -0.008395
65.600000 5.762125 1.001933 0.515103 -0.008386
65.666667 5.736944 1.001931 0.516598 -0.008376
65.733333 5.712523 1.001928 0.518053 -0.008365
65.800000 5.688908 1.001925 0.519463 -0.008353
65.866667 5.666145 1.001923 0.520826 -0.008341
65.933333 5.644277 1.001920 0.522139 -0.008328
66.000000 5.623346 1.001916 0.523399 -0.008314
66.066667 5.603391 1.001913 0.524603 -0.008300
66.133333 5.584452 1.001910 0.525748 -0.008285
66.200000 5.566565 1.001906 0.526832 -0.008269
66.266667 5.549766 1.001902 0.527851 -0.008252
66.333333 5.534089 1.001898 0.528805 -0.008235
66.400000 5.519566 1.001894 0.529690 -0.008217
66.466667 5.506230 1.001890 0.530504 -0.008198
66.533333 5.494109 1.001885 0.531245 -0.008179
66.600000 5.483232 1.001881 0.531910 -0.008159
66.666667 5.473626 1.001876 0.532499 -0.008138
66.733333 5.465316 1.001871 0.533009 -0.008117
66.800000 5.458328 1.001866 0.533438 -0.008095
66.866667 5.452684 1.001861 0.533784 -0.008072
66.933333 5.448407 1.001855 0.534047 -0.008049
67.000000 5.445516 1.001850 0.534225 -0.008025
67.066667 5.444032 1.001844 0.534316 -0.008001
67.133333 5.443973 1.001838 0.534320 -0.007976
67.200000 5.445355 1.001832 0.534235 -0.007951
67.266667 5.448194 1.001826 0.534060 -0.007924
67.333333 5.452505 1.001820 0.533795 -0.007898
67.400000 5.458302 1.001814 0.533439 -0.007871
67.466667 5.465597 1.001808 0.532991 -0.007843
67.533333 5.474401 1.001801 0.532451 -0.007815
67.600000 5.484723 1.001795 0.531819 -0.007786
67.666667 5.496572 1.001788 0.531094 -0.007757
67.733333 5.509956 1.001781 0.530276 -0.007728
67.800000 5.524880 1.001774 0.529366 -0.007698
67.866667 5.541350 1.001767 0.528363 -0.007668
67.933333 5.559369 1.001760 0.527268 -0.007638
68.000000 5.578939 1.001753 0.526081 -0.007607
68.066667 5.600062 1.001746 0.524804 -0.007576
68.133333 5.622735 1.001739 0.523436 -0.007545
68.200000 5.646957 1.001732 0.521978 -0.007513
68.266667 5.672725 1.001724 0.520432 -0.007481
68.333333 5.700033 1.001717 0.518798 -0.007449
68.400000 5.728875 1.001710 0.517078 -0.007417
68.466667 5.759241 1.001702 0.515274 -0.007385
68.533333 5.791121 1.001695 0.513386 -0.007353
68.600000 5.824504 1.001687 0.511417 -0.007321
68.666667 5.859375 1.001680 0.509368 -0.007288
68.733333 5.895718 1.001672 0.507241 -0.007256
68.800000 5.933515 1.001665 0.505038 -0.007224
68.866667 5.972745 1.001657 0.502762 -0.007191
68.933333 6.013386 1.001650 0.500415 -0.007159
69.000000 6.055413 1.001643 0.498000 -0.007127
69.066667 6.098798 1.001635 0.495519 -0.007095
69.133333 6.143512 1.001628 0.492974 -0.007064
69.200000 6.189522 1.001621 0.490370 -0.007032
69.266667 6.236792 1.001614 0.487709 -0.007001
69.333333 6.285283 1.001606 0.484993 -0.006970
69.400000 6.334955 1.001599 0.482228 -0.006940
69.466667 6.385764 1.001592 0.479415 -0.006910
69.533333 6.437661 1.001586 0.476559 -0.006880
69.600000 6.490595 1.001579 0.473664 -0.006851
69.666667 6.544511 1.001572 0.470733 -0.006822
69.733333 6.599353 1.001566 0.467770 -0.006793
69.800000 6.655058 1.001559 0.464780 -0.006766
69.866667 6.711560 1.001553 0.461766 -0.006738
69.933333 6.768790 1.001547 0.458734 -0.006712
70.000000 6.826676 1.001541 0.455687 -0.006686
70.066667 6.885140 1.001535 0.452630 -0.006660
70.133333 6.944100 1.001529 0.449568 -0.006636
70.200000 7.003472 1.001524 0.446505 -0.006612
70.266667 7.063166 1.001518 0.443447 -0.006588
70.333333 7.123089 1.001513 0.440398 -0.006566
70.400000 7.183144 1.001508 0.437364 -0.006544
70.466667 7.243228 1.001503 0.434349 -0.006524
70.533333 7.303238 1.001499 0.431358 -0.006504
70.600000 7.363064 1.001494 0.428397 -0.006485
70.666667 7.422593 1.001490 0.425471 -0.006467
70.733333 7.481710 1.001486 0.422585 -0.006450
70.800000 7.540296 1.001483 0.419745 -0.006434
70.866667 7.598229 1.001479 0.416954 -0.006419
70.933333 7.655383 1.001476 0.414220 -0.006405
71.000000 7.711633 1.001473 0.411546 -0.006392
71.066667 7.766851 1.001470 0.408938 -0.006380
71.133333 7.820906 1.001468 0.406401 -0.006369
71.200000 7.873668 1.001465 0.403940 -0.006359
71.266667 7.925007 1.001463 0.401559 -0.006351
71.333333 7.974792 1.001462 0.399264 -0.006343
71.400000 8.022894 1.001460 0.397059 -0.006337
71.466667 8.069185 1.001459 0.394949 -0.006332
71.533333 8.113541 1.001458 0.392937 -0.006328
71.600000 8.155839 1.001458 0.391028 -0.006325
71.666667 8.195961 1.001457 0.389226 -0.006324
71.733333 8.233793 1.001457 0.387534 -0.006324
71.800000 8.269228 1.001458 0.385957 -0.006325
71.866667 8.302163 1.001458 0.384496 -0.006328
71.933333 8.332502 1.001459 0.383155 -0.006331
72.000000 8.360158 1.001460 0.381937 -0.006336
72.066667 8.385051 1.001462 0.380844 -0.006343
72.133333 8.407110 1.001463 0.379878 -0.006350
72.200000 8.426272 1.001466 0.379041 -0.006359
72.266667 8.442485 1.001468 0.378334 -0.006370
72.333333 8.455707 1.001471 0.377759 -0.006381
72.400000 8.465906 1.001474 0.377316 -0.006394
72.466667 8.473060 1.001477 0.377005 -0.006408
72.533333 8.477157 1.001480 0.376827 -0.006424
72.600000 8.478198 1.001484 0.376782 -0.006441
72.666667 8.476192 1.001489 0.376869 -0.006459
72.733333 8.471160 1.001493 0.377087 -0.006479
72.800000 8.463131 1.001498 0.377436 -0.006499
72.866667 8.452146 1.001503 0.377914 -0.006522
72.933333 8.438254 1.001508 0.378519 -0.006545
73.000000 8.421512 1.001514 0.379249 -0.006570
73.066667 8.401986 1.001520 0.380102 -0.006596
73.133333 8.379750 1.001526 0.381077 -0.006623
73.200000 8.354885 1.001533 0.382169 -0.006651
73.266667 8.327477 1.001540 0.383377 -0.006681
73.333333 8.297619 1.001547 0.384697 -0.006712
73.400000 8.265407 1.001554 0.386127 -0.006744
73.466667 8.230943 1.001562 0.387662 -0.006777
73.533333 8.194332 1.001570 0.389299 -0.006811
73.600000 8.155681 1.001578 0.391035 -0.006847
73.666667 8.115099 1.001586 0.392867 -0.006884
73.733333 8.072698 1.001595 0.394789 -0.006921
73.800000 8.028591 1.001604 0.396799 -0.006960
73.866667 7.982888 1.001613 0.398892 -0.007000
73.933333 7.935704 1.001623 0.401065 -0.007041
74.000000 7.887149 1.001632 0.403313 -0.007082
74.066667 7.837335 1.001642 0.405633 -0.007125
74.133333 7.786371 1.001652 0.408020 -0.007169
74.200000 7.734365 1.001662 0.410470 -0.007213
74.266667 7.681423 1.001673 0.412980 -0.007259
74.333333 7.627648 1.001684 0.415545 -0.007305
74.400000 7.573143 1.001694 0.418160 -0.007352
74.466667 7.518004 1.001705 0.420823 -0.007399
74.533333 7.462329 1.001717 0.423529 -0.007448
74.600000 7.406212 1.001728 0.426275 -0.007497
74.666667 7.349742 1.001739 0.429055 -0.007546
74.733333 7.293007 1.001751 0.431867 -0.007597
74.800000 7.236091 1.001763 0.434706 -0.007647
74.866667 7.179078 1.001774 0.437569 -0.007699
74.933333 7.122045 1.001786 0.440451 -0.007750
75.000000 7.065069 1.001798 0.443350 -0.007802
75.066667 7.008224 1.001810 0.446261 -0.007855
75.133333 6.951579 1.001823 0.449181 -0.007908
75.200000 6.895204 1.001835 0.452106 -0.007961
75.266667 6.839163 1.001847 0.455032 -0.008014
75.333333 6.783520 1.001859 0.457956 -0.008067
75.400000 6.728335 1.001872 0.460875 -0.008121
75.466667 6.673667 1.001884 0.463785 -0.008174
75.533333 6.619572 1.001896 0.466682 -0.008228
75.600000 6.566104 1.001909 0.469564 -0.008281
75.666667 6.513315 1.001921 0.472426 -0.008334
75.733333 6.461256 1.001933 0.475267 -0.008388
75.800000 6.409974 1.001946 0.478081 -0.008441
75.866667 6.359516 1.001958 0.480866 -0.008493
75.933333 6.309927 1.001970 0.483619 -0.008546
76.000000 6.261250 1.001982 0.486337 -0.008598
76.066667 6.213528 1.001994 0.489017 -0.008650
76.133333 6.166799 1.002006 0.491655 -0.008701
76.200000 6.121104 1.002017 0.494248 -0.008751
76.266667 6.076480 1.002029 0.496794 -0.008801
76.333333 6.032963 1.002040 0.499289 -0.008851
76.400000 5.990587 1.002051 0.501731 -0.008899
76.466667 5.949388 1.002062 0.504116 -0.008947
76.533333 5.909398 1.002073 0.506442 -0.008995
76.600000 5.870648 1.002084 0.508707 -0.009041
76.666667 5.833169 1.002095 0.510907 -0.009086
76.733333 5.796990 1.002105 0.513039 -0.009131
76.800000 5.762141 1.002115 0.515102 -0.009174
76.866667 5.728648 1.002125 0.517092 -0.009217
76.933333 5.696539 1.002134 0.519007 -0.009258
77.000000 5.665839 1.002143 0.520844 -0.009298
77.066667 5.636574 1.002152 0.522602 -0.009337
77.133333 5.608766 1.002161 0.524278 -0.009375
77.200000 5.582439 1.002170 0.525870 -0.009412
77.266667 5.557615 1.002178 0.527375 -0.009447
77.333333 5.534316 1.002186 0.528791 -0.009481
77.400000 5.512561 1.002193 0.530117 -0.009513
77.466667 5.492371 1.002200 0.531351 -0.009544
77.533333 5.473764 1.002207 0.532490 -0.009574
77.600000 5.456759 1.002213 0.533534 -0.009602
77.666667 5.441371 1.002220 0.534480 -0.009628
77.733333 5.427618 1.002225 0.535327 -0.009653
77.800000 5.415515 1.002231 0.536073 -0.009676
77.866667 5.405075 1.002236 0.536718 -0.009698
77.933333 5.396314 1.002240 0.537260 -0.009718
78.000000 5.389242 1.002244 0.537697 -0.009736
78.066667 5.383874 1.002248 0.538030 -0.009753
78.133333 5.380218 1.002252 0.538256 -0.009768
78.200000 5.378287 1.002255 0.538376 -0.009781
78.266667 5.378088 1.002257 0.538388 -0.009792
78.333333 5.379630 1.002260 0.538293 -0.009802
78.400000 5.382921 1.002261 0.538089 -0.009809
78.466667 5.387967 1.002263 0.537776 -0.009815
78.533333 5.394775 1.002264 0.537355 -0.009820
78.600000 5.403348 1.002264 0.536825 -0.009822
78.666667 5.413692 1.002264 0.536186 -0.009823
78.733333 5.425809 1.002264 0.535438 -0.009821
78.800000 5.439700 1.002263 0.534583 -0.009818
78.866667 5.455369 1.002262 0.533619 -0.009814
78.933333 5.472814 1.002261 0.532549 -0.009807
79.000000 5.492036 1.002259 0.531371 -0.009798
79.066667 5.513033 1.002257 0.530088 -0.009788
79.133333 5.535803 1.002254 0.528701 -0.009776
79.200000 5.560343 1.002251 0.527209 -0.009762
79.266667 5.586649 1.002247 0.525615 -0.009747
79.333333 5.614716 1.002243 0.523919 -0.009730
79.400000 5.644540 1.002239 0.522123 -0.009711
79.466667 5.676112 1.002234 0.520229 -0.009690
79.533333 5.709427 1.002229 0.518237 -0.009668
79.600000 5.744477 1.002223 0.516150 -0.009644
79.666667 5.781253 1.002217 0.513970 -0.009619
79.733333 5.819745 1.002211 0.511697 -0.009592
79.800000 5.859945 1.002205 0.509334 -0.009563
79.866667 5.901840 1.002198 0.506883 -0.009533
79.933333 5.945422 1.002190 0.504346 -0.009502
80.000000 5.990677 1.002183 0.501725 -0.009469
80.066667 6.037594 1.002175 0.499023 -0.009434
80.133333 6.086160 1.002167 0.496240 -0.009398
80.200000 6.136362 1.002158 0.493380 -0.009361
80.266667 6.188188 1.002149 0.490445 -0.009323
80.333333 6.241623 1.002140 0.487437 -0.009284
80.400000 6.296655 1.002131 0.484359 -0.009243
80.466667 6.353270 1.002121 0.481212 -0.009201
80.533333 6.411453 1.002111 0.477999 -0.009158
80.600000 6.471192 1.002101 0.474723 -0.009114
80.666667 6.532473 1.002091 0.471386 -0.009069
80.733333 6.595283 1.002080 0.467989 -0.009023
80.800000 6.659609 1.002069 0.464536 -0.008977
80.866667 6.725438 1.002058 0.461029 -0.008929
80.933333 6.792759 1.002047 0.457469 -0.008881
81.000000 6.861561 1.002036 0.453860 -0.008831
81.066667 6.931832 1.002024 0.450203 -0.008782
81.133333 7.003564 1.002013 0.446500 -0.008731
81.200000 7.076747 1.002001 0.442754 -0.008680
81.266667 7.151374 1.001989 0.438966 -0.008629
81.333333 7.227439 1.001977 0.435139 -0.008577
81.400000 7.304936 1.001965 0.431274 -0.008524
81.466667 7.383861 1.001953 0.427373 -0.008471
81.533333 7.464212 1.001940 0.423438 -0.008418
81.600000 7.545988 1.001928 0.419470 -0.008365
81.666667 7.629190 1.001916 0.415471 -0.008312
81.733333 7.713820 1.001903 0.411442 -0.008258
81.800000 7.799883 1.001891 0.407386 -0.008204
81.866667 7.887385 1.001879 0.403302 -0.008150
81.933333 7.976333 1.001866 0.399193 -0.008097
82.000000 8.066739 1.001854 0.395060 -0.008043
82.066667 8.158613 1.001841 0.390903 -0.007989
82.133333 8.251969 1.001829 0.386724 -0.007936
82.200000 8.346824 1.001817 0.382524 -0.007883
82.266667 8.443195 1.001805 0.378303 -0.007830
82.333333 8.541103 1.001792 0.374063 -0.007777
82.400000 8.640567 1.001780 0.369804 -0.007725
82.466667 8.741613 1.001768 0.365527 -0.007673
82.533333 8.844263 1.001757 0.361233 -0.007622
82.600000 8.948545 1.001745 0.356922 -0.007571
82.666667 9.054486 1.001733 0.352595 -0.007521
82.733333 9.162114 1.001722 0.348253 -0.007471
82.800000 9.271458 1.001711 0.343896 -0.007422
82.866667 9.382548 1.001699 0.339526 -0.007373
82.933333 9.495413 1.001688 0.335142 -0.007326
83.000000 9.610081 1.001678 0.330747 -0.007279
83.066667 9.726580 1.001667 0.326341 -0.007233
83.133333 9.844938 1.001656 0.321924 -0.007187
83.200000 9.965177 1.001646 0.317498 -0.007143
83.266667 10.087320 1.001636 0.313065 -0.007100
83.333333 10.211383 1.001626 0.308625 -0.007057
83.400000 10.337380 1.001617 0.304180 -0.007016
83.466667 10.465318 1.001607 0.299733 -0.006975
83.533333 10.595196 1.001598 0.295284 -0.006935
83.600000 10.727007 1.001590 0.290837 -0.006897
83.666667 10.860733 1.001581 0.286394 -0.006860
83.733333 10.996345 1.001573 0.281957 -0.006824
83.800000 11.133802 1.001564 0.277530 -0.006788
83.866667 11.273047 1.001557 0.273116 -0.006755
83.933333 11.414005 1.001549 0.268720 -0.006722
84.000000 11.556583 1.001542 0.264345 -0.006690
84.066667 11.700665 1.001535 0.259996 -0.006660
84.133333 11.846110 1.001528 0.255679 -0.006631
84.200000 11.992750 1.001522 0.251398 -0.006604
84.266667 12.140383 1.001516 0.247162 -0.006577
84.333333 12.288776 1.001510 0.242975 -0.006552
84.400000 12.437656 1.001504 0.238846 -0.006528
84.466667 12.586706 1.001499 0.234782 -0.006506
84.533333 12.735567 1.001494 0.230792 -0.006485
84.600000 12.883830 1.001490 0.226886 -0.006465
84.666667 13.031032 1.001486 0.223074 -0.006447
84.733333 13.176657 1.001482 0.219365 -0.006430
84.800000 13.320131 1.001478 0.215771 -0.006414
84.866667 13.460822 1.001475 0.212304 -0.006400
84.933333 13.598038 1.001472 0.208977 -0.006387
85.000000 13.731033 1.001469 0.205801 -0.006376
85.066667 13.859005 1.001467 0.202791 -0.006366
85.133333 13.981106 1.001465 0.199961 -0.006357
85.200000 14.096448 1.001463 0.197323 -0.006350
85.266667 14.204114 1.001462 0.194892 -0.006344
85.333333 14.303173 1.001461 0.192682 -0.006339
85.400000 14.392696 1.001460 0.190706 -0.006336
85.466667 14.471774 1.001460 0.188978 -0.006334
85.533333 14.539543 1.001460 0.187509 -0.006334
85.600000 14.595203 1.001460 0.186312 -0.006335
85.666667 14.638042 1.001460 0.185395 -0.006337
85.733333 14.667457 1.001461 0.184768 -0.006341
85.800000 14.682977 1.001462 0.184438 -0.006345
85.866667 14.684277 1.001464 0.184411 -0.006352
85.933333 14.671190 1.001465 0.184689 -0.006359
86.000000 14.643714 1.001467 0.185274 -0.006368
86.066667 14.602015 1.001470 0.186166 -0.006378
86.133333 14.546417 1.001472 0.187361 -0.006389
86.200000 14.477396 1.001475 0.188856 -0.006401
86.266667 14.395564 1.001478 0.190643 -0.006415
86.333333 14.301646 1.001482 0.192716 -0.006429
86.400000 14.196463 1.001485 0.195064 -0.006445
86.466667 14.080906 1.001489 0.197676 -0.006462
86.533333 13.955916 1.001493 0.200541 -0.006480
86.600000 13.822460 1.001498 0.203647 -0.006499
86.666667 13.681511 1.001502 0.206978 -0.006519
86.733333 13.534033 1.001507 0.210522 -0.006540
86.800000 13.380963 1.001512 0.214265 -0.006562
86.866667 13.223202 1.001518 0.218193 -0.006585
86.933333 13.061605 1.001523 0.222290 -0.006609
87.000000 12.896974 1.001529 0.226543 -0.006634
87.066667 12.730056 1.001535 0.230939 -0.006660
87.133333 12.561536 1.001541 0.235463 -0.006686
87.200000 12.392045 1.001547 0.240103 -0.006714
87.266667 12.222151 1.001554 0.244846 -0.006742
87.333333 12.052368 1.001560 0.249679 -0.006771
87.400000 11.883156 1.001567 0.254591 -0.006800
87.466667 11.714924 1.001574 0.259570 -0.006830
87.533333 11.548033 1.001581 0.264605 -0.006861
87.600000 11.382803 1.001588 0.269687 -0.006892
87.666667 11.219511 1.001596 0.274805 -0.006924
87.733333 11.058396 1.001603 0.279950 -0.006957
87.800000 10.899668 1.001611 0.285113 -0.006989
87.866667 10.743503 1.001618 0.290285 -0.007023
87.933333 10.590052 1.001626 0.295459 -0.007056
88.000000 10.439440 1.001634 0.300627 -0.007090
88.066667 10.291771 1.001642 0.305782 -0.007125
88.133333 10.147128 1.001650 0.310916 -0.007160
88.200000 10.005580 1.001658 0.316025 -0.007195
88.266667 9.867177 1.001666 0.321101 -0.007230
88.333333 9.731956 1.001674 0.326139 -0.007265
88.400000 9.599944 1.001683 0.331133 -0.007301
88.466667 9.471154 1.001691 0.336080 -0.007336
88.533333 9.345592 1.001699 0.340973 -0.007372
88.600000 9.223254 1.001707 0.345810 -0.007408
88.666667 9.104129 1.001716 0.350585 -0.007444
88.733333 8.988200 1.001724 0.355296 -0.007480
88.800000 8.875444 1.001732 0.359938 -0.007515
88.866667 8.765831 1.001740 0.364509 -0.007551
88.933333 8.659329 1.001749 0.369006 -0.007586
89.000000 8.555902 1.001757 0.373426 -0.007622
89.066667 8.455508 1.001765 0.377768 -0.007657
89.133333 8.358104 1.001773 0.382028 -0.007692
89.200000 8.263643 1.001781 0.386205 -0.007727
89.266667 8.172078 1.001789 0.390298 -0.007761
89.333333 8.083356 1.001797 0.394305 -0.007795
89.400000 7.997426 1.001804 0.398225 -0.007829
89.466667 7.914233 1.001812 0.402058 -0.007863
89.533333 7.833721 1.001820 0.405802 -0.007896
89.600000 7.755833 1.001827 0.409457 -0.007928
89.666667 7.680512 1.001835 0.413023 -0.007960
89.733333 7.607697 1.001842 0.416500 -0.007992
89.800000 7.537330 1.001849 0.419888 -0.008023
89.866667 7.469349 1.001856 0.423187 -0.008054
89.933333 7.403693 1.001863 0.426398 -0.008084
90.000000 7.340300 1.001870 0.429522 -0.008114
90.066667 7.279109 1.001877 0.432558 -0.008143
90.133333 7.220056 1.001883 0.435509 -0.008172
90.200000 7.163080 1.001890 0.438375 -0.008199
90.266667 7.108116 1.001896 0.441158 -0.008227
90.333333 7.055102 1.001902 0.443859 -0.008253
90.400000 7.003976 1.001908 0.446479 -0.008279
90.466667 6.954672 1.001914 0.449021 -0.008304
90.533333 6.907130 1.001920 0.451485 -0.008329
90.600000 6.861286 1.001925 0.453874 -0.008353
90.666667 6.817078 1.001931 0.456190 -0.008376
90.733333 6.774443 1.001936 0.458435 -0.008398
90.800000 6.733320 1.001941 0.460611 -0.008420
90.866667 6.693647 1.001946 0.462719 -0.008440
90.933333 6.655364 1.001950 0.464763 -0.008460
91.000000 6.618411 1.001955 0.466745 -0.008480
91.066667 6.582729 1.001959 0.468666 -0.008498
91.133333 6.548258 1.001963 0.470530 -0.008516
91.200000 6.514942 1.001967 0.472338 -0.008533
91.266667 6.482723 1.001971 0.474093 -0.008549
91.333333 6.451547 1.001974 0.475798 -0.008564
91.400000 6.421357 1.001977 0.477455 -0.008579
91.466667 6.392103 1.001981 0.479065 -0.008593
91.533333 6.363730 1.001984 0.480633 -0.008606
91.600000 6.336190 1.001986 0.482159 -0.008618
91.666667 6.309433 1.001989 0.483647 -0.008629
91.733333 6.283411 1.001991 0.485098 -0.008640
91.800000 6.258078 1.001994 0.486515 -0.008649
91.866667 6.233392 1.001996 0.487900 -0.008658
91.933333 6.209309 1.001998 0.489254 -0.008666
92.000000 6.185789 1.001999 0.490581 -0.008674
92.066667 6.162794 1.002001 0.491881 -0.008680
92.133333 6.140287 1.002002 0.493157 -0.008686
92.200000 6.118235 1.002003 0.494411 -0.008691
92.266667 6.096605 1.002004 0.495644 -0.008695
92.333333 6.075368 1.002005 0.496857 -0.008699
92.400000 6.054495 1.002006 0.498053 -0.008701
92.466667 6.033963 1.002006 0.499231 -0.008703
92.533333 6.013747 1.002006 0.500395 -0.008704
92.600000 5.993828 1.002007 0.501544 -0.008705
92.666667 5.974186 1.002007 0.502679 -0.008705
92.733333 5.954807 1.002006 0.503802 -0.008704
92.800000 5.935678 1.002006 0.504912 -0.008703
92.866667 5.916786 1.002005 0.506012 -0.008700
92.933333 5.898125 1.002005 0.507100 -0.008698
93.000000 5.879687 1.002004 0.508178 -0.008694
93.066667 5.861469 1.002003 0.509245 -0.008690
93.133333 5.843470 1.002002 0.510301 -0.008685
93.200000 5.825691 1.002001 0.511347 -0.008680
93.266667 5.808135 1.001999 0.512381 -0.008674
93.333333 5.790807 1.001998 0.513404 -0.008668
93.400000 5.773716 1.001996 0.514416 -0.008661
93.466667 5.756870 1.001995 0.515414 -0.008654
93.533333 5.740282 1.001993 0.516400 -0.008646
93.600000 5.723966 1.001991 0.517371 -0.008637
93.666667 5.707937 1.001989 0.518326 -0.008628
93.733333 5.692213 1.001987 0.519265 -0.008619
93.800000 5.676813 1.001984 0.520187 -0.008609
93.866667 5.661759 1.001982 0.521089 -0.008599
93.933333 5.647073 1.001980 0.521971 -0.008589
94.000000 5.632779 1.001977 0.522831 -0.008578
94.066667 5.618903 1.001975 0.523667 -0.008567
94.133333 5.605472 1.001972 0.524477 -0.008555
94.200000 5.592514 1.001969 0.525260 -0.008543
94.266667 5.580059 1.001966 0.526014 -0.008531
94.333333 5.568137 1.001964 0.526736 -0.008519
94.400000 5.556780 1.001961 0.527425 -0.008506
94.466667 5.546019 1.001958 0.528079 -0.008494
94.533333 5.535890 1.001955 0.528695 -0.008481
94.600000 5.526425 1.001952 0.529272 -0.008467
94.666667 5.517660 1.001949 0.529806 -0.008454
94.733333 5.509630 1.001946 0.530296 -0.008441
94.800000 5.502371 1.001942 0.530740 -0.008427
94.866667 5.495921 1.001939 0.531134 -0.008413
94.933333 5.490315 1.001936 0.531477 -0.008400
95.000000 5.485591 1.001933 0.531766 -0.008386
95.066667 5.481787 1.001930 0.531999 -0.008372
95.133333 5.478941 1.001927 0.532173 -0.008358
95.200000 5.477091 1.001923 0.532286 -0.008345
95.266667 5.476276 1.001920 0.532336 -0.008331
95.333333 5.476534 1.001917 0.532321 -0.008317
95.400000 5.477903 1.001914 0.532237 -0.008303
95.466667 5.480423 1.001911 0.532082 -0.008290
95.533333 5.484131 1.001908 0.531855 -0.008276
95.600000 5.489067 1.001905 0.531553 -0.008263
95.666667 5.495268 1.001901 0.531174 -0.008250
95.733333 5.502774 1.001898 0.530715 -0.008236
95.800000 5.511623 1.001895 0.530174 -0.008223
95.866667 5.521854 1.001893 0.529550 -0.008211
95.933333 5.533503 1.001890 0.528841 -0.008198
96.000000 5.546610 1.001887 0.528043 -0.008186
96.066667 5.561211 1.001884 0.527156 -0.008173
96.133333 5.577345 1.001881 0.526178 -0.008162
96.200000 5.595050 1.001878 0.525107 -0.008150
96.266667 5.614361 1.001876 0.523940 -0.008138
96.333333 5.635317 1.001873 0.522678 -0.008127
96.400000 5.657955 1.001871 0.521317 -0.008116
96.466667 5.682310 1.001868 0.519858 -0.008105
96.533333 5.708419 1.001866 0.518297 -0.008095
96.600000 5.736319 1.001863 0.516635 -0.008085
96.666667 5.766045 1.001861 0.514870 -0.008075
96.733333 5.797634 1.001859 0.513001 -0.008065
96.800000 5.831120 1.001857 0.511027 -0.008056
96.866667 5.866539 1.001855 0.508948 -0.008047
96.933333 5.903927 1.001853 0.506762 -0.008038
97.000000 5.943319 1.001851 0.504468 -0.008030
97.066667 5.984749 1.001849 0.502068 -0.008022
97.133333 6.028252 1.001847 0.499560 -0.008014
97.200000 6.073863 1.001845 0.496943 -0.008006
97.266667 6.121616 1.001844 0.494219 -0.007999
97.333333 6.171545 1.001842 0.491386 -0.007992
97.400000 6.223685 1.001841 0.488445 -0.007985
97.466667 6.278069 1.001839 0.485396 -0.007979
97.533333 6.334732 1.001838 0.482240 -0.007973
97.600000 6.393707 1.001836 0.478977 -0.007967
97.666667 6.455029 1.001835 0.475607 -0.007961
97.733333 6.518731 1.001834 0.472132 -0.007956
97.800000 6.584847 1.001833 0.468552 -0.007951
97.866667 6.653410 1.001831 0.464868 -0.007946
97.933333 6.724455 1.001830 0.461081 -0.007942
98.000000 6.798015 1.001829 0.457193 -0.007937
98.066667 6.874124 1.001828 0.453204 -0.007933
98.133333 6.952816 1.001827 0.449117 -0.007929
98.200000 7.034126 1.001827 0.444932 -0.007925
98.266667 7.118086 1.001826 0.440652 -0.007921
98.333333 7.204731 1.001825 0.436278 -0.007918
98.400000 7.294097 1.001824 0.431812 -0.007914
98.466667 7.386217 1.001823 0.427257 -0.007911
98.533333 7.481126 1.001823 0.422614 -0.007908
98.600000 7.578859 1.001822 0.417885 -0.007905
98.666667 7.679452 1.001821 0.413074 -0.007902
98.733333 7.782941 1.001821 0.408181 -0.007899
98.800000 7.889360 1.001820 0.403211 -0.007896
98.866667 7.998748 1.001819 0.398165 -0.007893
98.933333 8.111140 1.001819 0.393046 -0.007890
99.000000 8.226574 1.001818 0.387857 -0.007887
99.066667 8.345087 1.001817 0.382601 -0.007884
99.133333 8.466719 1.001817 0.377280 -0.007881
99.200000 8.591507 1.001816 0.371899 -0.007878
99.266667 8.719492 1.001815 0.366459 -0.007875
99.333333 8.850713 1.001814 0.360964 -0.007872
99.400000 8.985213 1.001814 0.355418 -0.007869
99.466667 9.123033 1.001813 0.349823 -0.007865
99.533333 9.264216 1.001812 0.344183 -0.007862
99.600000 9.408805 1.001811 0.338501 -0.007858
99.666667 9.556847 1.001810 0.332780 -0.007854
99.733333 9.708386 1.001809 0.327025 -0.007850
99.800000 9.863471 1.001808 0.321238 -0.007846
99.866667 10.022151 1.001807 0.315422 -0.007841
