# z LM (E,E) abs(P1) alpha
0.000000 0.001514 1.000000 0.999826 -0.000000
0.066667 0.006054 1.000001 0.999303 -0.000002
0.133333 0.013621 1.000002 0.998433 -0.000006
0.200000 0.024212 1.000003 0.997216 -0.000011
0.266667 0.037823 1.000004 0.995655 -0.000017
0.333333 0.054450 1.000006 0.993751 -0.000025
0.400000 0.074090 1.000008 0.991506 -0.000034
0.466667 0.096734 1.000011 0.988925 -0.000045
0.533333 0.122378 1.000013 0.986010 -0.000056
0.600000 0.151012 1.000016 0.982764 -0.000069
0.666667 0.182628 1.000020 0.979194 -0.000084
0.733333 0.217215 1.000023 0.975302 -0.000100
0.800000 0.254763 1.000027 0.971095 -0.000117
0.866667 0.295259 1.000031 0.966578 -0.000135
0.933333 0.338690 1.000036 0.961757 -0.000155
1.000000 0.385041 1.000041 0.956639 -0.000177
1.066667 0.434297 1.000046 0.951229 -0.000199
1.133333 0.486438 1.000052 0.945536 -0.000223
1.200000 0.541448 1.000058 0.939567 -0.000249
1.266667 0.599306 1.000064 0.933329 -0.000276
1.333333 0.659989 1.000070 0.926831 -0.000304
1.400000 0.723475 1.000077 0.920081 -0.000334
1.466667 0.789739 1.000084 0.913089 -0.000365
1.533333 0.858753 1.000092 0.905863 -0.000397
1.600000 0.930490 1.000099 0.898412 -0.000431
1.666667 1.004919 1.000108 0.890746 -0.000466
1.733333 1.082007 1.000116 0.882876 -0.000503
1.800000 1.161720 1.000125 0.874810 -0.000541
1.866667 1.244022 1.000134 0.866561 -0.000581
1.933333 1.328874 1.000143 0.858136 -0.000622
2.000000 1.416233 1.000153 0.849549 -0.000665
2.066667 1.506058 1.000163 0.840808 -0.000709
2.133333 1.598303 1.000174 0.831926 -0.000754
2.200000 1.692918 1.000185 0.822913 -0.000801
2.266667 1.789853 1.000196 0.813781 -0.000850
2.333333 1.889054 1.000207 0.804539 -0.000900
2.400000 1.990465 1.000219 0.795201 -0.000951
2.466667 2.094027 1.000232 0.785776 -0.001004
2.533333 2.199678 1.000244 0.776276 -0.001059
2.600000 2.307352 1.000257 0.766712 -0.001115
2.666667 2.416983 1.000270 0.757096 -0.001173
2.733333 2.528500 1.000284 0.747438 -0.001232
2.800000 2.641829 1.000298 0.737749 -0.001293
2.866667 2.756895 1.000312 0.728040 -0.001355
2.933333 2.873618 1.000327 0.718322 -0.001419
3.000000 2.991916 1.000342 0.708605 -0.001484
3.066667 3.111706 1.000357 0.698899 -0.001551
3.133333 3.232899 1.000373 0.689215 -0.001620
3.200000 3.355407 1.000389 0.679563 -0.001690
3.266667 3.479139 1.000406 0.669951 -0.001762
3.333333 3.603999 1.000423 0.660389 -0.001836
3.400000 3.729894 1.000440 0.650887 -0.001911
3.466667 3.856725 1.000458 0.641451 -0.001987
3.533333 3.984394 1.000476 0.632092 -0.002066
3.600000 4.112802 1.000494 0.622816 -0.002146
3.666667 4.241848 1.000513 0.613631 -0.002227
3.733333 4.371433 1.000532 0.604545 -0.002311
3.800000 4.501455 1.000552 0.595562 -0.002396
3.866667 4.631816 1.000572 0.586691 -0.002482
3.933333 4.762416 1.000592 0.577935 -0.002570
4.000000 4.893158 1.000613 0.569301 -0.002660
4.066667 5.023947 1.000634 0.560793 -0.002752
4.133333 5.154690 1.000656 0.552415 -0.002845
4.200000 5.285298 1.000677 0.544171 -0.002940
4.266667 5.415683 1.000700 0.536063 -0.003036
4.333333 5.545764 1.000722 0.528095 -0.003134
4.400000 5.675463 1.000745 0.520268 -0.003234
4.466667 5.804707 1.000769 0.512584 -0.003336
4.533333 5.933429 1.000792 0.505043 -0.003439
4.600000 6.061567 1.000816 0.497647 -0.003543
4.666667 6.189066 1.000841 0.490396 -0.003650
4.733333 6.315877 1.000866 0.483288 -0.003758
4.800000 6.441959 1.000891 0.476324 -0.003867
4.866667 6.567277 1.000917 0.469501 -0.003979
4.933333 6.691804 1.000943 0.462818 -0.004091
5.000000 6.815519 1.000969 0.456272 -0.004206
5.066667 6.938411 1.000996 0.449862 -0.004322
5.133333 7.060474 1.001023 0.443584 -0.004439
5.200000 7.181711 1.001050 0.437436 -0.004558
5.266667 7.302130 1.001078 0.431413 -0.004679
5.333333 7.421747 1.001106 0.425513 -0.004801
5.400000 7.540586 1.001135 0.419731 -0.004924
5.466667 7.658675 1.001163 0.414063 -0.005049
5.533333 7.776049 1.001193 0.408505 -0.005175
5.600000 7.892747 1.001222 0.403053 -0.005303
5.666667 8.008813 1.001252 0.397703 -0.005432
5.733333 8.124296 1.001282 0.392451 -0.005563
5.800000 8.239249 1.001312 0.387291 -0.005694
5.866667 8.353725 1.001343 0.382220 -0.005827
5.933333 8.467781 1.001374 0.377234 -0.005962
6.000000 8.581477 1.001405 0.372328 -0.006097
6.066667 8.694871 1.001437 0.367499 -0.006234
6.133333 8.808023 1.001468 0.362743 -0.006372
6.200000 8.920991 1.001501 0.358056 -0.006511
6.266667 9.033834 1.001533 0.353434 -0.006651
6.333333 9.146607 1.001565 0.348875 -0.006792
6.400000 9.259363 1.001598 0.344375 -0.006934
6.466667 9.372154 1.001631 0.339932 -0.007077
6.533333 9.485025 1.001664 0.335543 -0.007220
6.600000 9.598019 1.001698 0.331207 -0.007365
6.666667 9.711176 1.001731 0.326920 -0.007510
6.733333 9.824527 1.001765 0.322681 -0.007656
6.800000 9.938101 1.001799 0.318489 -0.007803
6.866667 10.051919 1.001833 0.314343 -0.007950
6.933333 10.165998 1.001867 0.310242 -0.008098
7.000000 10.280348 1.001901 0.306184 -0.008246
7.066667 10.394971 1.001935 0.302170 -0.008395
7.133333 10.509864 1.001970 0.298199 -0.008544
7.200000 10.625018 1.002004 0.294272 -0.008693
7.266667 10.740415 1.002038 0.290388 -0.008843
7.333333 10.856032 1.002073 0.286549 -0.008993
7.400000 10.971839 1.002108 0.282754 -0.009142
7.466667 11.087800 1.002142 0.279004 -0.009292
7.533333 11.203871 1.002177 0.275300 -0.009442
7.600000 11.320005 1.002211 0.271644 -0.009591
7.666667 11.436147 1.002246 0.268036 -0.009741
7.733333 11.552238 1.002280 0.264477 -0.009890
7.800000 11.668215 1.002314 0.260969 -0.010038
7.866667 11.784009 1.002349 0.257513 -0.010187
7.933333 11.899549 1.002383 0.254110 -0.010334
8.000000 12.014761 1.002417 0.250762 -0.010481
8.066667 12.129570 1.002450 0.247469 -0.010628
8.133333 12.243896 1.002484 0.244233 -0.010773
8.200000 12.357663 1.002517 0.241055 -0.010918
8.266667 12.470793 1.002551 0.237936 -0.011062
8.333333 12.583211 1.002584 0.234876 -0.011205
8.400000 12.694841 1.002616 0.231877 -0.011347
8.466667 12.805614 1.002649 0.228939 -0.011487
8.533333 12.915462 1.002681 0.226062 -0.011626
8.600000 13.024324 1.002713 0.223246 -0.011765
8.666667 13.132145 1.002744 0.220492 -0.011901
8.733333 13.238874 1.002776 0.217799 -0.012036
8.800000 13.344470 1.002806 0.215167 -0.012170
8.866667 13.448900 1.002837 0.212596 -0.012302
8.933333 13.552137 1.002867 0.210084 -0.012432
9.000000 13.654167 1.002897 0.207631 -0.012560
9.066667 13.754983 1.002926 0.205235 -0.012687
9.133333 13.854588 1.002955 0.202895 -0.012812
9.200000 13.952996 1.002983 0.200609 -0.012934
9.266667 14.050231 1.003011 0.198376 -0.013055
9.333333 14.146326 1.003038 0.196193 -0.013173
9.400000 14.241324 1.003065 0.194059 -0.013289
9.466667 14.335278 1.003091 0.191971 -0.013403
9.533333 14.428251 1.003117 0.189927 -0.013515
9.600000 14.520311 1.003142 0.187925 -0.013624
9.666667 14.611537 1.003167 0.185962 -0.013730
9.733333 14.702013 1.003191 0.184035 -0.013834
9.800000 14.791830 1.003214 0.182141 -0.013936
9.866667 14.881084 1.003237 0.180279 -0.014035
9.933333 14.969875 1.003259 0.178446 -0.014131
10.000000 15.058306 1.003281 0.176638 -0.014224
10.066667 15.146484 1.003302 0.174854 -0.014315
10.133333 15.234513 1.003322 0.173091 -0.014403
10.200000 15.322503 1.003342 0.171346 -0.014488
10.266667 15.410557 1.003361 0.169618 -0.014569
10.333333 15.498780 1.003379 0.167904 -0.014649
10.400000 15.587272 1.003396 0.166202 -0.014725
10.466667 15.676130 1.003413 0.164510 -0.014797
10.533333 15.765447 1.003429 0.162827 -0.014867
10.600000 15.855307 1.003445 0.161152 -0.014934
10.666667 15.945790 1.003460 0.159482 -0.014998
10.733333 16.036968 1.003474 0.157816 -0.015059
10.800000 16.128904 1.003487 0.156155 -0.015116
10.866667 16.221653 1.003499 0.154496 -0.015170
10.933333 16.315260 1.003511 0.152840 -0.015222
11.000000 16.409759 1.003522 0.151186 -0.015269
11.066667 16.505174 1.003533 0.149534 -0.015314
11.133333 16.601520 1.003542 0.147885 -0.015356
11.200000 16.698796 1.003551 0.146238 -0.015394
11.266667 16.796992 1.003559 0.144594 -0.015429
11.333333 16.896086 1.003567 0.142954 -0.015461
11.400000 16.996043 1.003573 0.141318 -0.015490
11.466667 17.096816 1.003579 0.139688 -0.015516
11.533333 17.198345 1.003584 0.138065 -0.015538
11.600000 17.300560 1.003589 0.136450 -0.015557
11.666667 17.403375 1.003593 0.134844 -0.015573
11.733333 17.506696 1.003596 0.133249 -0.015586
11.800000 17.610416 1.003598 0.131668 -0.015596
11.866667 17.714419 1.003599 0.130101 -0.015603
11.933333 17.818578 1.003600 0.128550 -0.015607
12.000000 17.922757 1.003601 0.127017 -0.015608
12.066667 18.026812 1.003600 0.125505 -0.015605
12.133333 18.130595 1.003599 0.124014 -0.015600
12.200000 18.233948 1.003597 0.122547 -0.015592
12.266667 18.336713 1.003594 0.121106 -0.015581
12.333333 18.438728 1.003591 0.119692 -0.015567
12.400000 18.539833 1.003587 0.118306 -0.015550
12.466667 18.639868 1.003583 0.116952 -0.015531
12.533333 18.738675 1.003578 0.115629 -0.015509
12.600000 18.836104 1.003572 0.114339 -0.015484
12.666667 18.932014 1.003565 0.113084 -0.015456
12.733333 19.026270 1.003558 0.111863 -0.015426
12.800000 19.118753 1.003551 0.110678 -0.015393
12.866667 19.209355 1.003543 0.109530 -0.015358
12.933333 19.297985 1.003534 0.108418 -0.015320
13.000000 19.384571 1.003525 0.107342 -0.015280
13.066667 19.469058 1.003515 0.106303 -0.015237
13.133333 19.551413 1.003504 0.105300 -0.015192
13.200000 19.631622 1.003494 0.104332 -0.015145
13.266667 19.709694 1.003482 0.103399 -0.015095
13.333333 19.785662 1.003470 0.102498 -0.015044
13.400000 19.859579 1.003458 0.101630 -0.014990
13.466667 19.931521 1.003445 0.100792 -0.014934
13.533333 20.001584 1.003432 0.099982 -0.014877
13.600000 20.069885 1.003418 0.099199 -0.014817
13.666667 20.136561 1.003404 0.098440 -0.014755
13.733333 20.201764 1.003389 0.097704 -0.014692
13.800000 20.265663 1.003374 0.096988 -0.014627
13.866667 20.328442 1.003358 0.096289 -0.014560
13.933333 20.390295 1.003343 0.095606 -0.014491
14.000000 20.451425 1.003326 0.094936 -0.014421
14.066667 20.512045 1.003310 0.094275 -0.014349
14.133333 20.572369 1.003293 0.093623 -0.014276
14.200000 20.632617 1.003276 0.092976 -0.014202
14.266667 20.693008 1.003258 0.092331 -0.014125
14.333333 20.753762 1.003240 0.091688 -0.014048
14.400000 20.815092 1.003222 0.091043 -0.013969
14.466667 20.877207 1.003203 0.090394 -0.013889
14.533333 20.940310 1.003185 0.089740 -0.013808
14.600000 21.004593 1.003166 0.089078 -0.013726
14.666667 21.070239 1.003147 0.088407 -0.013643
14.733333 21.137417 1.003127 0.087726 -0.013558
14.800000 21.206284 1.003107 0.087033 -0.013473
14.866667 21.276982 1.003087 0.086328 -0.013387
14.933333 21.349636 1.003067 0.085609 -0.013300
15.000000 21.424355 1.003047 0.084875 -0.013212
15.066667 21.501229 1.003027 0.084128 -0.013124
15.133333 21.580329 1.003006 0.083365 -0.013034
15.200000 21.661706 1.002985 0.082588 -0.012944
15.266667 21.745389 1.002964 0.081796 -0.012854
15.333333 21.831384 1.002943 0.080990 -0.012763
15.400000 21.919677 1.002922 0.080171 -0.012671
15.466667 22.010228 1.002901 0.079339 -0.012579
15.533333 22.102972 1.002879 0.078497 -0.012486
15.600000 22.197821 1.002858 0.077644 -0.012393
15.666667 22.294659 1.002836 0.076783 -0.012300
15.733333 22.393345 1.002815 0.075916 -0.012207
15.800000 22.493711 1.002793 0.075044 -0.012113
15.866667 22.595562 1.002772 0.074169 -0.012019
15.933333 22.698677 1.002750 0.073294 -0.011925
16.000000 22.802809 1.002728 0.072420 -0.011831
16.066667 22.907685 1.002706 0.071551 -0.011736
16.133333 23.013009 1.002684 0.070689 -0.011642
16.200000 23.118460 1.002663 0.069836 -0.011548
16.266667 23.223700 1.002641 0.068995 -0.011453
16.333333 23.328369 1.002619 0.068168 -0.011359
16.400000 23.432096 1.002597 0.067359 -0.011265
16.466667 23.534499 1.002576 0.066569 -0.011171
16.533333 23.635188 1.002554 0.065802 -0.011077
16.600000 23.733775 1.002532 0.065060 -0.010984
16.666667 23.829874 1.002511 0.064344 -0.010890
16.733333 23.923114 1.002489 0.063657 -0.010797
16.800000 24.013137 1.002468 0.063000 -0.010704
16.866667 24.099615 1.002447 0.062376 -0.010612
16.933333 24.182247 1.002426 0.061786 -0.010520
17.000000 24.260771 1.002404 0.061230 -0.010428
17.066667 24.334971 1.002383 0.060709 -0.010337
17.133333 24.404680 1.002362 0.060224 -0.010247
17.200000 24.469784 1.002342 0.059774 -0.010156
17.266667 24.530229 1.002321 0.059359 -0.010067
17.333333 24.586022 1.002300 0.058979 -0.009978
17.400000 24.637231 1.002280 0.058633 -0.009889
17.466667 24.683986 1.002260 0.058318 -0.009801
17.533333 24.726479 1.002239 0.058033 -0.009714
17.600000 24.764958 1.002219 0.057777 -0.009627
17.666667 24.799726 1.002200 0.057546 -0.009541
17.733333 24.831136 1.002180 0.057338 -0.009456
17.800000 24.859583 1.002160 0.057151 -0.009371
17.866667 24.885501 1.002141 0.056980 -0.009287
17.933333 24.909354 1.002122 0.056824 -0.009204
18.000000 24.931630 1.002103 0.056679 -0.009121
18.066667 24.952837 1.002084 0.056540 -0.009040
18.133333 24.973493 1.002065 0.056406 -0.008959
18.200000 24.994122 1.002047 0.056272 -0.008879
18.266667 25.015251 1.002028 0.056135 -0.008800
18.333333 25.037398 1.002010 0.055993 -0.008721
18.400000 25.061077 1.001993 0.055840 -0.008644
18.466667 25.086788 1.001975 0.055675 -0.008567
18.533333 25.115015 1.001957 0.055494 -0.008491
18.600000 25.146226 1.001940 0.055295 -0.008417
18.666667 25.180867 1.001923 0.055075 -0.008343
18.733333 25.219366 1.001906 0.054832 -0.008270
18.800000 25.262126 1.001890 0.054562 -0.008198
18.866667 25.309524 1.001873 0.054265 -0.008127
18.933333 25.361917 1.001857 0.053939 -0.008057
19.000000 25.419634 1.001841 0.053582 -0.007987
19.066667 25.482976 1.001825 0.053193 -0.007919
19.133333 25.552219 1.001810 0.052770 -0.007852
19.200000 25.627609 1.001795 0.052314 -0.007786
19.266667 25.709363 1.001780 0.051824 -0.007721
19.333333 25.797666 1.001765 0.051300 -0.007656
19.400000 25.892668 1.001750 0.050742 -0.007593
19.466667 25.994483 1.001736 0.050151 -0.007531
19.533333 26.103185 1.001722 0.049527 -0.007470
19.600000 26.218801 1.001708 0.048872 -0.007410
19.666667 26.341312 1.001694 0.048187 -0.007351
19.733333 26.470640 1.001681 0.047475 -0.007293
19.800000 26.606645 1.001668 0.046738 -0.007236
19.866667 26.749115 1.001655 0.045977 -0.007180
19.933333 26.897757 1.001642 0.045197 -0.007125
20.000000 27.052186 1.001630 0.044401 -0.007071
20.066667 27.211911 1.001618 0.043592 -0.007018
20.133333 27.376327 1.001606 0.042774 -0.006967
20.200000 27.544693 1.001594 0.041953 -0.006916
20.266667 27.716126 1.001582 0.041133 -0.006866
20.333333 27.889581 1.001571 0.040320 -0.006818
20.400000 28.063844 1.001560 0.039519 -0.006770
20.466667 28.237519 1.001550 0.038737 -0.006724
20.533333 28.409029 1.001539 0.037979 -0.006678
20.600000 28.576613 1.001529 0.037254 -0.006634
20.666667 28.738344 1.001519 0.036566 -0.006590
20.733333 28.892153 1.001509 0.035925 -0.006548
20.800000 29.035867 1.001500 0.035335 -0.006507
20.866667 29.167264 1.001490 0.034805 -0.006467
20.933333 29.284145 1.001481 0.034339 -0.006427
21.000000 29.384416 1.001473 0.033945 -0.006389
21.066667 29.466184 1.001464 0.033627 -0.006352
21.133333 29.527848 1.001456 0.033389 -0.006316
21.200000 29.568192 1.001448 0.033235 -0.006281
21.266667 29.586455 1.001440 0.033165 -0.006247
21.333333 29.582384 1.001432 0.033180 -0.006214
21.400000 29.556250 1.001425 0.033280 -0.006182
21.466667 29.508836 1.001418 0.033462 -0.006151
21.533333 29.441394 1.001411 0.033723 -0.006121
21.600000 29.355573 1.001404 0.034058 -0.006092
21.666667 29.253335 1.001397 0.034461 -0.006064
21.733333 29.136858 1.001391 0.034927 -0.006036
21.800000 29.008448 1.001385 0.035447 -0.006010
21.866667 28.870447 1.001379 0.036015 -0.005985
21.933333 28.725166 1.001374 0.036622 -0.005961
22.000000 28.574826 1.001368 0.037261 -0.005937
22.066667 28.421518 1.001363 0.037925 -0.005915
22.133333 28.267175 1.001358 0.038605 -0.005894
22.200000 28.113560 1.001353 0.039294 -0.005873
22.266667 27.962260 1.001349 0.039984 -0.005853
22.333333 27.814694 1.001345 0.040669 -0.005835
22.400000 27.672116 1.001340 0.041342 -0.005817
22.466667 27.535635 1.001337 0.041997 -0.005800
22.533333 27.406223 1.001333 0.042627 -0.005783
22.600000 27.284735 1.001329 0.043228 -0.005768
22.666667 27.171925 1.001326 0.043793 -0.005754
22.733333 27.068456 1.001323 0.044318 -0.005740
22.800000 26.974921 1.001320 0.044798 -0.005727
22.866667 26.891850 1.001317 0.045228 -0.005715
22.933333 26.819728 1.001314 0.045605 -0.005704
23.000000 26.759001 1.001312 0.045925 -0.005693
23.066667 26.710089 1.001310 0.046184 -0.005684
23.133333 26.673395 1.001308 0.046380 -0.005675
23.200000 26.649315 1.001306 0.046509 -0.005666
23.266667 26.638243 1.001304 0.046568 -0.005659
23.333333 26.640580 1.001303 0.046556 -0.005652
23.400000 26.656743 1.001301 0.046469 -0.005646
23.466667 26.687171 1.001300 0.046306 -0.005641
23.533333 26.732333 1.001299 0.046066 -0.005636
23.600000 26.792736 1.001298 0.045747 -0.005632
23.666667 26.868930 1.001297 0.045348 -0.005629
23.733333 26.961525 1.001297 0.044867 -0.005626
23.800000 27.071189 1.001296 0.044304 -0.005624
23.866667 27.198672 1.001296 0.043658 -0.005623
23.933333 27.344808 1.001296 0.042930 -0.005622
24.000000 27.510534 1.001296 0.042119 -0.005622
24.066667 27.696910 1.001296 0.041224 -0.005622
24.133333 27.905133 1.001296 0.040248 -0.005623
24.200000 28.136565 1.001296 0.039190 -0.005625
24.266667 28.392760 1.001297 0.038051 -0.005627
24.333333 28.675500 1.001297 0.036832 -0.005629
24.400000 28.986835 1.001298 0.035535 -0.005632
24.466667 29.329135 1.001299 0.034162 -0.005636
24.533333 29.705151 1.001300 0.032715 -0.005640
24.600000 30.118091 1.001301 0.031196 -0.005645
24.666667 30.571711 1.001302 0.029608 -0.005650
24.733333 31.070423 1.001303 0.027956 -0.005655
24.800000 31.619417 1.001305 0.026244 -0.005661
24.866667 32.224791 1.001306 0.024477 -0.005668
24.933333 32.893667 1.001308 0.022663 -0.005675
25.000000 33.634211 1.001309 0.020811 -0.005682
25.066667 34.455411 1.001311 0.018933 -0.005689
25.133333 35.366214 1.001313 0.017049 -0.005697
25.200000 36.373107 1.001315 0.015183 -0.005706
25.266667 37.474040 1.001317 0.013375 -0.005715
25.333333 38.644295 1.001319 0.011689 -0.005724
25.400000 39.807303 1.001321 0.010224 -0.005733
25.466667 40.790949 1.001324 0.009130 -0.005743
25.533333 41.319960 1.001326 0.008590 -0.005753
25.600000 41.161889 1.001328 0.008748 -0.005764
25.666667 40.354192 1.001331 0.009600 -0.005775
25.733333 39.162430 1.001333 0.011012 -0.005786
25.800000 37.842893 1.001336 0.012819 -0.005797
25.866667 36.541066 1.001339 0.014892 -0.005809
25.933333 35.317386 1.001341 0.017145 -0.005821
26.000000 34.189108 1.001344 0.019523 -0.005833
26.066667 33.155277 1.001347 0.021991 -0.005845
26.133333 32.208370 1.001350 0.024523 -0.005858
26.200000 31.339206 1.001353 0.027104 -0.005871
26.266667 30.538861 1.001356 0.029721 -0.005884
26.333333 29.799322 1.001359 0.032362 -0.005897
26.400000 29.113630 1.001362 0.035020 -0.005910
26.466667 28.475824 1.001365 0.037688 -0.005924
26.533333 27.880819 1.001368 0.040361 -0.005938
26.600000 27.324278 1.001372 0.043031 -0.005952
26.666667 26.802488 1.001375 0.045696 -0.005966
26.733333 26.312262 1.001378 0.048349 -0.005980
26.800000 25.850846 1.001382 0.050987 -0.005995
26.866667 25.415854 1.001385 0.053605 -0.006009
26.933333 25.005201 1.001388 0.056200 -0.006024
27.000000 24.617060 1.001392 0.058769 -0.006039
27.066667 24.249822 1.001395 0.061307 -0.006054
27.133333 23.902062 1.001399 0.063811 -0.006069
27.200000 23.572510 1.001402 0.066279 -0.006084
27.266667 23.260031 1.001406 0.068707 -0.006099
27.333333 22.963608 1.001409 0.071092 -0.006114
27.400000 22.682319 1.001413 0.073432 -0.006130
27.466667 22.415333 1.001416 0.075724 -0.006145
27.533333 22.161890 1.001420 0.077966 -0.006161
27.600000 21.921297 1.001423 0.080156 -0.006176
27.666667 21.692918 1.001427 0.082291 -0.006192
27.733333 21.476165 1.001431 0.084371 -0.006208
27.800000 21.270495 1.001434 0.086392 -0.006223
27.866667 21.075402 1.001438 0.088355 -0.006239
27.933333 20.890414 1.001442 0.090257 -0.006255
28.000000 20.715086 1.001445 0.092097 -0.006271
28.066667 20.548999 1.001449 0.093875 -0.006287
28.133333 20.391757 1.001452 0.095590 -0.006302
28.200000 20.242982 1.001456 0.097241 -0.006318
28.266667 20.102311 1.001460 0.098829 -0.006334
28.333333 19.969397 1.001463 0.100353 -0.006350
28.400000 19.843901 1.001467 0.101813 -0.006366
28.466667 19.725496 1.001471 0.103211 -0.006382
28.533333 19.613863 1.001474 0.104546 -0.006397
28.600000 19.508686 1.001478 0.105820 -0.006413
28.666667 19.409655 1.001482 0.107033 -0.006429
28.733333 19.316462 1.001485 0.108187 -0.006445
28.800000 19.228802 1.001489 0.109285 -0.006461
28.866667 19.146367 1.001493 0.110327 -0.006476
28.933333 19.068852 1.001496 0.111316 -0.006492
29.000000 18.995946 1.001500 0.112254 -0.006508
29.066667 18.927339 1.001503 0.113144 -0.006523
29.133333 18.862713 1.001507 0.113989 -0.006539
29.200000 18.801751 1.001511 0.114792 -0.006554
29.266667 18.744126 1.001514 0.115556 -0.006570
29.333333 18.689511 1.001518 0.116285 -0.006585
29.400000 18.637571 1.001521 0.116983 -0.006601
29.466667 18.587967 1.001525 0.117653 -0.006616
29.533333 18.540355 1.001528 0.118299 -0.006631
29.600000 18.494387 1.001532 0.118927 -0.006647
29.666667 18.449712 1.001535 0.119540 -0.006662
29.733333 18.405976 1.001539 0.120144 -0.006677
29.800000 18.362825 1.001542 0.120742 -0.006692
29.866667 18.319903 1.001546 0.121340 -0.006707
29.933333 18.276860 1.001549 0.121943 -0.006722
30.000000 18.233346 1.001553 0.122555 -0.006737
30.066667 18.189019 1.001556 0.123183 -0.006752
30.133333 18.143546 1.001560 0.123829 -0.006767
30.200000 18.096605 1.001563 0.124500 -0.006782
30.266667 18.047887 1.001566 0.125200 -0.006796
30.333333 17.997100 1.001570 0.125935 -0.006811
30.400000 17.943972 1.001573 0.126707 -0.006825
30.466667 17.888250 1.001576 0.127523 -0.006840
30.533333 17.829709 1.001580 0.128385 -0.006854
30.600000 17.768148 1.001583 0.129298 -0.006869
30.666667 17.703394 1.001586 0.130266 -0.006883
30.733333 17.635306 1.001590 0.131291 -0.006897
30.800000 17.563772 1.001593 0.132377 -0.006911
30.866667 17.488714 1.001596 0.133526 -0.006926
30.933333 17.410086 1.001599 0.134740 -0.006940
31.000000 17.327873 1.001603 0.136021 -0.006953
31.066667 17.242093 1.001606 0.137371 -0.006967
31.133333 17.152794 1.001609 0.138791 -0.006981
31.200000 17.060054 1.001612 0.140280 -0.006995
31.266667 16.963977 1.001615 0.141841 -0.007008
31.333333 16.864692 1.001618 0.143471 -0.007022
31.400000 16.762351 1.001621 0.145172 -0.007035
31.466667 16.657126 1.001625 0.146941 -0.007049
31.533333 16.549207 1.001628 0.148778 -0.007062
31.600000 16.438795 1.001631 0.150682 -0.007075
31.666667 16.326105 1.001634 0.152649 -0.007088
31.733333 16.211361 1.001637 0.154679 -0.007101
31.800000 16.094790 1.001640 0.156769 -0.007114
31.866667 15.976625 1.001643 0.158916 -0.007127
31.933333 15.857099 1.001645 0.161118 -0.007139
32.000000 15.736443 1.001648 0.163372 -0.007152
32.066667 15.614885 1.001651 0.165675 -0.007164
32.133333 15.492650 1.001654 0.168023 -0.007177
32.200000 15.369954 1.001657 0.170413 -0.007189
32.266667 15.247007 1.001660 0.172842 -0.007201
32.333333 15.124011 1.001662 0.175307 -0.007213
32.400000 15.001157 1.001665 0.177804 -0.007225
32.466667 14.878627 1.001668 0.180330 -0.007236
32.533333 14.756592 1.001671 0.182882 -0.007248
32.600000 14.635214 1.001673 0.185455 -0.007259
32.666667 14.514641 1.001676 0.188048 -0.007271
32.733333 14.395014 1.001678 0.190655 -0.007282
32.800000 14.276461 1.001681 0.193276 -0.007293
32.866667 14.159099 1.001683 0.195905 -0.007304
32.933333 14.043036 1.001686 0.198540 -0.007314
33.000000 13.928369 1.001688 0.201179 -0.007325
33.066667 13.815185 1.001691 0.203817 -0.007336
33.133333 13.703564 1.001693 0.206453 -0.007346
33.200000 13.593573 1.001695 0.209084 -0.007356
33.266667 13.485275 1.001698 0.211707 -0.007366
33.333333 13.378722 1.001700 0.214321 -0.007376
33.400000 13.273959 1.001702 0.216921 -0.007386
33.466667 13.171023 1.001705 0.219507 -0.007396
33.533333 13.069946 1.001707 0.222077 -0.007405
33.600000 12.970752 1.001709 0.224627 -0.007415
33.666667 12.873460 1.001711 0.227157 -0.007424
33.733333 12.778082 1.001713 0.229666 -0.007433
33.800000 12.684627 1.001715 0.232150 -0.007442
33.866667 12.593097 1.001717 0.234609 -0.007451
33.933333 12.503491 1.001719 0.237042 -0.007460
34.000000 12.415802 1.001721 0.239447 -0.007468
34.066667 12.330020 1.001723 0.241824 -0.007477
34.133333 12.246133 1.001725 0.244171 -0.007485
34.200000 12.164123 1.001727 0.246487 -0.007494
34.266667 12.083971 1.001729 0.248772 -0.007502
34.333333 12.005653 1.001731 0.251025 -0.007510
34.400000 11.929145 1.001733 0.253246 -0.007518
34.466667 11.854418 1.001735 0.255434 -0.007526
34.533333 11.781444 1.001736 0.257589 -0.007534
34.600000 11.710190 1.001738 0.259711 -0.007542
34.666667 11.640623 1.001740 0.261800 -0.007549
34.733333 11.572708 1.001742 0.263855 -0.007557
34.800000 11.506408 1.001743 0.265876 -0.007564
34.866667 11.441686 1.001745 0.267865 -0.007572
34.933333 11.378503 1.001747 0.269820 -0.007579
35.000000 11.316820 1.001749 0.271743 -0.007586
35.066667 11.256595 1.001750 0.273634 -0.007594
35.133333 11.197788 1.001752 0.275493 -0.007601
35.200000 11.140357 1.001754 0.277321 -0.007608
35.266667 11.084260 1.001755 0.279117 -0.007615
35.333333 11.029454 1.001757 0.280884 -0.007622
35.400000 10.975896 1.001759 0.282621 -0.007629
35.466667 10.923545 1.001760 0.284330 -0.007637
35.533333 10.872356 1.001762 0.286011 -0.007644
35.600000 10.822288 1.001763 0.287664 -0.007651
35.666667 10.773298 1.001765 0.289291 -0.007658
35.733333 10.725343 1.001767 0.290893 -0.007665
35.800000 10.678382 1.001768 0.292470 -0.007672
35.866667 10.632373 1.001770 0.294023 -0.007679
35.933333 10.587275 1.001771 0.295554 -0.007686
36.000000 10.543048 1.001773 0.297062 -0.007693
36.066667 10.499651 1.001775 0.298550 -0.007700
36.133333 10.457047 1.001776 0.300018 -0.007707
36.200000 10.415197 1.001778 0.301467 -0.007714
36.266667 10.374062 1.001780 0.302898 -0.007721
36.333333 10.333608 1.001781 0.304312 -0.007728
36.400000 10.293797 1.001783 0.305710 -0.007735
36.466667 10.254596 1.001785 0.307093 -0.007742
36.533333 10.215970 1.001786 0.308462 -0.007749
36.600000 10.177888 1.001788 0.309817 -0.007757
36.666667 10.140317 1.001790 0.311160 -0.007764
36.733333 10.103227 1.001791 0.312492 -0.007771
36.800000 10.066590 1.001793 0.313813 -0.007778
36.866667 10.030376 1.001795 0.315124 -0.007786
36.933333 9.994561 1.001796 0.316426 -0.007793
37.000000 9.959117 1.001798 0.317720 -0.007800
37.066667 9.924021 1.001800 0.319006 -0.007807
37.133333 9.889249 1.001801 0.320286 -0.007815
37.200000 9.854781 1.001803 0.321559 -0.007822
37.266667 9.820595 1.001805 0.322827 -0.007829
37.333333 9.786672 1.001806 0.324091 -0.007836
37.400000 9.752995 1.001808 0.325350 -0.007844
37.466667 9.719547 1.001810 0.326605 -0.007851
37.533333 9.686312 1.001811 0.327857 -0.007858
37.600000 9.653277 1.001813 0.329106 -0.007865
37.666667 9.620428 1.001815 0.330353 -0.007873
37.733333 9.587754 1.001816 0.331598 -0.007880
37.800000 9.555245 1.001818 0.332842 -0.007887
37.866667 9.522891 1.001819 0.334084 -0.007894
37.933333 9.490684 1.001821 0.335325 -0.007901
38.000000 9.458617 1.001823 0.336565 -0.007908
38.066667 9.426684 1.001824 0.337805 -0.007915
38.133333 9.394880 1.001826 0.339044 -0.007921
38.200000 9.363201 1.001827 0.340283 -0.007928
38.266667 9.331645 1.001829 0.341521 -0.007935
38.333333 9.300209 1.001830 0.342760 -0.007941
38.400000 9.268892 1.001832 0.343998 -0.007948
38.466667 9.237694 1.001833 0.345235 -0.007954
38.533333 9.206615 1.001835 0.346473 -0.007960
38.600000 9.175656 1.001836 0.347710 -0.007966
38.666667 9.144820 1.001838 0.348947 -0.007972
38.733333 9.114108 1.001839 0.350183 -0.007978
38.800000 9.083523 1.001840 0.351418 -0.007984
38.866667 9.053070 1.001841 0.352652 -0.007989
38.933333 9.022751 1.001843 0.353885 -0.007994
39.000000 8.992572 1.001844 0.355117 -0.008000
39.066667 8.962536 1.001845 0.356347 -0.008005
39.133333 8.932649 1.001846 0.357575 -0.008009
39.200000 8.902916 1.001847 0.358801 -0.008014
39.266667 8.873342 1.001848 0.360025 -0.008019
39.333333 8.843932 1.001849 0.361246 -0.008023
39.400000 8.814692 1.001850 0.362464 -0.008027
39.466667 8.785627 1.001851 0.363679 -0.008031
39.533333 8.756743 1.001852 0.364891 -0.008035
39.600000 8.728044 1.001853 0.366098 -0.008038
39.666667 8.699535 1.001854 0.367302 -0.008042
39.733333 8.671222 1.001854 0.368501 -0.008045
39.800000 8.643108 1.001855 0.369696 -0.008048
39.866667 8.615198 1.001856 0.370886 -0.008050
39.933333 8.587495 1.001856 0.372070 -0.008053
40.000000 8.560003 1.001857 0.373250 -0.008055
40.066667 8.532724 1.001857 0.374424 -0.008057
40.133333 8.505661 1.001858 0.375593 -0.008059
40.200000 8.478815 1.001858 0.376755 -0.008060
40.266667 8.452187 1.001858 0.377912 -0.008062
40.333333 8.425778 1.001859 0.379063 -0.008063
40.400000 8.399588 1.001859 0.380207 -0.008064
40.466667 8.373616 1.001859 0.381346 -0.008065
40.533333 8.347861 1.001859 0.382478 -0.008065
40.600000 8.322320 1.001859 0.383605 -0.008065
40.666667 8.296990 1.001859 0.384725 -0.008066
40.733333 8.271869 1.001859 0.385839 -0.008065
40.800000 8.246951 1.001859 0.386948 -0.008065
40.866667 8.222232 1.001859 0.388051 -0.008065
40.933333 8.197706 1.001859 0.389148 -0.008064
41.000000 8.173366 1.001858 0.390240 -0.008063
41.066667 8.149206 1.001858 0.391327 -0.008062
41.133333 8.125219 1.001858 0.392409 -0.008060
41.200000 8.101394 1.001858 0.393487 -0.008059
41.266667 8.077725 1.001857 0.394561 -0.008057
41.333333 8.054200 1.001857 0.395631 -0.008056
41.400000 8.030811 1.001856 0.396697 -0.008054
41.466667 8.007547 1.001856 0.397761 -0.008051
41.533333 7.984397 1.001855 0.398823 -0.008049
41.600000 7.961351 1.001855 0.399883 -0.008047
41.666667 7.938395 1.001854 0.400941 -0.008044
41.733333 7.915520 1.001854 0.401998 -0.008042
41.800000 7.892713 1.001853 0.403055 -0.008039
41.866667 7.869961 1.001852 0.404112 -0.008036
41.933333 7.847255 1.001852 0.405170 -0.008033
42.000000 7.824580 1.001851 0.406229 -0.008030
42.066667 7.801927 1.001850 0.407290 -0.008027
42.133333 7.779283 1.001849 0.408353 -0.008024
42.200000 7.756637 1.001849 0.409419 -0.008020
42.266667 7.733980 1.001848 0.410489 -0.008017
42.333333 7.711299 1.001847 0.411562 -0.008014
42.400000 7.688587 1.001846 0.412639 -0.008010
42.466667 7.665834 1.001846 0.413722 -0.008007
42.533333 7.643032 1.001845 0.414809 -0.008004
42.600000 7.620174 1.001844 0.415902 -0.008000
42.666667 7.597253 1.001843 0.417001 -0.007997
42.733333 7.574264 1.001843 0.418106 -0.007994
42.800000 7.551202 1.001842 0.419218 -0.007991
42.866667 7.528065 1.001841 0.420336 -0.007987
42.933333 7.504851 1.001840 0.421461 -0.007984
43.000000 7.481559 1.001840 0.422593 -0.007981
43.066667 7.458190 1.001839 0.423731 -0.007978
43.133333 7.434745 1.001838 0.424877 -0.007975
43.200000 7.411229 1.001838 0.426028 -0.007972
43.266667 7.387645 1.001837 0.427187 -0.007970
43.333333 7.364000 1.001836 0.428351 -0.007967
43.400000 7.340303 1.001836 0.429521 -0.007965
43.466667 7.316562 1.001835 0.430697 -0.007963
43.533333 7.292789 1.001835 0.431877 -0.007960
43.600000 7.268994 1.001834 0.433062 -0.007959
43.666667 7.245193 1.001834 0.434251 -0.007957
43.733333 7.221400 1.001834 0.435442 -0.007955
43.800000 7.197631 1.001833 0.436635 -0.007954
43.866667 7.173905 1.001833 0.437829 -0.007953
43.933333 7.150240 1.001833 0.439024 -0.007952
44.000000 7.126658 1.001833 0.440217 -0.007951
44.066667 7.103179 1.001833 0.441409 -0.007951
44.133333 7.079826 1.001833 0.442597 -0.007951
44.200000 7.056623 1.001833 0.443781 -0.007951
44.266667 7.033594 1.001833 0.444959 -0.007951
44.333333 7.010764 1.001833 0.446130 -0.007952
44.400000 6.988161 1.001833 0.447293 -0.007952
44.466667 6.965809 1.001833 0.448445 -0.007953
44.533333 6.943738 1.001834 0.449586 -0.007955
44.600000 6.921974 1.001834 0.450714 -0.007957
44.666667 6.900545 1.001834 0.451828 -0.007958
44.733333 6.879479 1.001835 0.452925 -0.007961
44.800000 6.858805 1.001836 0.454004 -0.007963
44.866667 6.838551 1.001836 0.455064 -0.007966
44.933333 6.818744 1.001837 0.456103 -0.007969
45.000000 6.799413 1.001838 0.457119 -0.007972
45.066667 6.780584 1.001838 0.458111 -0.007976
45.133333 6.762284 1.001839 0.459077 -0.007980
45.200000 6.744539 1.001840 0.460016 -0.007984
45.266667 6.727374 1.001841 0.460926 -0.007989
45.333333 6.710813 1.001842 0.461806 -0.007993
45.400000 6.694881 1.001844 0.462654 -0.007998
45.466667 6.679598 1.001845 0.463468 -0.008003
45.533333 6.664985 1.001846 0.464249 -0.008009
45.600000 6.651063 1.001847 0.464993 -0.008015
45.666667 6.637849 1.001849 0.465701 -0.008021
45.733333 6.625359 1.001850 0.466372 -0.008027
45.800000 6.613608 1.001852 0.467003 -0.008033
45.866667 6.602610 1.001853 0.467595 -0.008040
45.933333 6.592374 1.001855 0.468146 -0.008046
46.000000 6.582911 1.001856 0.468656 -0.008053
46.066667 6.574227 1.001858 0.469125 -0.008060
46.133333 6.566327 1.001860 0.469552 -0.008067
46.200000 6.559213 1.001861 0.469937 -0.008075
46.266667 6.552888 1.001863 0.470279 -0.008082
46.333333 6.547347 1.001865 0.470579 -0.008090
46.400000 6.542587 1.001866 0.470837 -0.008097
46.466667 6.538601 1.001868 0.471053 -0.008105
46.533333 6.535380 1.001870 0.471228 -0.008112
46.600000 6.532911 1.001872 0.471362 -0.008120
46.666667 6.531181 1.001873 0.471456 -0.008128
46.733333 6.530171 1.001875 0.471511 -0.008135
46.800000 6.529862 1.001877 0.471527 -0.008143
46.866667 6.530232 1.001879 0.471507 -0.008150
46.933333 6.531256 1.001880 0.471452 -0.008158
47.000000 6.532905 1.001882 0.471362 -0.008165
47.066667 6.535150 1.001884 0.471240 -0.008172
47.133333 6.537957 1.001885 0.471088 -0.008179
47.200000 6.541290 1.001887 0.470907 -0.008186
47.266667 6.545113 1.001888 0.470700 -0.008193
47.333333 6.549384 1.001890 0.470469 -0.008199
47.400000 6.554061 1.001891 0.470216 -0.008205
47.466667 6.559098 1.001893 0.469943 -0.008211
47.533333 6.564450 1.001894 0.469653 -0.008217
47.600000 6.570067 1.001895 0.469350 -0.008222
47.666667 6.575898 1.001896 0.469035 -0.008228
47.733333 6.581892 1.001898 0.468711 -0.008232
47.800000 6.587994 1.001899 0.468382 -0.008237
47.866667 6.594151 1.001900 0.468050 -0.008241
47.933333 6.600306 1.001900 0.467719 -0.008244
48.000000 6.606402 1.001901 0.467391 -0.008248
48.066667 6.612384 1.001902 0.467069 -0.008250
48.133333 6.618195 1.001902 0.466756 -0.008253
48.200000 6.623777 1.001903 0.466457 -0.008255
48.266667 6.629074 1.001903 0.466172 -0.008256
48.333333 6.634032 1.001903 0.465906 -0.008257
48.400000 6.638595 1.001904 0.465661 -0.008258
48.466667 6.642712 1.001904 0.465441 -0.008258
48.533333 6.646330 1.001903 0.465247 -0.008258
48.600000 6.649402 1.001903 0.465082 -0.008257
48.666667 6.651882 1.001903 0.464950 -0.008256
48.733333 6.653726 1.001903 0.464851 -0.008254
48.800000 6.654894 1.001902 0.464788 -0.008251
48.866667 6.655349 1.001901 0.464764 -0.008249
48.933333 6.655060 1.001901 0.464780 -0.008245
49.000000 6.653997 1.001900 0.464836 -0.008242
49.066667 6.652138 1.001899 0.464936 -0.008237
49.133333 6.649461 1.001898 0.465079 -0.008233
49.200000 6.645954 1.001896 0.465267 -0.008227
49.266667 6.641606 1.001895 0.465500 -0.008222
49.333333 6.636414 1.001894 0.465778 -0.008216
49.400000 6.630379 1.001892 0.466102 -0.008209
49.466667 6.623508 1.001891 0.466471 -0.008202
49.533333 6.615813 1.001889 0.466884 -0.008195
49.600000 6.607311 1.001887 0.467342 -0.008187
49.666667 6.598026 1.001885 0.467841 -0.008179
49.733333 6.587987 1.001883 0.468383 -0.008170
49.800000 6.577226 1.001881 0.468963 -0.008161
49.866667 6.565784 1.001879 0.469581 -0.008152
49.933333 6.553704 1.001877 0.470235 -0.008143
50.000000 6.541035 1.001875 0.470921 -0.008133
50.066667 6.527830 1.001872 0.471638 -0.008123
50.133333 6.514147 1.001870 0.472381 -0.008113
50.200000 6.500046 1.001868 0.473149 -0.008102
50.266667 6.485593 1.001865 0.473937 -0.008092
50.333333 6.470857 1.001863 0.474741 -0.008081
50.400000 6.455908 1.001860 0.475559 -0.008070
50.466667 6.440821 1.001858 0.476386 -0.008059
50.533333 6.425672 1.001855 0.477218 -0.008048
50.600000 6.410539 1.001852 0.478050 -0.008037
50.666667 6.395503 1.001850 0.478878 -0.008026
50.733333 6.380643 1.001847 0.479698 -0.008014
50.800000 6.366043 1.001845 0.480505 -0.008003
50.866667 6.351784 1.001842 0.481294 -0.007992
50.933333 6.337949 1.001840 0.482062 -0.007981
51.000000 6.324621 1.001837 0.482802 -0.007971
51.066667 6.311882 1.001835 0.483510 -0.007960
51.133333 6.299814 1.001832 0.484183 -0.007949
51.200000 6.288496 1.001830 0.484814 -0.007939
51.266667 6.278007 1.001828 0.485400 -0.007929
51.333333 6.268426 1.001825 0.485936 -0.007919
51.400000 6.259827 1.001823 0.486417 -0.007909
51.466667 6.252285 1.001821 0.486839 -0.007900
51.533333 6.245871 1.001819 0.487199 -0.007891
51.600000 6.240653 1.001817 0.487492 -0.007883
51.666667 6.236698 1.001815 0.487714 -0.007874
51.733333 6.234069 1.001813 0.487862 -0.007866
51.800000 6.232826 1.001811 0.487931 -0.007859
51.866667 6.233027 1.001810 0.487920 -0.007852
51.933333 6.234724 1.001808 0.487825 -0.007845
52.000000 6.237968 1.001807 0.487643 -0.007839
52.066667 6.242804 1.001806 0.487371 -0.007833
52.133333 6.249275 1.001804 0.487008 -0.007828
52.200000 6.257419 1.001803 0.486552 -0.007823
52.266667 6.267269 1.001802 0.486000 -0.007819
52.333333 6.278855 1.001801 0.485352 -0.007815
52.400000 6.292201 1.001801 0.484607 -0.007812
52.466667 6.307326 1.001800 0.483764 -0.007809
52.533333 6.324246 1.001799 0.482823 -0.007806
52.600000 6.342969 1.001799 0.481783 -0.007805
52.666667 6.363499 1.001799 0.480646 -0.007803
52.733333 6.385835 1.001798 0.479411 -0.007802
52.800000 6.409967 1.001798 0.478081 -0.007802
52.866667 6.435883 1.001798 0.476657 -0.007802
52.933333 6.463562 1.001798 0.475140 -0.007803
53.000000 6.492976 1.001799 0.473534 -0.007804
53.066667 6.524091 1.001799 0.471841 -0.007805
53.133333 6.556865 1.001799 0.470064 -0.007807
53.200000 6.591250 1.001800 0.468207 -0.007809
53.266667 6.627187 1.001801 0.466273 -0.007812
53.333333 6.664613 1.001801 0.464269 -0.007815
53.400000 6.703453 1.001802 0.462197 -0.007819
53.466667 6.743626 1.001803 0.460064 -0.007823
53.533333 6.785039 1.001804 0.457876 -0.007827
53.600000 6.827593 1.001805 0.455638 -0.007832
53.666667 6.871178 1.001806 0.453358 -0.007836
53.733333 6.915674 1.001807 0.451041 -0.007842
53.800000 6.960952 1.001809 0.448696 -0.007847
53.866667 7.006874 1.001810 0.446330 -0.007853
53.933333 7.053291 1.001811 0.443951 -0.007858
54.000000 7.100045 1.001813 0.441568 -0.007864
54.066667 7.146969 1.001814 0.439189 -0.007871
54.133333 7.193885 1.001816 0.436823 -0.007877
54.200000 7.240609 1.001817 0.434480 -0.007883
54.266667 7.286946 1.001819 0.432168 -0.007890
54.333333 7.332695 1.001820 0.429898 -0.007896
54.400000 7.377648 1.001822 0.427679 -0.007903
54.466667 7.421592 1.001823 0.425520 -0.007910
54.533333 7.464308 1.001825 0.423433 -0.007916
54.600000 7.505575 1.001826 0.421426 -0.007923
54.666667 7.545171 1.001828 0.419509 -0.007929
54.733333 7.582871 1.001829 0.417692 -0.007935
54.800000 7.618456 1.001831 0.415985 -0.007942
54.866667 7.651707 1.001832 0.414395 -0.007948
54.933333 7.682414 1.001833 0.412933 -0.007954
55.000000 7.710374 1.001835 0.411606 -0.007959
55.066667 7.735393 1.001836 0.410422 -0.007965
55.133333 7.757291 1.001837 0.409388 -0.007970
55.200000 7.775903 1.001838 0.408512 -0.007975
55.266667 7.791081 1.001839 0.407799 -0.007980
55.333333 7.802695 1.001840 0.407254 -0.007984
55.400000 7.810635 1.001841 0.406882 -0.007988
55.466667 7.814816 1.001842 0.406686 -0.007992
55.533333 7.815175 1.001843 0.406669 -0.007995
55.600000 7.811674 1.001844 0.406833 -0.007998
55.666667 7.804299 1.001844 0.407179 -0.008001
55.733333 7.793063 1.001845 0.407706 -0.008003
55.800000 7.778007 1.001845 0.408413 -0.008005
55.866667 7.759192 1.001845 0.409299 -0.008006
55.933333 7.736708 1.001846 0.410360 -0.008008
56.000000 7.710668 1.001846 0.411592 -0.008008
56.066667 7.681205 1.001846 0.412990 -0.008009
56.133333 7.648475 1.001846 0.414549 -0.008008
56.200000 7.612651 1.001846 0.416263 -0.008008
56.266667 7.573924 1.001846 0.418123 -0.008007
56.333333 7.532499 1.001845 0.420122 -0.008006
56.400000 7.488594 1.001845 0.422251 -0.008004
56.466667 7.442437 1.001844 0.424500 -0.008002
56.533333 7.394265 1.001844 0.426861 -0.007999
56.600000 7.344318 1.001843 0.429323 -0.007996
56.666667 7.292844 1.001842 0.431875 -0.007993
56.733333 7.240091 1.001841 0.434506 -0.007989
56.800000 7.186306 1.001840 0.437205 -0.007985
56.866667 7.131738 1.001839 0.439960 -0.007980
56.933333 7.076630 1.001838 0.442760 -0.007976
57.000000 7.021222 1.001837 0.445594 -0.007971
57.066667 6.965750 1.001836 0.448448 -0.007965
57.133333 6.910442 1.001835 0.451313 -0.007959
57.200000 6.855521 1.001833 0.454176 -0.007953
57.266667 6.801201 1.001832 0.457025 -0.007947
57.333333 6.747689 1.001830 0.459849 -0.007941
57.400000 6.695183 1.001829 0.462638 -0.007934
57.466667 6.643873 1.001827 0.465379 -0.007927
57.533333 6.593940 1.001826 0.468062 -0.007920
57.600000 6.545556 1.001824 0.470676 -0.007913
57.666667 6.498886 1.001822 0.473212 -0.007906
57.733333 6.454085 1.001821 0.475659 -0.007898
57.800000 6.411300 1.001819 0.478008 -0.007891
57.866667 6.370670 1.001817 0.480249 -0.007883
57.933333 6.332327 1.001815 0.482374 -0.007876
58.000000 6.296394 1.001814 0.484373 -0.007868
58.066667 6.262988 1.001812 0.486240 -0.007860
58.133333 6.232218 1.001810 0.487965 -0.007853
58.200000 6.204187 1.001808 0.489543 -0.007845
58.266667 6.178992 1.001807 0.490965 -0.007838
58.333333 6.156725 1.001805 0.492225 -0.007830
58.400000 6.137469 1.001803 0.493318 -0.007823
58.466667 6.121305 1.001802 0.494236 -0.007816
58.533333 6.108307 1.001800 0.494977 -0.007809
58.600000 6.098547 1.001798 0.495533 -0.007802
58.666667 6.092089 1.001797 0.495902 -0.007796
58.733333 6.088995 1.001795 0.496078 -0.007789
58.800000 6.089323 1.001794 0.496060 -0.007783
58.866667 6.093126 1.001793 0.495842 -0.007778
58.933333 6.100454 1.001791 0.495424 -0.007772
59.000000 6.111354 1.001790 0.494803 -0.007767
59.066667 6.125869 1.001789 0.493977 -0.007762
59.133333 6.144040 1.001788 0.492944 -0.007758
59.200000 6.165904 1.001787 0.491705 -0.007753
59.266667 6.191494 1.001786 0.490259 -0.007750
59.333333 6.220843 1.001785 0.488605 -0.007746
59.400000 6.253978 1.001785 0.486745 -0.007743
59.466667 6.290925 1.001784 0.484678 -0.007741
59.533333 6.331705 1.001784 0.482408 -0.007738
59.600000 6.376338 1.001783 0.479936 -0.007737
59.666667 6.424840 1.001783 0.477263 -0.007735
59.733333 6.477222 1.001783 0.474394 -0.007734
59.800000 6.533494 1.001783 0.471330 -0.007734
59.866667 6.593660 1.001783 0.468077 -0.007734
59.933333 6.657720 1.001783 0.464637 -0.007734
60.000000 6.725671 1.001783 0.461016 -0.007735
60.066667 6.797503 1.001783 0.457220 -0.007737
60.133333 6.873202 1.001784 0.453252 -0.007739
60.200000 6.952745 1.001784 0.449120 -0.007741
60.266667 7.036107 1.001785 0.444831 -0.007744
60.333333 7.123252 1.001786 0.440390 -0.007747
60.400000 7.214135 1.001787 0.435806 -0.007751
60.466667 7.308706 1.001788 0.431087 -0.007755
60.533333 7.406900 1.001789 0.426241 -0.007760
60.600000 7.508643 1.001790 0.421277 -0.007765
60.666667 7.613848 1.001791 0.416205 -0.007771
60.733333 7.722415 1.001793 0.411035 -0.007777
60.800000 7.834226 1.001794 0.405778 -0.007784
60.866667 7.949149 1.001796 0.400445 -0.007791
60.933333 8.067029 1.001797 0.395047 -0.007798
61.000000 8.187693 1.001799 0.389597 -0.007806
61.066667 8.310946 1.001801 0.384107 -0.007814
61.133333 8.436565 1.001803 0.378592 -0.007823
61.200000 8.564302 1.001805 0.373065 -0.007832
61.266667 8.693878 1.001807 0.367541 -0.007841
61.333333 8.824984 1.001810 0.362035 -0.007851
61.400000 8.957276 1.001812 0.356563 -0.007862
61.466667 9.090373 1.001814 0.351141 -0.007872
61.533333 9.223858 1.001817 0.345786 -0.007883
61.600000 9.357275 1.001820 0.340515 -0.007894
61.666667 9.490125 1.001822 0.335346 -0.007906
61.733333 9.621869 1.001825 0.330298 -0.007918
61.800000 9.751929 1.001828 0.325389 -0.007930
61.866667 9.879687 1.001831 0.320638 -0.007942
61.933333 10.004485 1.001834 0.316065 -0.007955
62.000000 10.125637 1.001837 0.311687 -0.007968
62.066667 10.242425 1.001840 0.307524 -0.007981
62.133333 10.354111 1.001843 0.303595 -0.007994
62.200000 10.459946 1.001846 0.299918 -0.008008
62.266667 10.559175 1.001849 0.296511 -0.008021
62.333333 10.651056 1.001852 0.293391 -0.008035
62.400000 10.734868 1.001855 0.290574 -0.008049
62.466667 10.809927 1.001859 0.288074 -0.008063
62.533333 10.875599 1.001862 0.285904 -0.008078
62.600000 10.931317 1.001865 0.284076 -0.008092
62.666667 10.976596 1.001869 0.282599 -0.008107
62.733333 11.011040 1.001872 0.281480 -0.008121
62.800000 11.034359 1.001875 0.280726 -0.008136
62.866667 11.046374 1.001879 0.280338 -0.008151
62.933333 11.047020 1.001882 0.280317 -0.008165
63.000000 11.036353 1.001886 0.280661 -0.008180
63.066667 11.014543 1.001889 0.281367 -0.008195
63.133333 10.981869 1.001892 0.282427 -0.008210
63.200000 10.938713 1.001896 0.283834 -0.008224
63.266667 10.885548 1.001899 0.285577 -0.008239
63.333333 10.822924 1.001902 0.287643 -0.008254
63.400000 10.751454 1.001906 0.290020 -0.008268
63.466667 10.671802 1.001909 0.292691 -0.008283
63.533333 10.584665 1.001912 0.295642 -0.008297
63.600000 10.490759 1.001916 0.298856 -0.008311
63.666667 10.390810 1.001919 0.302315 -0.008325
63.733333 10.285539 1.001922 0.306001 -0.008339
63.800000 10.175653 1.001925 0.309897 -0.008353
63.866667 10.061837 1.001929 0.313984 -0.008367
63.933333 9.944747 1.001932 0.318246 -0.008380
64.000000 9.825006 1.001935 0.322663 -0.008393
64.066667 9.703201 1.001938 0.327220 -0.008406
64.133333 9.579878 1.001941 0.331899 -0.008419
64.200000 9.455545 1.001944 0.336684 -0.008431
64.266667 9.330668 1.001946 0.341560 -0.008444
64.333333 9.205675 1.001949 0.346510 -0.008456
64.400000 9.080954 1.001952 0.351522 -0.008467
64.466667 8.956857 1.001954 0.356580 -0.008479
64.533333 8.833703 1.001957 0.361672 -0.008490
64.600000 8.711774 1.001959 0.366785 -0.008500
64.666667 8.591327 1.001962 0.371906 -0.008511
64.733333 8.472587 1.001964 0.377025 -0.008521
64.800000 8.355755 1.001966 0.382131 -0.008530
64.866667 8.241007 1.001968 0.387213 -0.008540
64.933333 8.128500 1.001970 0.392261 -0.008548
65.000000 8.018370 1.001972 0.397266 -0.008557
65.066667 7.910735 1.001974 0.402220 -0.008564
65.133333 7.805701 1.001976 0.407113 -0.008572
65.200000 7.703355 1.001978 0.411938 -0.008579
65.266667 7.603775 1.001979 0.416688 -0.008585
65.333333 7.507029 1.001980 0.421355 -0.008591
65.400000 7.413171 1.001982 0.425933 -0.008597
65.466667 7.322251 1.001983 0.430415 -0.008601
65.533333 7.234310 1.001984 0.434795 -0.008606
65.600000 7.149382 1.001985 0.439067 -0.008609
65.666667 7.067495 1.001985 0.443226 -0.008612
65.733333 6.988676 1.001986 0.447266 -0.008615
65.800000 6.912943 1.001986 0.451183 -0.008617
65.866667 6.840314 1.001987 0.454972 -0.008618
65.933333 6.770802 1.001987 0.458627 -0.008619
66.000000 6.704421 1.001987 0.462146 -0.008619
66.066667 6.641179 1.001987 0.465523 -0.008618
66.133333 6.581086 1.001986 0.468755 -0.008616
66.200000 6.524150 1.001986 0.471838 -0.008614
66.266667 6.470377 1.001985 0.474768 -0.008611
66.333333 6.419774 1.001984 0.477542 -0.008608
66.400000 6.372348 1.001983 0.480156 -0.008603
66.466667 6.328105 1.001982 0.482608 -0.008598
66.533333 6.287052 1.001981 0.484895 -0.008592
66.600000 6.249197 1.001979 0.487013 -0.008585
66.666667 6.214548 1.001977 0.488959 -0.008578
66.733333 6.183113 1.001975 0.490732 -0.008570
66.800000 6.154903 1.001973 0.492328 -0.008561
66.866667 6.129929 1.001971 0.493746 -0.008551
66.933333 6.108203 1.001969 0.494982 -0.008540
67.000000 6.089738 1.001966 0.496036 -0.008528
67.066667 6.074550 1.001963 0.496904 -0.008516
67.133333 6.062654 1.001960 0.497585 -0.008503
67.200000 6.054068 1.001957 0.498077 -0.008489
67.266667 6.048812 1.001953 0.498379 -0.008474
67.333333 6.046906 1.001950 0.498488 -0.008458
67.400000 6.048374 1.001946 0.498404 -0.008442
67.466667 6.053240 1.001942 0.498125 -0.008424
67.533333 6.061530 1.001938 0.497649 -0.008406
67.600000 6.073272 1.001933 0.496977 -0.008387
67.666667 6.088497 1.001929 0.496107 -0.008367
67.733333 6.107237 1.001924 0.495038 -0.008346
67.800000 6.129526 1.001919 0.493769 -0.008324
67.866667 6.155400 1.001914 0.492300 -0.008302
67.933333 6.184897 1.001908 0.490631 -0.008279
68.000000 6.218059 1.001903 0.488762 -0.008255
68.066667 6.254927 1.001897 0.486691 -0.008230
68.133333 6.295549 1.001891 0.484421 -0.008205
68.200000 6.339970 1.001885 0.481949 -0.008178
68.266667 6.388241 1.001879 0.479278 -0.008151
68.333333 6.440416 1.001872 0.476408 -0.008124
68.400000 6.496550 1.001866 0.473339 -0.008095
68.466667 6.556701 1.001859 0.470073 -0.008066
68.533333 6.620930 1.001852 0.466609 -0.008036
68.600000 6.689303 1.001845 0.462951 -0.008006
68.666667 6.761886 1.001838 0.459098 -0.007975
68.733333 6.838750 1.001831 0.455054 -0.007943
68.800000 6.919970 1.001824 0.450818 -0.007911
68.866667 7.005623 1.001816 0.446395 -0.007879
68.933333 7.095793 1.001808 0.441784 -0.007845
69.000000 7.190564 1.001801 0.436990 -0.007812
69.066667 7.290026 1.001793 0.432015 -0.007778
69.133333 7.394275 1.001785 0.426861 -0.007743
69.200000 7.503411 1.001777 0.421531 -0.007709
69.266667 7.617536 1.001769 0.416029 -0.007673
69.333333 7.736762 1.001760 0.410357 -0.007638
69.400000 7.861203 1.001752 0.404520 -0.007602
69.466667 7.990981 1.001744 0.398521 -0.007566
69.533333 8.126224 1.001736 0.392364 -0.007530
69.600000 8.267067 1.001727 0.386053 -0.007494
69.666667 8.413650 1.001719 0.379592 -0.007458
69.733333 8.566123 1.001711 0.372987 -0.007421
69.800000 8.724644 1.001702 0.366242 -0.007385
69.866667 8.889378 1.001694 0.359361 -0.007349
69.933333 9.060500 1.001685 0.352351 -0.007312
70.000000 9.238196 1.001677 0.345215 -0.007276
70.066667 9.422659 1.001669 0.337961 -0.007240
70.133333 9.614096 1.001660 0.330594 -0.007204
70.200000 9.812723 1.001652 0.323120 -0.007169
70.266667 10.018770 1.001644 0.315545 -0.007134
70.333333 10.232478 1.001636 0.307876 -0.007099
70.400000 10.454101 1.001628 0.300120 -0.007064
70.466667 10.683908 1.001620 0.292284 -0.007030
70.533333 10.922180 1.001612 0.284375 -0.006996
70.600000 11.169213 1.001605 0.276401 -0.006963
70.666667 11.425314 1.001597 0.268370 -0.006931
70.733333 11.690805 1.001590 0.260291 -0.006899
70.800000 11.966019 1.001583 0.252173 -0.006867
70.866667 12.251298 1.001576 0.244025 -0.006837
70.933333 12.546992 1.001569 0.235858 -0.006807
71.000000 12.853450 1.001562 0.227681 -0.006778
71.066667 13.171019 1.001556 0.219507 -0.006750
71.133333 13.500031 1.001549 0.211348 -0.006722
71.200000 13.840790 1.001543 0.203217 -0.006696
71.266667 14.193558 1.001537 0.195129 -0.006670
71.333333 14.558527 1.001532 0.187100 -0.006646
71.400000 14.935789 1.001526 0.179147 -0.006622
71.466667 15.325292 1.001521 0.171291 -0.006600
71.533333 15.726779 1.001516 0.163554 -0.006579
71.600000 16.139715 1.001512 0.155960 -0.006559
71.666667 16.563183 1.001507 0.148539 -0.006540
71.733333 16.995755 1.001503 0.141323 -0.006522
71.800000 17.435327 1.001499 0.134349 -0.006505
71.866667 17.878923 1.001496 0.127660 -0.006490
71.933333 18.322460 1.001493 0.121305 -0.006476
72.000000 18.760501 1.001490 0.115339 -0.006464
72.066667 19.186029 1.001487 0.109824 -0.006453
72.133333 19.590301 1.001485 0.104830 -0.006443
72.200000 19.962883 1.001483 0.100428 -0.006434
72.266667 20.291992 1.001481 0.096694 -0.006428
72.333333 20.565248 1.001480 0.093700 -0.006422
72.400000 20.770877 1.001479 0.091507 -0.006418
72.466667 20.899233 1.001479 0.090165 -0.006416
72.533333 20.944305 1.001478 0.089698 -0.006415
72.600000 20.904779 1.001479 0.090108 -0.006416
72.666667 20.784276 1.001479 0.091366 -0.006418
72.733333 20.590677 1.001480 0.093426 -0.006421
72.800000 20.334790 1.001481 0.096219 -0.006427
72.866667 20.028785 1.001483 0.099669 -0.006434
72.933333 19.684794 1.001485 0.103696 -0.006442
73.000000 19.313931 1.001487 0.108219 -0.006452
73.066667 18.925749 1.001490 0.113165 -0.006464
73.133333 18.528061 1.001493 0.118467 -0.006477
73.200000 18.127014 1.001496 0.124065 -0.006492
73.266667 17.727278 1.001500 0.129908 -0.006509
73.333333 17.332294 1.001504 0.135952 -0.006527
73.400000 16.944516 1.001509 0.142159 -0.006547
73.466667 16.565625 1.001514 0.148497 -0.006568
73.533333 16.196715 1.001519 0.154940 -0.006591
73.600000 15.838439 1.001525 0.161465 -0.006616
73.666667 15.491123 1.001531 0.168052 -0.006642
73.733333 15.154855 1.001537 0.174686 -0.006669
73.800000 14.829553 1.001544 0.181352 -0.006698
73.866667 14.515017 1.001551 0.188040 -0.006729
73.933333 14.210965 1.001558 0.194738 -0.006761
74.000000 13.917062 1.001566 0.201441 -0.006794
74.066667 13.632943 1.001574 0.208139 -0.006829
74.133333 13.358224 1.001582 0.214827 -0.006865
74.200000 13.092514 1.001591 0.221500 -0.006903
74.266667 12.835426 1.001600 0.228154 -0.006942
74.333333 12.586581 1.001609 0.234785 -0.006982
74.400000 12.345609 1.001619 0.241390 -0.007023
74.466667 12.112157 1.001629 0.247966 -0.007066
74.533333 11.885885 1.001639 0.254511 -0.007110
74.600000 11.666472 1.001649 0.261022 -0.007155
74.666667 11.453612 1.001660 0.267497 -0.007201
74.733333 11.247019 1.001671 0.273936 -0.007248
74.800000 11.046422 1.001682 0.280336 -0.007296
74.866667 10.851568 1.001693 0.286696 -0.007345
74.933333 10.662219 1.001705 0.293014 -0.007395
75.000000 10.478155 1.001716 0.299290 -0.007446
75.066667 10.299170 1.001728 0.305521 -0.007498
75.133333 10.125071 1.001740 0.311707 -0.007550
75.200000 9.955683 1.001752 0.317845 -0.007603
75.266667 9.790841 1.001765 0.323935 -0.007656
75.333333 9.630393 1.001777 0.329974 -0.007711
75.400000 9.474200 1.001790 0.335962 -0.007765
75.466667 9.322135 1.001803 0.341895 -0.007820
75.533333 9.174079 1.001815 0.347773 -0.007876
75.600000 9.029925 1.001828 0.353593 -0.007931
75.666667 8.889577 1.001841 0.359353 -0.007987
75.733333 8.752944 1.001854 0.365050 -0.008043
75.800000 8.619947 1.001867 0.370683 -0.008100
75.866667 8.490514 1.001880 0.376248 -0.008156
75.933333 8.364579 1.001893 0.381743 -0.008212
76.000000 8.242084 1.001906 0.387165 -0.008268
76.066667 8.122979 1.001919 0.392510 -0.008324
76.133333 8.007216 1.001932 0.397777 -0.008379
76.200000 7.894757 1.001944 0.402960 -0.008435
76.266667 7.785567 1.001957 0.408058 -0.008489
76.333333 7.679616 1.001969 0.413066 -0.008544
76.400000 7.576877 1.001982 0.417981 -0.008598
76.466667 7.477330 1.001994 0.422799 -0.008651
76.533333 7.380958 1.002006 0.427516 -0.008703
76.600000 7.287744 1.002018 0.432128 -0.008755
76.666667 7.197679 1.002030 0.436632 -0.008806
76.733333 7.110754 1.002042 0.441024 -0.008856
76.800000 7.026963 1.002053 0.445299 -0.008905
76.866667 6.946303 1.002064 0.449454 -0.008953
76.933333 6.868772 1.002075 0.453483 -0.009000
77.000000 6.794371 1.002085 0.457385 -0.009046
77.066667 6.723101 1.002096 0.461153 -0.009091
77.133333 6.654967 1.002106 0.464785 -0.009134
77.200000 6.589972 1.002115 0.468275 -0.009176
77.266667 6.528123 1.002125 0.471622 -0.009217
77.333333 6.469427 1.002134 0.474820 -0.009256
77.400000 6.413890 1.002142 0.477865 -0.009293
77.466667 6.361520 1.002151 0.480755 -0.009329
77.533333 6.312327 1.002159 0.483486 -0.009364
77.600000 6.266318 1.002166 0.486054 -0.009397
77.666667 6.223503 1.002173 0.488455 -0.009428
77.733333 6.183891 1.002180 0.490688 -0.009457
77.800000 6.147492 1.002186 0.492749 -0.009484
77.866667 6.114312 1.002192 0.494634 -0.009510
77.933333 6.084363 1.002198 0.496343 -0.009534
78.000000 6.057651 1.002203 0.497872 -0.009556
78.066667 6.034185 1.002208 0.499219 -0.009576
78.133333 6.013973 1.002212 0.500382 -0.009593
78.200000 5.997021 1.002215 0.501359 -0.009609
78.266667 5.983335 1.002219 0.502150 -0.009623
78.333333 5.972922 1.002221 0.502752 -0.009635
78.400000 5.965785 1.002224 0.503165 -0.009645
78.466667 5.961929 1.002225 0.503389 -0.009653
78.533333 5.961357 1.002227 0.503422 -0.009658
78.600000 5.964071 1.002227 0.503265 -0.009662
78.666667 5.970070 1.002228 0.502917 -0.009663
78.733333 5.979356 1.002228 0.502380 -0.009663
78.800000 5.991925 1.002227 0.501653 -0.009660
78.866667 6.007775 1.002226 0.500739 -0.009655
78.933333 6.026901 1.002224 0.499637 -0.009648
79.000000 6.049297 1.002222 0.498351 -0.009640
79.066667 6.074956 1.002220 0.496881 -0.009628
79.133333 6.103868 1.002217 0.495230 -0.009615
79.200000 6.136021 1.002213 0.493400 -0.009600
79.266667 6.171402 1.002209 0.491394 -0.009583
79.333333 6.209996 1.002205 0.489215 -0.009564
79.400000 6.251786 1.002200 0.486867 -0.009543
79.466667 6.296752 1.002195 0.484353 -0.009520
79.533333 6.344872 1.002189 0.481678 -0.009496
79.600000 6.396121 1.002183 0.478844 -0.009469
79.666667 6.450473 1.002176 0.475857 -0.009441
79.733333 6.507898 1.002169 0.472721 -0.009410
79.800000 6.568362 1.002162 0.469442 -0.009379
79.866667 6.631831 1.002154 0.466024 -0.009345
79.933333 6.698266 1.002146 0.462473 -0.009310
80.000000 6.767626 1.002138 0.458795 -0.009273
80.066667 6.839864 1.002129 0.454995 -0.009235
80.133333 6.914933 1.002120 0.451080 -0.009195
80.200000 6.992782 1.002110 0.447055 -0.009154
80.266667 7.073353 1.002100 0.442927 -0.009111
80.333333 7.156588 1.002090 0.438703 -0.009067
80.400000 7.242425 1.002080 0.434389 -0.009022
80.466667 7.330796 1.002069 0.429992 -0.008976
80.533333 7.421631 1.002058 0.425519 -0.008929
80.600000 7.514855 1.002047 0.420976 -0.008881
80.666667 7.610390 1.002036 0.416371 -0.008831
80.733333 7.708155 1.002024 0.411711 -0.008781
80.800000 7.808063 1.002012 0.407002 -0.008730
80.866667 7.910025 1.002000 0.402253 -0.008678
80.933333 8.013948 1.001988 0.397468 -0.008625
81.000000 8.119736 1.001976 0.392657 -0.008572
81.066667 8.227290 1.001964 0.387825 -0.008519
81.133333 8.336508 1.001951 0.382979 -0.008464
81.200000 8.447285 1.001938 0.378125 -0.008410
81.266667 8.559515 1.001926 0.373271 -0.008355
81.333333 8.673089 1.001913 0.368422 -0.008299
81.400000 8.787899 1.001900 0.363584 -0.008244
81.466667 8.903835 1.001887 0.358764 -0.008188
81.533333 9.020785 1.001875 0.353965 -0.008132
81.600000 9.138642 1.001862 0.349195 -0.008077
81.666667 9.257298 1.001849 0.344457 -0.008021
81.733333 9.376646 1.001836 0.339756 -0.007966
81.800000 9.496583 1.001823 0.335097 -0.007910
81.866667 9.617012 1.001811 0.330483 -0.007855
81.933333 9.737836 1.001798 0.325918 -0.007800
82.000000 9.858966 1.001785 0.321404 -0.007746
82.066667 9.980320 1.001773 0.316945 -0.007692
82.133333 10.101821 1.001761 0.312542 -0.007639
82.200000 10.223401 1.001749 0.308198 -0.007586
82.266667 10.345001 1.001736 0.303913 -0.007534
82.333333 10.466569 1.001725 0.299690 -0.007482
82.400000 10.588065 1.001713 0.295527 -0.007432
82.466667 10.709459 1.001701 0.291425 -0.007382
82.533333 10.830730 1.001690 0.287385 -0.007333
82.600000 10.951871 1.001679 0.283404 -0.007285
82.666667 11.072882 1.001668 0.279483 -0.007238
82.733333 11.193778 1.001658 0.275620 -0.007192
82.800000 11.314581 1.001647 0.271813 -0.007147
82.866667 11.435327 1.001637 0.268061 -0.007103
82.933333 11.556059 1.001627 0.264361 -0.007060
83.000000 11.676832 1.001618 0.260710 -0.007018
83.066667 11.797705 1.001608 0.257108 -0.006978
83.133333 11.918748 1.001599 0.253549 -0.006939
83.200000 12.040035 1.001591 0.250034 -0.006901
83.266667 12.161644 1.001582 0.246557 -0.006865
83.333333 12.283655 1.001574 0.243118 -0.006830
83.400000 12.406150 1.001566 0.239714 -0.006796
83.466667 12.529207 1.001559 0.236341 -0.006764
83.533333 12.652903 1.001552 0.232999 -0.006733
83.600000 12.777306 1.001545 0.229686 -0.006704
83.666667 12.902474 1.001539 0.226400 -0.006677
83.733333 13.028455 1.001533 0.223140 -0.006650
83.800000 13.155278 1.001527 0.219906 -0.006626
83.866667 13.282955 1.001522 0.216697 -0.006603
83.933333 13.411473 1.001517 0.213514 -0.006581
84.000000 13.540793 1.001512 0.210359 -0.006562
84.066667 13.670844 1.001508 0.207232 -0.006543
84.133333 13.801517 1.001504 0.204138 -0.006527
84.200000 13.932664 1.001501 0.201079 -0.006512
84.266667 14.064089 1.001498 0.198059 -0.006499
84.333333 14.195545 1.001495 0.195084 -0.006487
84.400000 14.326728 1.001493 0.192160 -0.006477
84.466667 14.457272 1.001491 0.189294 -0.006468
84.533333 14.586745 1.001489 0.186493 -0.006461
84.600000 14.714642 1.001488 0.183767 -0.006456
84.666667 14.840384 1.001487 0.181126 -0.006453
84.733333 14.963317 1.001487 0.178581 -0.006451
84.800000 15.082704 1.001487 0.176143 -0.006450
84.866667 15.197736 1.001487 0.173825 -0.006452
84.933333 15.307527 1.001488 0.171642 -0.006454
85.000000 15.411128 1.001489 0.169607 -0.006459
85.066667 15.507531 1.001490 0.167735 -0.006465
85.133333 15.595691 1.001492 0.166041 -0.006472
85.200000 15.674535 1.001494 0.164541 -0.006481
85.266667 15.742994 1.001496 0.163249 -0.006491
85.333333 15.800022 1.001499 0.162181 -0.006503
85.400000 15.844632 1.001502 0.161350 -0.006516
85.466667 15.875920 1.001505 0.160770 -0.006531
85.533333 15.893100 1.001509 0.160452 -0.006547
85.600000 15.895533 1.001513 0.160407 -0.006564
85.666667 15.882752 1.001517 0.160643 -0.006583
85.733333 15.854482 1.001522 0.161167 -0.006603
85.800000 15.810654 1.001527 0.161982 -0.006624
85.866667 15.751408 1.001532 0.163091 -0.006646
85.933333 15.677091 1.001537 0.164492 -0.006670
86.000000 15.588246 1.001543 0.166183 -0.006695
86.066667 15.485589 1.001549 0.168159 -0.006720
86.133333 15.369987 1.001555 0.170412 -0.006747
86.200000 15.242432 1.001561 0.172933 -0.006775
86.266667 15.104003 1.001568 0.175711 -0.006804
86.333333 14.955842 1.001575 0.178734 -0.006833
86.400000 14.799122 1.001582 0.181988 -0.006864
86.466667 14.635020 1.001589 0.185459 -0.006895
86.533333 14.464694 1.001597 0.189132 -0.006927
86.600000 14.289268 1.001604 0.192991 -0.006960
86.666667 14.109811 1.001612 0.197020 -0.006994
86.733333 13.927332 1.001620 0.201203 -0.007028
86.800000 13.742766 1.001628 0.205524 -0.007063
86.866667 13.556979 1.001636 0.209967 -0.007098
86.933333 13.370757 1.001644 0.214517 -0.007134
87.000000 13.184816 1.001653 0.219159 -0.007170
87.066667 12.999794 1.001661 0.223877 -0.007207
87.133333 12.816263 1.001670 0.228658 -0.007244
87.200000 12.634728 1.001678 0.233487 -0.007282
87.266667 12.455634 1.001687 0.238352 -0.007319
87.333333 12.279369 1.001696 0.243238 -0.007357
87.400000 12.106270 1.001704 0.248134 -0.007395
87.466667 11.936629 1.001713 0.253028 -0.007433
87.533333 11.770693 1.001722 0.257908 -0.007472
87.600000 11.608673 1.001731 0.262764 -0.007510
87.666667 11.450748 1.001740 0.267586 -0.007548
87.733333 11.297064 1.001749 0.272362 -0.007587
87.800000 11.147742 1.001757 0.277085 -0.007625
87.866667 11.002879 1.001766 0.281745 -0.007663
87.933333 10.862552 1.001775 0.286334 -0.007700
88.000000 10.726817 1.001784 0.290843 -0.007738
88.066667 10.595717 1.001792 0.295266 -0.007775
88.133333 10.469278 1.001801 0.299596 -0.007812
88.200000 10.347516 1.001809 0.303825 -0.007849
88.266667 10.230433 1.001818 0.307949 -0.007885
88.333333 10.118025 1.001826 0.311960 -0.007921
88.400000 10.010274 1.001834 0.315854 -0.007957
88.466667 9.907160 1.001842 0.319626 -0.007992
88.533333 9.808652 1.001850 0.323271 -0.008026
88.600000 9.714716 1.001858 0.326787 -0.008060
88.666667 9.625310 1.001865 0.330168 -0.008093
88.733333 9.540390 1.001873 0.333411 -0.008126
88.800000 9.459904 1.001880 0.336515 -0.008158
88.866667 9.383799 1.001888 0.339477 -0.008189
88.933333 9.312017 1.001895 0.342294 -0.008220
89.000000 9.244497 1.001902 0.344965 -0.008250
89.066667 9.181174 1.001908 0.347489 -0.008279
89.133333 9.121981 1.001915 0.349865 -0.008307
89.200000 9.066847 1.001921 0.352093 -0.008335
89.266667 9.015698 1.001928 0.354173 -0.008362
89.333333 8.968458 1.001934 0.356104 -0.008388
89.400000 8.925049 1.001939 0.357888 -0.008413
89.466667 8.885387 1.001945 0.359526 -0.008438
89.533333 8.849387 1.001950 0.361019 -0.008461
89.600000 8.816961 1.001956 0.362370 -0.008484
89.666667 8.788019 1.001961 0.363579 -0.008506
89.733333 8.762466 1.001965 0.364650 -0.008527
89.800000 8.740203 1.001970 0.365586 -0.008547
89.866667 8.721131 1.001975 0.366390 -0.008566
89.933333 8.705144 1.001979 0.367065 -0.008584
90.000000 8.692134 1.001983 0.367615 -0.008601
90.066667 8.681990 1.001987 0.368045 -0.008618
90.133333 8.674595 1.001990 0.368358 -0.008633
90.200000 8.669830 1.001993 0.368560 -0.008648
90.266667 8.667570 1.001997 0.368656 -0.008662
90.333333 8.667687 1.002000 0.368651 -0.008674
90.400000 8.670049 1.002002 0.368551 -0.008686
90.466667 8.674518 1.002005 0.368361 -0.008697
90.533333 8.680953 1.002007 0.368089 -0.008707
90.600000 8.689208 1.002009 0.367739 -0.008716
90.666667 8.699131 1.002011 0.367319 -0.008725
90.733333 8.710569 1.002013 0.366836 -0.008732
90.800000 8.723362 1.002014 0.366296 -0.008739
90.866667 8.737345 1.002016 0.365707 -0.008744
90.933333 8.752351 1.002017 0.365075 -0.008749
91.000000 8.768208 1.002018 0.364409 -0.008753
91.066667 8.784741 1.002019 0.363716 -0.008756
91.133333 8.801772 1.002019 0.363004 -0.008759
91.200000 8.819118 1.002019 0.362280 -0.008760
91.266667 8.836597 1.002020 0.361551 -0.008761
91.333333 8.854023 1.002020 0.360827 -0.008761
91.400000 8.871208 1.002019 0.360114 -0.008760
91.466667 8.887967 1.002019 0.359420 -0.008759
91.533333 8.904112 1.002019 0.358752 -0.008757
91.600000 8.919457 1.002018 0.358119 -0.008754
91.666667 8.933820 1.002017 0.357527 -0.008750
91.733333 8.947019 1.002016 0.356984 -0.008746
91.800000 8.958878 1.002015 0.356497 -0.008741
91.866667 8.969226 1.002014 0.356073 -0.008735
91.933333 8.977897 1.002012 0.355717 -0.008728
92.000000 8.984733 1.002010 0.355438 -0.008721
92.066667 8.989584 1.002009 0.355239 -0.008714
92.133333 8.992309 1.002007 0.355128 -0.008706
92.200000 8.992779 1.002005 0.355108 -0.008697
92.266667 8.990873 1.002003 0.355186 -0.008687
92.333333 8.986485 1.002000 0.355366 -0.008678
92.400000 8.979521 1.001998 0.355651 -0.008667
92.466667 8.969899 1.001995 0.356045 -0.008656
92.533333 8.957553 1.001993 0.356552 -0.008645
92.600000 8.942431 1.001990 0.357173 -0.008633
92.666667 8.924495 1.001987 0.357911 -0.008620
92.733333 8.903722 1.001984 0.358768 -0.008607
92.800000 8.880105 1.001981 0.359745 -0.008594
92.866667 8.853650 1.001978 0.360842 -0.008580
92.933333 8.824379 1.001975 0.362060 -0.008566
93.000000 8.792327 1.001971 0.363399 -0.008552
93.066667 8.757542 1.001968 0.364857 -0.008537
93.133333 8.720085 1.001964 0.366434 -0.008522
93.200000 8.680030 1.001961 0.368128 -0.008506
93.266667 8.637461 1.001957 0.369936 -0.008491
93.333333 8.592471 1.001953 0.371857 -0.008474
93.400000 8.545164 1.001950 0.373888 -0.008458
93.466667 8.495652 1.001946 0.376026 -0.008441
93.533333 8.444052 1.001942 0.378266 -0.008424
93.600000 8.390488 1.001938 0.380606 -0.008407
93.666667 8.335090 1.001934 0.383041 -0.008390
93.733333 8.277992 1.001930 0.385567 -0.008372
93.800000 8.219329 1.001926 0.388180 -0.008355
93.866667 8.159240 1.001922 0.390875 -0.008337
93.933333 8.097864 1.001918 0.393647 -0.008319
94.000000 8.035342 1.001913 0.396491 -0.008301
94.066667 7.971813 1.001909 0.399401 -0.008283
94.133333 7.907416 1.001905 0.402373 -0.008264
94.200000 7.842289 1.001901 0.405402 -0.008246
94.266667 7.776568 1.001896 0.408481 -0.008227
94.333333 7.710384 1.001892 0.411605 -0.008209
94.400000 7.643869 1.001888 0.414769 -0.008191
94.466667 7.577149 1.001884 0.417968 -0.008172
94.533333 7.510348 1.001879 0.421194 -0.008154
94.600000 7.443586 1.001875 0.424444 -0.008135
94.666667 7.376979 1.001871 0.427712 -0.008117
94.733333 7.310640 1.001867 0.430991 -0.008099
94.800000 7.244677 1.001863 0.434276 -0.008081
94.866667 7.179195 1.001858 0.437563 -0.008063
94.933333 7.114294 1.001854 0.440844 -0.008045
95.000000 7.050071 1.001850 0.444116 -0.008027
95.066667 6.986618 1.001846 0.447372 -0.008010
95.133333 6.924024 1.001842 0.450608 -0.007993
95.200000 6.862376 1.001838 0.453817 -0.007975
95.266667 6.801754 1.001834 0.456996 -0.007959
95.333333 6.742236 1.001831 0.460138 -0.007942
95.400000 6.683897 1.001827 0.463239 -0.007926
95.466667 6.626810 1.001823 0.466294 -0.007910
95.533333 6.571042 1.001819 0.469297 -0.007894
95.600000 6.516659 1.001816 0.472245 -0.007878
95.666667 6.463723 1.001812 0.475132 -0.007863
95.733333 6.412295 1.001809 0.477953 -0.007848
95.800000 6.362432 1.001806 0.480705 -0.007834
95.866667 6.314189 1.001802 0.483382 -0.007820
95.933333 6.267618 1.001799 0.485981 -0.007806
96.000000 6.222771 1.001796 0.488497 -0.007793
96.066667 6.179695 1.001793 0.490925 -0.007781
96.133333 6.138437 1.001791 0.493263 -0.007768
96.200000 6.099042 1.001788 0.495505 -0.007756
96.266667 6.061552 1.001785 0.497648 -0.007745
96.333333 6.026010 1.001783 0.499689 -0.007734
96.400000 5.992453 1.001780 0.501623 -0.007724
96.466667 5.960922 1.001778 0.503447 -0.007714
96.533333 5.931451 1.001776 0.505158 -0.007704
96.600000 5.904078 1.001774 0.506753 -0.007695
96.666667 5.878836 1.001772 0.508228 -0.007687
96.733333 5.855758 1.001770 0.509580 -0.007679
96.800000 5.834876 1.001768 0.510806 -0.007672
96.866667 5.816222 1.001767 0.511904 -0.007665
96.933333 5.799824 1.001765 0.512872 -0.007659
97.000000 5.785712 1.001764 0.513706 -0.007653
97.066667 5.773913 1.001763 0.514404 -0.007648
97.133333 5.764456 1.001762 0.514964 -0.007643
97.200000 5.757365 1.001761 0.515385 -0.007639
97.266667 5.752667 1.001760 0.515664 -0.007636
97.333333 5.750387 1.001759 0.515799 -0.007633
97.400000 5.750547 1.001759 0.515790 -0.007630
97.466667 5.753172 1.001758 0.515634 -0.007629
97.533333 5.758283 1.001758 0.515330 -0.007627
97.600000 5.765903 1.001758 0.514879 -0.007626
97.666667 5.776053 1.001758 0.514277 -0.007626
97.733333 5.788753 1.001758 0.513526 -0.007626
97.800000 5.804022 1.001758 0.512624 -0.007627
97.866667 5.821881 1.001758 0.511571 -0.007629
97.933333 5.842348 1.001759 0.510367 -0.007630
98.000000 5.865441 1.001759 0.509012 -0.007633
98.066667 5.891176 1.001760 0.507506 -0.007635
98.133333 5.919571 1.001761 0.505850 -0.007638
98.200000 5.950643 1.001761 0.504043 -0.007642
98.266667 5.984405 1.001762 0.502088 -0.007646
98.333333 6.020875 1.001763 0.499984 -0.007650
98.400000 6.060064 1.001764 0.497733 -0.007655
98.466667 6.101989 1.001766 0.495337 -0.007660
98.533333 6.146660 1.001767 0.492796 -0.007665
98.600000 6.194092 1.001768 0.490112 -0.007671
98.666667 6.244295 1.001770 0.487288 -0.007677
98.733333 6.297280 1.001771 0.484324 -0.007683
98.800000 6.353059 1.001772 0.481224 -0.007690
98.866667 6.411640 1.001774 0.477989 -0.007697
98.933333 6.473033 1.001776 0.474623 -0.007704
99.000000 6.537245 1.001777 0.471127 -0.007711
99.066667 6.604285 1.001779 0.467504 -0.007718
99.133333 6.674159 1.001781 0.463759 -0.007725
99.200000 6.746873 1.001782 0.459893 -0.007733
99.266667 6.822431 1.001784 0.455909 -0.007741
99.333333 6.900838 1.001786 0.451812 -0.007748
99.400000 6.982097 1.001788 0.447605 -0.007756
99.466667 7.066209 1.001789 0.443292 -0.007763
99.533333 7.153177 1.001791 0.438875 -0.007771
99.600000 7.243000 1.001793 0.434360 -0.007779
99.666667 7.335676 1.001795 0.429750 -0.007786
99.733333 7.431205 1.001796 0.425050 -0.007793
99.800000 7.529581 1.001798 0.420263 -0.007801
99.866667 7.630801 1.001800 0.415394 -0.007808
