# z LM (E,E) abs(P1) alpha
0.000000 0.002406 1.000000 0.999723 -0.000000
0.066667 0.009625 1.000001 0.998893 -0.000004
0.133333 0.021661 1.000003 0.997509 -0.000010
0.200000 0.038522 1.000004 0.995575 -0.000018
0.266667 0.060217 1.000007 0.993091 -0.000028
0.333333 0.086759 1.000010 0.990061 -0.000040
0.400000 0.118162 1.000013 0.986488 -0.000054
0.466667 0.154445 1.000017 0.982376 -0.000071
0.533333 0.195629 1.000021 0.977729 -0.000089
0.600000 0.241737 1.000026 0.972553 -0.000110
0.666667 0.292797 1.000031 0.966852 -0.000133
0.733333 0.348839 1.000037 0.960634 -0.000158
0.800000 0.409897 1.000043 0.953905 -0.000185
0.866667 0.476006 1.000050 0.946672 -0.000214
0.933333 0.547208 1.000057 0.938944 -0.000245
1.000000 0.623546 1.000064 0.930728 -0.000278
1.066667 0.705067 1.000073 0.922033 -0.000314
1.133333 0.791823 1.000081 0.912870 -0.000351
1.200000 0.883869 1.000090 0.903247 -0.000391
1.266667 0.981264 1.000100 0.893175 -0.000433
1.333333 1.084073 1.000110 0.882666 -0.000477
1.400000 1.192364 1.000121 0.871730 -0.000523
1.466667 1.306211 1.000132 0.860378 -0.000571
1.533333 1.425691 1.000143 0.848624 -0.000621
1.600000 1.550890 1.000155 0.836480 -0.000673
1.666667 1.681897 1.000168 0.823958 -0.000727
1.733333 1.818808 1.000181 0.811072 -0.000784
1.800000 1.961726 1.000194 0.797836 -0.000842
1.866667 2.110760 1.000208 0.784264 -0.000903
1.933333 2.266026 1.000223 0.770369 -0.000965
2.000000 2.427650 1.000237 0.756167 -0.001030
2.066667 2.595766 1.000253 0.741672 -0.001096
2.133333 2.770515 1.000269 0.726899 -0.001165
2.200000 2.952050 1.000285 0.711865 -0.001235
2.266667 3.140534 1.000302 0.696584 -0.001308
2.333333 3.336142 1.000319 0.681072 -0.001383
2.400000 3.539060 1.000336 0.665345 -0.001459
2.466667 3.749490 1.000355 0.649420 -0.001538
2.533333 3.967647 1.000373 0.633312 -0.001618
2.600000 4.193763 1.000392 0.617038 -0.001701
2.666667 4.428086 1.000412 0.600614 -0.001785
2.733333 4.670886 1.000431 0.584058 -0.001871
2.800000 4.922452 1.000452 0.567384 -0.001960
2.866667 5.183097 1.000472 0.550611 -0.002050
2.933333 5.453162 1.000494 0.533755 -0.002142
3.000000 5.733014 1.000515 0.516832 -0.002235
3.066667 6.023053 1.000537 0.499859 -0.002331
3.133333 6.323716 1.000560 0.482852 -0.002428
3.200000 6.635479 1.000582 0.465828 -0.002527
3.266667 6.958863 1.000606 0.448804 -0.002628
3.333333 7.294438 1.000629 0.431795 -0.002731
3.400000 7.642836 1.000653 0.414819 -0.002835
3.466667 8.004750 1.000678 0.397890 -0.002941
3.533333 8.380950 1.000703 0.381024 -0.003048
3.600000 8.772290 1.000728 0.364238 -0.003157
3.666667 9.179725 1.000753 0.347547 -0.003268
3.733333 9.604320 1.000779 0.330966 -0.003380
3.800000 10.047279 1.000805 0.314511 -0.003494
3.866667 10.509957 1.000832 0.298196 -0.003609
3.933333 10.993896 1.000859 0.282036 -0.003726
4.000000 11.500857 1.000886 0.266046 -0.003843
4.066667 12.032863 1.000913 0.250240 -0.003963
4.133333 12.592252 1.000941 0.234632 -0.004083
4.200000 13.181749 1.000969 0.219236 -0.004205
4.266667 13.804551 1.000997 0.204067 -0.004328
4.333333 14.464443 1.001026 0.189138 -0.004452
4.400000 15.165949 1.001055 0.174463 -0.004577
4.466667 15.914529 1.001084 0.160057 -0.004703
4.533333 16.716847 1.001113 0.145934 -0.004830
4.600000 17.581141 1.001143 0.132112 -0.004958
4.666667 18.517723 1.001172 0.118608 -0.005087
4.733333 19.539683 1.001202 0.105443 -0.005216
4.800000 20.663855 1.001232 0.092642 -0.005347
4.866667 21.912123 1.001262 0.080241 -0.005478
4.933333 23.312987 1.001293 0.068289 -0.005609
5.000000 24.902692 1.001323 0.056868 -0.005741
5.066667 26.722487 1.001354 0.046119 -0.005874
5.133333 28.797423 1.001384 0.036319 -0.006007
5.200000 31.040099 1.001415 0.028054 -0.006140
5.266667 32.943244 1.001446 0.022534 -0.006273
5.333333 33.387175 1.001477 0.021411 -0.006407
5.400000 32.100710 1.001508 0.024829 -0.006541
5.466667 30.177923 1.001538 0.030982 -0.006674
5.533333 28.335802 1.001569 0.038301 -0.006808
5.600000 26.743140 1.001600 0.046009 -0.006941
5.666667 25.392321 1.001631 0.053751 -0.007074
5.733333 24.243168 1.001661 0.061354 -0.007207
5.800000 23.257367 1.001692 0.068728 -0.007340
5.866667 22.404242 1.001722 0.075821 -0.007471
5.933333 21.660190 1.001752 0.082602 -0.007603
6.000000 21.007117 1.001783 0.089052 -0.007733
6.066667 20.431030 1.001812 0.095159 -0.007863
6.133333 19.920976 1.001842 0.100914 -0.007992
6.200000 19.468268 1.001872 0.106313 -0.008119
6.266667 19.065925 1.001901 0.111353 -0.008246
6.333333 18.708274 1.001930 0.116034 -0.008372
6.400000 18.390654 1.001959 0.120356 -0.008496
6.466667 18.109198 1.001987 0.124320 -0.008619
6.533333 17.860671 1.002015 0.127928 -0.008741
6.600000 17.642344 1.002043 0.131185 -0.008861
6.666667 17.451902 1.002070 0.134093 -0.008979
6.733333 17.287368 1.002097 0.136657 -0.009096
6.800000 17.147046 1.002123 0.138883 -0.009210
6.866667 17.029472 1.002149 0.140775 -0.009323
6.933333 16.933383 1.002175 0.142341 -0.009434
7.000000 16.857681 1.002200 0.143587 -0.009543
7.066667 16.801410 1.002225 0.144521 -0.009649
7.133333 16.763739 1.002249 0.145149 -0.009754
7.200000 16.743942 1.002272 0.145480 -0.009855
7.266667 16.741383 1.002295 0.145523 -0.009955
7.333333 16.755507 1.002318 0.145286 -0.010052
7.400000 16.785829 1.002339 0.144780 -0.010146
7.466667 16.831921 1.002360 0.144014 -0.010237
7.533333 16.893408 1.002381 0.142998 -0.010326
7.600000 16.969959 1.002401 0.141743 -0.010412
7.666667 17.061278 1.002420 0.140261 -0.010495
7.733333 17.167100 1.002438 0.138562 -0.010575
7.800000 17.287181 1.002456 0.136660 -0.010651
7.866667 17.421290 1.002473 0.134566 -0.010725
7.933333 17.569203 1.002489 0.132294 -0.010795
8.000000 17.730693 1.002505 0.129857 -0.010862
8.066667 17.905518 1.002519 0.127269 -0.010926
8.133333 18.093410 1.002533 0.124546 -0.010986
8.200000 18.294060 1.002546 0.121702 -0.011043
8.266667 18.507100 1.002559 0.118753 -0.011096
8.333333 18.732086 1.002570 0.115717 -0.011146
8.400000 18.968468 1.002581 0.112610 -0.011192
8.466667 19.215567 1.002591 0.109451 -0.011235
8.533333 19.472539 1.002600 0.106261 -0.011274
8.600000 19.738337 1.002608 0.103058 -0.011309
8.666667 20.011666 1.002615 0.099866 -0.011340
8.733333 20.290935 1.002621 0.096706 -0.011368
8.800000 20.574207 1.002627 0.093603 -0.011392
8.866667 20.859146 1.002631 0.090582 -0.011412
8.933333 21.142977 1.002635 0.087670 -0.011428
9.000000 21.422446 1.002638 0.084894 -0.011441
9.066667 21.693820 1.002640 0.082283 -0.011449
9.133333 21.952913 1.002641 0.079865 -0.011454
9.200000 22.195166 1.002641 0.077668 -0.011455
9.266667 22.415789 1.002641 0.075720 -0.011452
9.333333 22.609976 1.002639 0.074046 -0.011446
9.400000 22.773177 1.002637 0.072668 -0.011435
9.466667 22.901417 1.002634 0.071603 -0.011421
9.533333 22.991618 1.002630 0.070863 -0.011404
9.600000 23.041874 1.002625 0.070454 -0.011382
9.666667 23.051633 1.002619 0.070375 -0.011357
9.733333 23.021750 1.002612 0.070618 -0.011328
9.800000 22.954391 1.002605 0.071167 -0.011296
9.866667 22.852825 1.002596 0.072004 -0.011260
9.933333 22.721126 1.002587 0.073104 -0.011221
10.000000 22.563851 1.002577 0.074440 -0.011178
10.066667 22.385724 1.002567 0.075983 -0.011132
10.133333 22.191385 1.002555 0.077702 -0.011082
10.200000 21.985191 1.002543 0.079568 -0.011029
10.266667 21.771095 1.002530 0.081554 -0.010974
10.333333 21.552578 1.002517 0.083632 -0.010915
10.400000 21.332636 1.002502 0.085776 -0.010853
10.466667 21.113788 1.002487 0.087965 -0.010787
10.533333 20.898119 1.002472 0.090177 -0.010720
10.600000 20.687320 1.002455 0.092392 -0.010649
10.666667 20.482743 1.002438 0.094594 -0.010575
10.733333 20.285450 1.002421 0.096767 -0.010499
10.800000 20.096258 1.002403 0.098898 -0.010421
10.866667 19.915779 1.002384 0.100974 -0.010339
10.933333 19.744459 1.002365 0.102986 -0.010256
11.000000 19.582609 1.002345 0.104923 -0.010170
11.066667 19.430426 1.002325 0.106777 -0.010082
11.133333 19.288020 1.002304 0.108542 -0.009992
11.200000 19.155427 1.002282 0.110212 -0.009900
11.266667 19.032629 1.002261 0.111781 -0.009806
11.333333 18.919557 1.002239 0.113246 -0.009710
11.400000 18.816108 1.002216 0.114603 -0.009612
11.466667 18.722151 1.002193 0.115849 -0.009513
11.533333 18.637527 1.002170 0.116983 -0.009412
11.600000 18.562062 1.002146 0.118004 -0.009310
11.666667 18.495562 1.002122 0.118911 -0.009206
11.733333 18.437822 1.002098 0.119704 -0.009102
11.800000 18.388625 1.002074 0.120384 -0.008996
11.866667 18.347742 1.002049 0.120952 -0.008889
11.933333 18.314936 1.002024 0.121410 -0.008781
12.000000 18.289959 1.001999 0.121759 -0.008672
12.066667 18.272555 1.001974 0.122003 -0.008563
12.133333 18.262454 1.001949 0.122145 -0.008453
12.200000 18.259381 1.001923 0.122189 -0.008342
12.266667 18.263044 1.001897 0.122137 -0.008231
12.333333 18.273144 1.001872 0.121995 -0.008119
12.400000 18.289365 1.001846 0.121768 -0.008007
12.466667 18.311378 1.001820 0.121459 -0.007895
12.533333 18.338840 1.001794 0.121076 -0.007783
12.600000 18.371389 1.001768 0.120623 -0.007671
12.666667 18.408649 1.001742 0.120107 -0.007559
12.733333 18.450225 1.001716 0.119533 -0.007447
12.800000 18.495702 1.001691 0.118909 -0.007335
12.866667 18.544648 1.001665 0.118241 -0.007223
12.933333 18.596612 1.001639 0.117536 -0.007112
13.000000 18.651122 1.001614 0.116800 -0.007001
13.066667 18.707692 1.001588 0.116042 -0.006891
13.133333 18.765817 1.001563 0.115268 -0.006781
13.200000 18.824978 1.001538 0.114486 -0.006672
13.266667 18.884646 1.001513 0.113702 -0.006564
13.333333 18.944280 1.001488 0.112924 -0.006456
13.400000 19.003338 1.001463 0.112159 -0.006349
13.466667 19.061275 1.001439 0.111413 -0.006244
13.533333 19.117554 1.001415 0.110694 -0.006139
13.600000 19.171650 1.001391 0.110006 -0.006035
13.666667 19.223052 1.001367 0.109357 -0.005932
13.733333 19.271280 1.001344 0.108752 -0.005830
13.800000 19.315881 1.001321 0.108195 -0.005730
13.866667 19.356445 1.001298 0.107691 -0.005630
13.933333 19.392606 1.001275 0.107243 -0.005532
14.000000 19.424053 1.001253 0.106856 -0.005435
14.066667 19.450529 1.001231 0.106530 -0.005340
14.133333 19.471842 1.001209 0.106269 -0.005246
14.200000 19.487867 1.001188 0.106073 -0.005153
14.266667 19.498545 1.001167 0.105943 -0.005062
14.333333 19.503883 1.001146 0.105878 -0.004972
14.400000 19.503960 1.001125 0.105877 -0.004884
14.466667 19.498914 1.001105 0.105939 -0.004797
14.533333 19.488947 1.001086 0.106060 -0.004712
14.600000 19.474316 1.001067 0.106239 -0.004628
14.666667 19.455327 1.001048 0.106472 -0.004546
14.733333 19.432328 1.001029 0.106754 -0.004466
14.800000 19.405705 1.001011 0.107082 -0.004387
14.866667 19.375868 1.000993 0.107450 -0.004310
14.933333 19.343253 1.000976 0.107854 -0.004235
15.000000 19.308306 1.000959 0.108289 -0.004161
15.066667 19.271480 1.000942 0.108749 -0.004089
15.133333 19.233231 1.000926 0.109229 -0.004019
15.200000 19.194009 1.000911 0.109723 -0.003951
15.266667 19.154254 1.000895 0.110227 -0.003884
15.333333 19.114391 1.000880 0.110734 -0.003820
15.400000 19.074831 1.000866 0.111239 -0.003757
15.466667 19.035963 1.000852 0.111738 -0.003696
15.533333 18.998153 1.000838 0.112226 -0.003636
15.600000 18.961744 1.000825 0.112697 -0.003579
15.666667 18.927055 1.000812 0.113148 -0.003523
15.733333 18.894377 1.000800 0.113575 -0.003470
15.800000 18.863978 1.000788 0.113973 -0.003418
15.866667 18.836097 1.000776 0.114339 -0.003368
15.933333 18.810949 1.000765 0.114671 -0.003319
16.000000 18.788723 1.000754 0.114965 -0.003273
16.066667 18.769582 1.000744 0.115218 -0.003229
16.133333 18.753665 1.000734 0.115429 -0.003186
16.200000 18.741087 1.000725 0.115597 -0.003145
16.266667 18.731939 1.000716 0.115719 -0.003106
16.333333 18.726289 1.000707 0.115794 -0.003069
16.400000 18.724183 1.000699 0.115822 -0.003034
16.466667 18.725643 1.000692 0.115802 -0.003001
16.533333 18.730672 1.000684 0.115735 -0.002969
16.600000 18.739249 1.000677 0.115621 -0.002939
16.666667 18.751332 1.000671 0.115460 -0.002912
16.733333 18.766859 1.000665 0.115254 -0.002886
16.800000 18.785747 1.000659 0.115004 -0.002861
16.866667 18.807890 1.000654 0.114711 -0.002839
16.933333 18.833164 1.000650 0.114378 -0.002818
17.000000 18.861420 1.000645 0.114006 -0.002800
17.066667 18.892490 1.000641 0.113599 -0.002783
17.133333 18.926187 1.000638 0.113159 -0.002767
17.200000 18.962298 1.000635 0.112690 -0.002754
17.266667 19.000593 1.000632 0.112194 -0.002742
17.333333 19.040819 1.000630 0.111676 -0.002732
17.400000 19.082703 1.000628 0.111139 -0.002724
17.466667 19.125952 1.000626 0.110587 -0.002718
17.533333 19.170253 1.000625 0.110024 -0.002713
17.600000 19.215276 1.000625 0.109455 -0.002710
17.666667 19.260671 1.000624 0.108885 -0.002708
17.733333 19.306077 1.000624 0.108317 -0.002709
17.800000 19.351115 1.000625 0.107757 -0.002710
17.866667 19.395398 1.000625 0.107209 -0.002714
17.933333 19.438530 1.000627 0.106678 -0.002719
18.000000 19.480109 1.000628 0.106168 -0.002726
18.066667 19.519732 1.000630 0.105685 -0.002734
18.133333 19.556999 1.000632 0.105233 -0.002744
18.200000 19.591518 1.000635 0.104815 -0.002755
18.266667 19.622907 1.000638 0.104437 -0.002768
18.333333 19.650801 1.000641 0.104102 -0.002782
18.400000 19.674856 1.000645 0.103814 -0.002798
18.466667 19.694754 1.000649 0.103577 -0.002815
18.533333 19.710208 1.000653 0.103393 -0.002833
18.600000 19.720966 1.000658 0.103265 -0.002853
18.666667 19.726813 1.000662 0.103195 -0.002875
18.733333 19.727577 1.000668 0.103186 -0.002897
18.800000 19.723130 1.000673 0.103239 -0.002921
18.866667 19.713387 1.000679 0.103355 -0.002946
18.933333 19.698312 1.000685 0.103534 -0.002973
19.000000 19.677914 1.000692 0.103778 -0.003001
19.066667 19.652244 1.000698 0.104085 -0.003030
19.133333 19.621398 1.000705 0.104455 -0.003060
19.200000 19.585510 1.000712 0.104888 -0.003091
19.266667 19.544751 1.000720 0.105381 -0.003123
19.333333 19.499323 1.000727 0.105934 -0.003157
19.400000 19.449455 1.000735 0.106544 -0.003191
19.466667 19.395399 1.000744 0.107209 -0.003226
19.533333 19.337423 1.000752 0.107927 -0.003263
19.600000 19.275809 1.000761 0.108695 -0.003300
19.666667 19.210847 1.000769 0.109511 -0.003339
19.733333 19.142828 1.000778 0.110372 -0.003378
19.800000 19.072045 1.000788 0.111275 -0.003418
19.866667 18.998784 1.000797 0.112218 -0.003459
19.933333 18.923322 1.000807 0.113197 -0.003500
20.000000 18.845927 1.000816 0.114210 -0.003543
20.066667 18.766852 1.000826 0.115254 -0.003586
20.133333 18.686334 1.000837 0.116328 -0.003630
20.200000 18.604592 1.000847 0.117428 -0.003675
20.266667 18.521826 1.000857 0.118552 -0.003720
20.333333 18.438219 1.000868 0.119699 -0.003765
20.400000 18.353931 1.000878 0.120866 -0.003812
20.466667 18.269101 1.000889 0.122052 -0.003859
20.533333 18.183851 1.000900 0.123256 -0.003906
20.600000 18.098280 1.000911 0.124476 -0.003954
20.666667 18.012469 1.000922 0.125712 -0.004002
20.733333 17.926478 1.000933 0.126963 -0.004050
20.800000 17.840351 1.000945 0.128228 -0.004099
20.866667 17.754115 1.000956 0.129507 -0.004148
20.933333 17.667778 1.000967 0.130801 -0.004198
21.000000 17.581336 1.000979 0.132109 -0.004248
21.066667 17.494769 1.000990 0.133432 -0.004297
21.133333 17.408046 1.001002 0.134771 -0.004348
21.200000 17.321124 1.001013 0.136127 -0.004398
21.266667 17.233949 1.001025 0.137500 -0.004448
21.333333 17.146461 1.001037 0.138892 -0.004498
21.400000 17.058590 1.001048 0.140304 -0.004549
21.466667 16.970261 1.001060 0.141738 -0.004599
21.533333 16.881396 1.001072 0.143196 -0.004650
21.600000 16.791912 1.001083 0.144679 -0.004700
21.666667 16.701724 1.001095 0.146189 -0.004750
21.733333 16.610749 1.001106 0.147728 -0.004800
21.800000 16.518903 1.001118 0.149298 -0.004850
21.866667 16.426104 1.001129 0.150902 -0.004900
21.933333 16.332274 1.001141 0.152541 -0.004949
22.000000 16.237339 1.001152 0.154217 -0.004998
22.066667 16.141229 1.001163 0.155933 -0.005047
22.133333 16.043883 1.001174 0.157691 -0.005096
22.200000 15.945244 1.001185 0.159492 -0.005144
22.266667 15.845266 1.001197 0.161338 -0.005192
22.333333 15.743908 1.001207 0.163232 -0.005239
22.400000 15.641140 1.001218 0.165175 -0.005286
22.466667 15.536939 1.001229 0.167168 -0.005332
22.533333 15.431295 1.001239 0.169214 -0.005378
22.600000 15.324203 1.001250 0.171313 -0.005423
22.666667 15.215670 1.001260 0.173467 -0.005468
22.733333 15.105711 1.001270 0.175677 -0.005512
22.800000 14.994351 1.001280 0.177944 -0.005556
22.866667 14.881622 1.001290 0.180268 -0.005599
22.933333 14.767565 1.001300 0.182651 -0.005641
23.000000 14.652230 1.001310 0.185092 -0.005682
23.066667 14.535671 1.001319 0.187593 -0.005723
23.133333 14.417949 1.001328 0.190153 -0.005763
23.200000 14.299133 1.001337 0.192772 -0.005802
23.266667 14.179294 1.001346 0.195450 -0.005840
23.333333 14.058509 1.001355 0.198187 -0.005878
23.400000 13.936856 1.001363 0.200982 -0.005915
23.466667 13.814418 1.001371 0.203835 -0.005951
23.533333 13.691280 1.001380 0.206745 -0.005986
23.600000 13.567525 1.001387 0.209712 -0.006020
23.666667 13.443241 1.001395 0.212735 -0.006053
23.733333 13.318513 1.001402 0.215811 -0.006085
23.800000 13.193425 1.001410 0.218942 -0.006116
23.866667 13.068061 1.001417 0.222125 -0.006147
23.933333 12.942505 1.001423 0.225359 -0.006176
24.000000 12.816834 1.001430 0.228643 -0.006204
24.066667 12.691128 1.001436 0.231976 -0.006232
24.133333 12.565460 1.001442 0.235357 -0.006258
24.200000 12.439902 1.001448 0.238784 -0.006283
24.266667 12.314521 1.001454 0.242256 -0.006308
24.333333 12.189383 1.001459 0.245771 -0.006331
24.400000 12.064549 1.001464 0.249329 -0.006353
24.466667 11.940075 1.001469 0.252928 -0.006374
24.533333 11.816015 1.001474 0.256566 -0.006394
24.600000 11.692418 1.001478 0.260243 -0.006414
24.666667 11.569330 1.001482 0.263957 -0.006432
24.733333 11.446794 1.001486 0.267707 -0.006449
24.800000 11.324846 1.001490 0.271492 -0.006465
24.866667 11.203522 1.001493 0.275311 -0.006480
24.933333 11.082853 1.001497 0.279163 -0.006493
25.000000 10.962867 1.001500 0.283046 -0.006506
25.066667 10.843588 1.001502 0.286959 -0.006518
25.133333 10.725038 1.001505 0.290903 -0.006529
25.200000 10.607235 1.001507 0.294875 -0.006539
25.266667 10.490196 1.001509 0.298875 -0.006547
25.333333 10.373934 1.001511 0.302903 -0.006555
25.400000 10.258460 1.001512 0.306957 -0.006562
25.466667 10.143784 1.001514 0.311036 -0.006568
25.533333 10.029912 1.001515 0.315141 -0.006572
25.600000 9.916850 1.001516 0.319270 -0.006576
25.666667 9.804603 1.001516 0.323422 -0.006579
25.733333 9.693171 1.001517 0.327598 -0.006581
25.800000 9.582558 1.001517 0.331797 -0.006582
25.866667 9.472763 1.001517 0.336017 -0.006583
25.933333 9.363786 1.001517 0.340260 -0.006582
26.000000 9.255627 1.001517 0.344523 -0.006581
26.066667 9.148283 1.001516 0.348808 -0.006578
26.133333 9.041754 1.001515 0.353112 -0.006575
26.200000 8.936037 1.001515 0.357436 -0.006571
26.266667 8.831130 1.001513 0.361779 -0.006566
26.333333 8.727032 1.001512 0.366141 -0.006561
26.400000 8.623742 1.001511 0.370521 -0.006555
26.466667 8.521258 1.001509 0.374919 -0.006548
26.533333 8.419579 1.001507 0.379333 -0.006540
26.600000 8.318706 1.001506 0.383764 -0.006532
26.666667 8.218638 1.001504 0.388211 -0.006523
26.733333 8.119378 1.001501 0.392673 -0.006514
26.800000 8.020927 1.001499 0.397149 -0.006504
26.866667 7.923288 1.001497 0.401639 -0.006493
26.933333 7.826465 1.001494 0.406141 -0.006482
27.000000 7.730462 1.001491 0.410655 -0.006471
27.066667 7.635285 1.001489 0.415179 -0.006458
27.133333 7.540941 1.001486 0.419713 -0.006446
27.200000 7.447438 1.001483 0.424256 -0.006433
27.266667 7.354783 1.001480 0.428806 -0.006419
27.333333 7.262986 1.001476 0.433362 -0.006406
27.400000 7.172058 1.001473 0.437922 -0.006392
27.466667 7.082011 1.001470 0.442486 -0.006377
27.533333 6.992856 1.001466 0.447051 -0.006362
27.600000 6.904608 1.001463 0.451616 -0.006347
27.666667 6.817280 1.001459 0.456180 -0.006332
27.733333 6.730888 1.001456 0.460740 -0.006316
27.800000 6.645447 1.001452 0.465294 -0.006300
27.866667 6.560975 1.001448 0.469841 -0.006284
27.933333 6.477489 1.001445 0.474379 -0.006268
28.000000 6.395007 1.001441 0.478905 -0.006252
28.066667 6.313548 1.001437 0.483418 -0.006235
28.133333 6.233132 1.001433 0.487914 -0.006219
28.200000 6.153778 1.001430 0.492392 -0.006202
28.266667 6.075507 1.001426 0.496849 -0.006186
28.333333 5.998341 1.001422 0.501283 -0.006169
28.400000 5.922299 1.001418 0.505691 -0.006152
28.466667 5.847406 1.001414 0.510070 -0.006135
28.533333 5.773681 1.001410 0.514418 -0.006119
28.600000 5.701149 1.001406 0.518731 -0.006102
28.666667 5.629831 1.001403 0.523008 -0.006085
28.733333 5.559749 1.001399 0.527245 -0.006069
28.800000 5.490929 1.001395 0.531439 -0.006052
28.866667 5.423391 1.001391 0.535588 -0.006036
28.933333 5.357159 1.001387 0.539687 -0.006019
29.000000 5.292257 1.001384 0.543735 -0.006003
29.066667 5.228707 1.001380 0.547728 -0.005987
29.133333 5.166533 1.001376 0.551662 -0.005971
29.200000 5.105757 1.001373 0.555536 -0.005955
29.266667 5.046403 1.001369 0.559345 -0.005940
29.333333 4.988493 1.001365 0.563087 -0.005924
29.400000 4.932051 1.001362 0.566758 -0.005909
29.466667 4.877098 1.001358 0.570355 -0.005894
29.533333 4.823657 1.001355 0.573875 -0.005879
29.600000 4.771751 1.001352 0.577315 -0.005865
29.666667 4.721401 1.001348 0.580671 -0.005851
29.733333 4.672629 1.001345 0.583940 -0.005836
29.800000 4.625457 1.001342 0.587120 -0.005823
29.866667 4.579907 1.001339 0.590207 -0.005809
29.933333 4.536000 1.001336 0.593198 -0.005796
30.000000 4.493757 1.001333 0.596090 -0.005783
30.066667 4.453198 1.001330 0.598880 -0.005770
30.133333 4.414344 1.001327 0.601565 -0.005757
30.200000 4.377216 1.001324 0.604142 -0.005745
30.266667 4.341834 1.001321 0.606608 -0.005733
30.333333 4.308219 1.001319 0.608960 -0.005721
30.400000 4.276389 1.001316 0.611196 -0.005710
30.466667 4.246364 1.001313 0.613312 -0.005699
30.533333 4.218165 1.001311 0.615307 -0.005688
30.600000 4.191809 1.001308 0.617177 -0.005677
30.666667 4.167317 1.001306 0.618919 -0.005667
30.733333 4.144708 1.001304 0.620533 -0.005657
30.800000 4.123999 1.001302 0.622014 -0.005648
30.866667 4.105211 1.001300 0.623361 -0.005638
30.933333 4.088360 1.001297 0.624571 -0.005629
31.000000 4.073467 1.001295 0.625643 -0.005621
31.066667 4.060548 1.001294 0.626574 -0.005612
31.133333 4.049622 1.001292 0.627363 -0.005604
31.200000 4.040707 1.001290 0.628007 -0.005597
31.266667 4.033821 1.001288 0.628505 -0.005589
31.333333 4.028982 1.001287 0.628856 -0.005582
31.400000 4.026206 1.001285 0.629057 -0.005576
31.466667 4.025512 1.001284 0.629107 -0.005569
31.533333 4.026917 1.001282 0.629005 -0.005563
31.600000 4.030438 1.001281 0.628750 -0.005557
31.666667 4.036092 1.001280 0.628341 -0.005552
31.733333 4.043896 1.001278 0.627777 -0.005547
31.800000 4.053866 1.001277 0.627057 -0.005542
31.866667 4.066018 1.001276 0.626180 -0.005537
31.933333 4.080369 1.001275 0.625146 -0.005533
32.000000 4.096935 1.001274 0.623955 -0.005529
32.066667 4.115730 1.001273 0.622606 -0.005526
32.133333 4.136770 1.001273 0.621100 -0.005522
32.200000 4.160069 1.001272 0.619436 -0.005519
32.266667 4.185643 1.001271 0.617615 -0.005517
32.333333 4.213503 1.001271 0.615637 -0.005515
32.400000 4.243663 1.001271 0.613503 -0.005513
32.466667 4.276136 1.001270 0.611214 -0.005511
32.533333 4.310932 1.001270 0.608770 -0.005510
32.600000 4.348062 1.001270 0.606173 -0.005509
32.666667 4.387535 1.001269 0.603425 -0.005508
32.733333 4.429361 1.001269 0.600526 -0.005508
32.800000 4.473545 1.001269 0.597479 -0.005508
32.866667 4.520093 1.001269 0.594286 -0.005508
32.933333 4.569009 1.001270 0.590948 -0.005509
33.000000 4.620296 1.001270 0.587469 -0.005509
33.066667 4.673952 1.001270 0.583851 -0.005511
33.133333 4.729976 1.001270 0.580098 -0.005512
33.200000 4.788363 1.001271 0.576211 -0.005514
33.266667 4.849105 1.001271 0.572196 -0.005516
33.333333 4.912191 1.001272 0.568055 -0.005518
33.400000 4.977607 1.001272 0.563793 -0.005521
33.466667 5.045335 1.001273 0.559414 -0.005524
33.533333 5.115352 1.001274 0.554923 -0.005527
33.600000 5.187632 1.001275 0.550324 -0.005531
33.666667 5.262143 1.001276 0.545623 -0.005535
33.733333 5.338847 1.001277 0.540826 -0.005539
33.800000 5.417699 1.001278 0.535939 -0.005543
33.866667 5.498650 1.001279 0.530967 -0.005548
33.933333 5.581642 1.001280 0.525918 -0.005553
34.000000 5.666608 1.001281 0.520798 -0.005558
34.066667 5.753475 1.001282 0.515616 -0.005563
34.133333 5.842157 1.001283 0.510378 -0.005569
34.200000 5.932562 1.001285 0.505094 -0.005575
34.266667 6.024583 1.001286 0.499771 -0.005581
34.333333 6.118103 1.001288 0.494419 -0.005587
34.400000 6.212994 1.001289 0.489047 -0.005594
34.466667 6.309112 1.001291 0.483665 -0.005601
34.533333 6.406299 1.001292 0.478283 -0.005608
34.600000 6.504383 1.001294 0.472913 -0.005615
34.666667 6.603176 1.001296 0.467564 -0.005622
34.733333 6.702473 1.001297 0.462249 -0.005630
34.800000 6.802050 1.001299 0.456980 -0.005637
34.866667 6.901669 1.001301 0.451769 -0.005645
34.933333 7.001072 1.001303 0.446628 -0.005653
35.000000 7.099982 1.001305 0.441571 -0.005661
35.066667 7.198104 1.001307 0.436611 -0.005669
35.133333 7.295128 1.001309 0.431761 -0.005678
35.200000 7.390723 1.001310 0.427035 -0.005686
35.266667 7.484546 1.001312 0.422447 -0.005695
35.333333 7.576237 1.001314 0.418011 -0.005703
35.400000 7.665424 1.001316 0.413741 -0.005712
35.466667 7.751725 1.001318 0.409651 -0.005721
35.533333 7.834752 1.001320 0.405754 -0.005729
35.600000 7.914112 1.001322 0.402063 -0.005738
35.666667 7.989414 1.001325 0.398593 -0.005747
35.733333 8.060270 1.001327 0.395354 -0.005756
35.800000 8.126303 1.001329 0.392360 -0.005765
35.866667 8.187151 1.001331 0.389621 -0.005773
35.933333 8.242472 1.001333 0.387147 -0.005782
36.000000 8.291949 1.001335 0.384948 -0.005791
36.066667 8.335297 1.001337 0.383032 -0.005799
36.133333 8.372266 1.001339 0.381405 -0.005808
36.200000 8.402649 1.001341 0.380073 -0.005817
36.266667 8.426284 1.001343 0.379041 -0.005825
36.333333 8.443056 1.001344 0.378309 -0.005833
36.400000 8.452902 1.001346 0.377881 -0.005841
36.466667 8.455813 1.001348 0.377754 -0.005849
36.533333 8.451832 1.001350 0.377927 -0.005857
36.600000 8.441056 1.001352 0.378397 -0.005865
36.666667 8.423633 1.001353 0.379156 -0.005873
36.733333 8.399758 1.001355 0.380200 -0.005880
36.800000 8.369675 1.001357 0.381519 -0.005887
36.866667 8.333665 1.001358 0.383104 -0.005894
36.933333 8.292051 1.001360 0.384944 -0.005901
37.000000 8.245181 1.001361 0.387027 -0.005907
37.066667 8.193434 1.001363 0.389339 -0.005913
37.133333 8.137208 1.001364 0.391868 -0.005919
37.200000 8.076915 1.001366 0.394597 -0.005925
37.266667 8.012979 1.001367 0.397513 -0.005931
37.333333 7.945828 1.001368 0.400598 -0.005936
37.400000 7.875891 1.001369 0.403836 -0.005941
37.466667 7.803594 1.001370 0.407212 -0.005946
37.533333 7.729356 1.001371 0.410707 -0.005950
37.600000 7.653587 1.001372 0.414305 -0.005954
37.666667 7.576684 1.001373 0.417990 -0.005958
37.733333 7.499032 1.001374 0.421744 -0.005961
37.800000 7.420999 1.001375 0.425549 -0.005964
37.866667 7.342936 1.001375 0.429391 -0.005967
37.933333 7.265178 1.001376 0.433253 -0.005969
38.000000 7.188042 1.001376 0.437117 -0.005971
38.066667 7.111828 1.001377 0.440970 -0.005973
38.133333 7.036817 1.001377 0.444794 -0.005975
38.200000 6.963275 1.001377 0.448576 -0.005976
38.266667 6.891450 1.001377 0.452301 -0.005976
38.333333 6.821574 1.001378 0.455954 -0.005977
38.400000 6.753865 1.001378 0.459522 -0.005977
38.466667 6.688525 1.001377 0.462992 -0.005977
38.533333 6.625745 1.001377 0.466351 -0.005976
38.600000 6.565701 1.001377 0.469586 -0.005975
38.666667 6.508558 1.001377 0.472685 -0.005974
38.733333 6.454470 1.001376 0.475638 -0.005972
38.800000 6.403583 1.001376 0.478433 -0.005970
38.866667 6.356031 1.001375 0.481059 -0.005968
38.933333 6.311941 1.001375 0.483507 -0.005965
39.000000 6.271433 1.001374 0.485767 -0.005962
39.066667 6.234620 1.001373 0.487831 -0.005959
39.133333 6.201609 1.001373 0.489688 -0.005955
39.200000 6.172501 1.001372 0.491332 -0.005951
39.266667 6.147393 1.001371 0.492754 -0.005947
39.333333 6.126379 1.001370 0.493948 -0.005942
39.400000 6.109547 1.001368 0.494906 -0.005938
39.466667 6.096983 1.001367 0.495622 -0.005932
39.533333 6.088773 1.001366 0.496091 -0.005927
39.600000 6.084999 1.001365 0.496307 -0.005921
39.666667 6.085740 1.001363 0.496264 -0.005916
39.733333 6.091078 1.001362 0.495959 -0.005909
39.800000 6.101091 1.001361 0.495388 -0.005903
39.866667 6.115859 1.001359 0.494546 -0.005896
39.933333 6.135460 1.001357 0.493432 -0.005890
40.000000 6.159975 1.001356 0.492041 -0.005883
40.066667 6.189483 1.001354 0.490372 -0.005875
40.133333 6.224068 1.001352 0.488424 -0.005868
40.200000 6.263811 1.001351 0.486194 -0.005860
40.266667 6.308799 1.001349 0.483682 -0.005852
40.333333 6.359118 1.001347 0.480888 -0.005844
40.400000 6.414856 1.001345 0.477812 -0.005836
40.466667 6.476107 1.001343 0.474455 -0.005828
40.533333 6.542963 1.001341 0.470817 -0.005819
40.600000 6.615523 1.001339 0.466900 -0.005811
40.666667 6.693887 1.001337 0.462707 -0.005802
40.733333 6.778157 1.001335 0.458239 -0.005793
40.800000 6.868440 1.001333 0.453501 -0.005784
40.866667 6.964847 1.001331 0.448495 -0.005775
40.933333 7.067490 1.001329 0.443226 -0.005766
41.000000 7.176485 1.001327 0.437699 -0.005756
41.066667 7.291952 1.001325 0.431919 -0.005747
41.133333 7.414013 1.001322 0.425892 -0.005738
41.200000 7.542792 1.001320 0.419624 -0.005728
41.266667 7.678416 1.001318 0.413123 -0.005719
41.333333 7.821012 1.001316 0.406396 -0.005709
41.400000 7.970708 1.001314 0.399452 -0.005700
41.466667 8.127632 1.001311 0.392300 -0.005690
41.533333 8.291907 1.001309 0.384950 -0.005680
41.600000 8.463655 1.001307 0.377413 -0.005671
41.666667 8.642989 1.001305 0.369701 -0.005661
41.733333 8.830013 1.001303 0.361826 -0.005652
41.800000 9.024817 1.001300 0.353801 -0.005642
41.866667 9.227472 1.001298 0.345642 -0.005632
41.933333 9.438026 1.001296 0.337364 -0.005623
42.000000 9.656496 1.001294 0.328984 -0.005613
42.066667 9.882856 1.001292 0.320522 -0.005604
42.133333 10.117030 1.001289 0.311996 -0.005594
42.200000 10.358880 1.001287 0.303428 -0.005585
42.266667 10.608182 1.001285 0.294843 -0.005576
42.333333 10.864616 1.001283 0.286266 -0.005567
42.400000 11.127738 1.001281 0.277724 -0.005558
42.466667 11.396953 1.001279 0.269248 -0.005549
42.533333 11.671483 1.001277 0.260871 -0.005540
42.600000 11.950334 1.001275 0.252629 -0.005531
42.666667 12.232253 1.001273 0.244561 -0.005522
42.733333 12.515684 1.001271 0.236710 -0.005514
42.800000 12.798730 1.001269 0.229120 -0.005505
42.866667 13.079105 1.001267 0.221843 -0.005497
42.933333 13.354109 1.001265 0.214929 -0.005489
43.000000 13.620607 1.001263 0.208435 -0.005481
43.066667 13.875046 1.001261 0.202417 -0.005473
43.133333 14.113495 1.001260 0.196936 -0.005466
43.200000 14.331748 1.001258 0.192049 -0.005459
43.266667 14.525476 1.001256 0.187813 -0.005451
43.333333 14.690431 1.001255 0.184280 -0.005444
43.400000 14.822706 1.001253 0.181495 -0.005438
43.466667 14.919014 1.001252 0.179494 -0.005431
43.533333 14.976956 1.001250 0.178300 -0.005425
43.600000 14.995232 1.001249 0.177926 -0.005419
43.666667 14.973770 1.001248 0.178366 -0.005413
43.733333 14.913729 1.001246 0.179603 -0.005408
43.800000 14.817396 1.001245 0.181606 -0.005403
43.866667 14.687981 1.001244 0.184332 -0.005398
43.933333 14.529356 1.001243 0.187729 -0.005393
44.000000 14.345774 1.001242 0.191739 -0.005389
44.066667 14.141606 1.001241 0.196300 -0.005385
44.133333 13.921130 1.001240 0.201346 -0.005381
44.200000 13.688364 1.001239 0.206815 -0.005378
44.266667 13.446963 1.001239 0.212643 -0.005375
44.333333 13.200168 1.001238 0.218772 -0.005372
44.400000 12.950787 1.001238 0.225144 -0.005370
44.466667 12.701209 1.001237 0.231707 -0.005368
44.533333 12.453431 1.001237 0.238412 -0.005367
44.600000 12.209102 1.001237 0.245214 -0.005365
44.666667 11.969565 1.001236 0.252070 -0.005365
44.733333 11.735899 1.001236 0.258944 -0.005364
44.800000 11.508960 1.001236 0.265798 -0.005364
44.866667 11.289419 1.001236 0.272602 -0.005365
44.933333 11.077794 1.001237 0.279325 -0.005365
45.000000 10.874476 1.001237 0.285941 -0.005367
45.066667 10.679757 1.001237 0.292423 -0.005368
45.133333 10.493846 1.001238 0.298750 -0.005370
45.200000 10.316888 1.001238 0.304899 -0.005373
45.266667 10.148978 1.001239 0.310850 -0.005375
45.333333 9.990169 1.001240 0.316586 -0.005379
45.400000 9.840486 1.001240 0.322089 -0.005382
45.466667 9.699933 1.001241 0.327343 -0.005386
45.533333 9.568494 1.001242 0.332334 -0.005391
45.600000 9.446146 1.001243 0.337049 -0.005395
45.666667 9.332857 1.001245 0.341474 -0.005401
45.733333 9.228594 1.001246 0.345597 -0.005406
45.800000 9.133320 1.001247 0.349409 -0.005412
45.866667 9.047004 1.001249 0.352898 -0.005419
45.933333 8.969617 1.001250 0.356057 -0.005425
46.000000 8.901134 1.001252 0.358875 -0.005432
46.066667 8.841540 1.001254 0.361346 -0.005440
46.133333 8.790827 1.001256 0.363462 -0.005448
46.200000 8.748995 1.001257 0.365216 -0.005456
46.266667 8.716056 1.001259 0.366604 -0.005464
46.333333 8.692031 1.001261 0.367619 -0.005473
46.400000 8.676955 1.001263 0.368258 -0.005482
46.466667 8.670875 1.001266 0.368516 -0.005491
46.533333 8.673852 1.001268 0.368390 -0.005501
46.600000 8.685960 1.001270 0.367876 -0.005510
46.666667 8.707291 1.001272 0.366974 -0.005520
46.733333 8.737953 1.001275 0.365681 -0.005531
46.800000 8.778069 1.001277 0.363996 -0.005541
46.866667 8.827786 1.001279 0.361918 -0.005552
46.933333 8.887267 1.001282 0.359448 -0.005562
47.000000 8.956701 1.001284 0.356587 -0.005573
47.066667 9.036298 1.001287 0.353334 -0.005584
47.133333 9.126296 1.001290 0.349692 -0.005595
47.200000 9.226961 1.001292 0.345662 -0.005606
47.266667 9.338589 1.001295 0.341248 -0.005617
47.333333 9.461514 1.001297 0.336453 -0.005628
47.400000 9.596106 1.001300 0.331280 -0.005640
47.466667 9.742776 1.001302 0.325733 -0.005651
47.533333 9.901984 1.001305 0.319816 -0.005662
47.600000 10.074245 1.001307 0.313536 -0.005673
47.666667 10.260132 1.001310 0.306898 -0.005684
47.733333 10.460285 1.001313 0.299906 -0.005695
47.800000 10.675423 1.001315 0.292569 -0.005706
47.866667 10.906353 1.001317 0.284893 -0.005716
47.933333 11.153986 1.001320 0.276886 -0.005727
48.000000 11.419349 1.001322 0.268555 -0.005737
48.066667 11.703609 1.001325 0.259908 -0.005747
48.133333 12.008094 1.001327 0.250955 -0.005757
48.200000 12.334324 1.001329 0.241704 -0.005767
48.266667 12.684049 1.001331 0.232165 -0.005776
48.333333 13.059293 1.001333 0.222349 -0.005785
48.400000 13.462416 1.001335 0.212265 -0.005794
48.466667 13.896184 1.001337 0.201925 -0.005803
48.533333 14.363873 1.001339 0.191340 -0.005811
48.600000 14.869396 1.001341 0.180522 -0.005819
48.666667 15.417472 1.001343 0.169483 -0.005827
48.733333 16.013867 1.001345 0.158236 -0.005834
48.800000 16.665720 1.001346 0.146796 -0.005841
48.866667 17.382002 1.001348 0.135176 -0.005848
48.933333 18.174201 1.001349 0.123393 -0.005854
49.000000 19.057324 1.001351 0.111464 -0.005860
49.066667 20.051467 1.001352 0.099409 -0.005865
49.133333 21.184319 1.001353 0.087254 -0.005870
49.200000 22.495322 1.001354 0.075030 -0.005875
49.266667 24.042855 1.001355 0.062785 -0.005879
49.333333 25.916789 1.001356 0.050601 -0.005883
49.400000 28.258269 1.001357 0.038644 -0.005887
49.466667 31.262310 1.001358 0.027345 -0.005890
49.533333 34.824361 1.001358 0.018146 -0.005893
49.600000 36.159521 1.001359 0.015561 -0.005895
49.666667 33.106186 1.001359 0.022115 -0.005898
49.733333 29.700430 1.001360 0.032732 -0.005899
49.800000 27.013846 1.001360 0.044597 -0.005901
49.866667 24.894729 1.001360 0.056920 -0.005902
49.933333 23.168561 1.001360 0.069434 -0.005902
50.000000 21.721237 1.001360 0.082023 -0.005903
50.066667 20.479812 1.001360 0.094626 -0.005903
50.133333 19.396034 1.001360 0.107201 -0.005903
50.200000 18.436687 1.001360 0.119720 -0.005902
50.266667 17.578068 1.001360 0.132159 -0.005901
50.333333 16.802729 1.001360 0.144499 -0.005900
50.400000 16.097480 1.001360 0.156721 -0.005899
50.466667 15.452123 1.001359 0.168808 -0.005897
50.533333 14.858620 1.001359 0.180746 -0.005895
50.600000 14.310525 1.001358 0.192519 -0.005893
50.666667 13.802600 1.001358 0.204113 -0.005891
50.733333 13.330527 1.001357 0.215513 -0.005888
50.800000 12.890709 1.001357 0.226707 -0.005886
50.866667 12.480121 1.001356 0.237681 -0.005883
50.933333 12.096193 1.001355 0.248422 -0.005880
51.000000 11.736729 1.001355 0.258919 -0.005877
51.066667 11.399835 1.001354 0.269159 -0.005874
51.133333 11.083867 1.001353 0.279130 -0.005871
51.200000 10.787394 1.001352 0.288822 -0.005867
51.266667 10.509160 1.001351 0.298224 -0.005864
51.333333 10.248057 1.001351 0.307324 -0.005860
51.400000 10.003108 1.001350 0.316115 -0.005857
51.466667 9.773443 1.001349 0.324585 -0.005853
51.533333 9.558288 1.001348 0.332725 -0.005849
51.600000 9.356951 1.001347 0.340528 -0.005846
51.666667 9.168811 1.001346 0.347984 -0.005842
51.733333 8.993310 1.001346 0.355087 -0.005838
51.800000 8.829947 1.001345 0.361828 -0.005835
51.866667 8.678268 1.001344 0.368202 -0.005831
51.933333 8.537865 1.001343 0.374203 -0.005827
52.000000 8.408366 1.001342 0.379823 -0.005824
52.066667 8.289437 1.001341 0.385060 -0.005820
52.133333 8.180772 1.001341 0.389907 -0.005816
52.200000 8.082095 1.001340 0.394362 -0.005813
52.266667 7.993155 1.001339 0.398421 -0.005809
52.333333 7.913722 1.001338 0.402081 -0.005806
52.400000 7.843590 1.001337 0.405341 -0.005802
52.466667 7.782568 1.001336 0.408199 -0.005799
52.533333 7.730485 1.001336 0.410654 -0.005795
52.600000 7.687182 1.001335 0.412706 -0.005792
52.666667 7.652516 1.001334 0.414357 -0.005789
52.733333 7.626355 1.001333 0.415606 -0.005785
52.800000 7.608578 1.001333 0.416458 -0.005782
52.866667 7.599073 1.001332 0.416914 -0.005779
52.933333 7.597737 1.001331 0.416978 -0.005776
53.000000 7.604471 1.001330 0.416655 -0.005772
53.066667 7.619185 1.001330 0.415950 -0.005769
53.133333 7.641791 1.001329 0.414868 -0.005766
53.200000 7.672202 1.001328 0.413418 -0.005763
53.266667 7.710334 1.001327 0.411608 -0.005759
53.333333 7.756100 1.001327 0.409444 -0.005756
53.400000 7.809411 1.001326 0.406939 -0.005753
53.466667 7.870173 1.001325 0.404102 -0.005749
53.533333 7.938282 1.001324 0.400946 -0.005746
53.600000 8.013627 1.001323 0.397483 -0.005742
53.666667 8.096080 1.001323 0.393728 -0.005738
53.733333 8.185498 1.001322 0.389695 -0.005735
53.800000 8.281716 1.001321 0.385402 -0.005731
53.866667 8.384544 1.001320 0.380867 -0.005727
53.933333 8.493762 1.001319 0.376107 -0.005723
54.000000 8.609111 1.001318 0.371146 -0.005719
54.066667 8.730294 1.001317 0.366004 -0.005714
54.133333 8.856959 1.001316 0.360705 -0.005710
54.200000 8.988702 1.001315 0.355275 -0.005705
54.266667 9.125049 1.001314 0.349742 -0.005701
54.333333 9.265453 1.001313 0.344134 -0.005696
54.400000 9.409283 1.001312 0.338482 -0.005691
54.466667 9.555814 1.001310 0.332820 -0.005685
54.533333 9.704218 1.001309 0.327182 -0.005680
54.600000 9.853555 1.001308 0.321605 -0.005674
54.666667 10.002766 1.001306 0.316127 -0.005669
54.733333 10.150668 1.001305 0.310790 -0.005663
54.800000 10.295952 1.001304 0.305635 -0.005657
54.866667 10.437187 1.001302 0.300705 -0.005650
54.933333 10.572828 1.001301 0.296046 -0.005644
55.000000 10.701231 1.001299 0.291701 -0.005637
55.066667 10.820681 1.001298 0.287717 -0.005631
55.133333 10.929422 1.001296 0.284138 -0.005624
55.200000 11.025703 1.001294 0.281006 -0.005617
55.266667 11.107826 1.001293 0.278361 -0.005609
55.333333 11.174207 1.001291 0.276242 -0.005602
55.400000 11.223436 1.001289 0.274681 -0.005594
55.466667 11.254334 1.001288 0.273705 -0.005587
55.533333 11.266010 1.001286 0.273338 -0.005579
55.600000 11.257906 1.001284 0.273593 -0.005571
55.666667 11.229817 1.001282 0.274479 -0.005563
55.733333 11.181909 1.001280 0.275997 -0.005555
55.800000 11.114705 1.001278 0.278141 -0.005547
55.866667 11.029060 1.001277 0.280897 -0.005539
55.933333 10.926114 1.001275 0.284246 -0.005531
56.000000 10.807242 1.001273 0.288163 -0.005523
56.066667 10.673995 1.001271 0.292617 -0.005514
56.133333 10.528034 1.001269 0.297576 -0.005506
56.200000 10.371076 1.001267 0.303003 -0.005498
56.266667 10.204842 1.001265 0.308857 -0.005490
56.333333 10.031016 1.001263 0.315101 -0.005482
56.400000 9.851203 1.001262 0.321692 -0.005474
56.466667 9.666916 1.001260 0.328590 -0.005466
56.533333 9.479548 1.001258 0.335755 -0.005459
56.600000 9.290372 1.001256 0.343148 -0.005451
56.666667 9.100533 1.001255 0.350730 -0.005444
56.733333 8.911050 1.001253 0.358466 -0.005437
56.800000 8.722823 1.001251 0.366319 -0.005430
56.866667 8.536636 1.001250 0.374256 -0.005423
56.933333 8.353171 1.001248 0.382245 -0.005417
57.000000 8.173013 1.001247 0.390256 -0.005410
57.066667 7.996662 1.001246 0.398260 -0.005404
57.133333 7.824538 1.001244 0.406231 -0.005399
57.200000 7.656996 1.001243 0.414143 -0.005394
57.266667 7.494330 1.001242 0.421972 -0.005389
57.333333 7.336783 1.001241 0.429696 -0.005384
57.400000 7.184550 1.001240 0.437293 -0.005380
57.466667 7.037789 1.001239 0.444744 -0.005376
57.533333 6.896623 1.001238 0.452032 -0.005372
57.600000 6.761147 1.001237 0.459137 -0.005369
57.666667 6.631430 1.001237 0.466046 -0.005366
57.733333 6.507521 1.001236 0.472742 -0.005364
57.800000 6.389450 1.001236 0.479212 -0.005362
57.866667 6.277232 1.001236 0.485443 -0.005361
57.933333 6.170870 1.001235 0.491424 -0.005360
58.000000 6.070357 1.001235 0.497144 -0.005360
58.066667 5.975675 1.001235 0.502593 -0.005360
58.133333 5.886799 1.001235 0.507762 -0.005360
58.200000 5.803700 1.001236 0.512643 -0.005361
58.266667 5.726341 1.001236 0.517229 -0.005362
58.333333 5.654683 1.001236 0.521514 -0.005364
58.400000 5.588683 1.001237 0.525492 -0.005367
58.466667 5.528295 1.001237 0.529158 -0.005369
58.533333 5.473470 1.001238 0.532508 -0.005373
58.600000 5.424160 1.001239 0.535540 -0.005376
58.666667 5.380312 1.001240 0.538250 -0.005381
58.733333 5.341875 1.001241 0.540638 -0.005385
58.800000 5.308795 1.001242 0.542701 -0.005390
58.866667 5.281018 1.001244 0.544439 -0.005396
58.933333 5.258490 1.001245 0.545853 -0.005402
59.000000 5.241155 1.001246 0.546943 -0.005408
59.066667 5.228958 1.001248 0.547712 -0.005415
59.133333 5.221842 1.001250 0.548161 -0.005422
59.200000 5.219750 1.001251 0.548293 -0.005429
59.266667 5.222624 1.001253 0.548111 -0.005437
59.333333 5.230407 1.001255 0.547620 -0.005445
59.400000 5.243039 1.001257 0.546825 -0.005453
59.466667 5.260460 1.001259 0.545729 -0.005462
59.533333 5.282608 1.001261 0.544339 -0.005470
59.600000 5.309420 1.001263 0.542661 -0.005480
59.666667 5.340833 1.001265 0.540702 -0.005489
59.733333 5.376779 1.001267 0.538469 -0.005498
59.800000 5.417192 1.001269 0.535970 -0.005508
59.866667 5.462000 1.001272 0.533212 -0.005518
59.933333 5.511130 1.001274 0.530205 -0.005528
60.000000 5.564507 1.001276 0.526956 -0.005538
60.066667 5.622053 1.001279 0.523477 -0.005548
60.133333 5.683684 1.001281 0.519776 -0.005558
60.200000 5.749315 1.001283 0.515863 -0.005568
60.266667 5.818855 1.001286 0.511749 -0.005579
60.333333 5.892211 1.001288 0.507446 -0.005589
60.400000 5.969283 1.001290 0.502963 -0.005599
60.466667 6.049966 1.001293 0.498312 -0.005609
60.533333 6.134151 1.001295 0.493506 -0.005619
60.600000 6.221723 1.001297 0.488555 -0.005629
60.666667 6.312560 1.001300 0.483473 -0.005639
60.733333 6.406533 1.001302 0.478270 -0.005649
60.800000 6.503509 1.001304 0.472960 -0.005658
60.866667 6.603344 1.001306 0.467555 -0.005667
60.933333 6.705889 1.001308 0.462068 -0.005676
61.000000 6.810989 1.001310 0.456510 -0.005685
61.066667 6.918479 1.001312 0.450896 -0.005694
61.133333 7.028185 1.001314 0.445236 -0.005702
61.200000 7.139930 1.001316 0.439545 -0.005710
61.266667 7.253525 1.001318 0.433834 -0.005718
61.333333 7.368774 1.001320 0.428116 -0.005726
61.400000 7.485475 1.001321 0.422402 -0.005733
61.466667 7.603418 1.001323 0.416705 -0.005740
61.533333 7.722387 1.001324 0.411037 -0.005746
61.600000 7.842160 1.001326 0.405408 -0.005753
61.666667 7.962509 1.001327 0.399829 -0.005758
61.733333 8.083203 1.001328 0.394312 -0.005764
61.800000 8.204005 1.001330 0.388866 -0.005769
61.866667 8.324679 1.001331 0.383501 -0.005774
61.933333 8.444986 1.001332 0.378225 -0.005778
62.000000 8.564688 1.001333 0.373049 -0.005783
62.066667 8.683550 1.001334 0.367979 -0.005786
62.133333 8.801339 1.001334 0.363022 -0.005790
62.200000 8.917830 1.001335 0.358186 -0.005793
62.266667 9.032803 1.001336 0.353476 -0.005796
62.333333 9.146047 1.001336 0.348897 -0.005798
62.400000 9.257364 1.001337 0.344454 -0.005800
62.466667 9.366565 1.001337 0.340151 -0.005802
62.533333 9.473478 1.001338 0.335990 -0.005803
62.600000 9.577944 1.001338 0.331973 -0.005804
62.666667 9.679824 1.001338 0.328102 -0.005805
62.733333 9.778992 1.001338 0.324377 -0.005806
62.800000 9.875345 1.001338 0.320799 -0.005806
62.866667 9.968794 1.001338 0.317366 -0.005807
62.933333 10.059273 1.001338 0.314077 -0.005807
63.000000 10.146731 1.001338 0.310931 -0.005806
63.066667 10.231137 1.001338 0.307924 -0.005806
63.133333 10.312477 1.001338 0.305054 -0.005805
63.200000 10.390752 1.001338 0.302317 -0.005805
63.266667 10.465977 1.001338 0.299710 -0.005804
63.333333 10.538178 1.001337 0.297229 -0.005803
63.400000 10.607395 1.001337 0.294870 -0.005802
63.466667 10.673671 1.001337 0.292628 -0.005801
63.533333 10.737058 1.001337 0.290501 -0.005800
63.600000 10.797609 1.001336 0.288483 -0.005798
63.666667 10.855378 1.001336 0.286570 -0.005797
63.733333 10.910417 1.001336 0.284760 -0.005796
63.800000 10.962773 1.001336 0.283049 -0.005795
63.866667 11.012484 1.001335 0.281434 -0.005794
63.933333 11.059580 1.001335 0.279912 -0.005793
64.000000 11.104080 1.001335 0.278481 -0.005792
64.066667 11.145987 1.001335 0.277141 -0.005792
64.133333 11.185291 1.001335 0.275890 -0.005791
64.200000 11.221964 1.001335 0.274727 -0.005791
64.266667 11.255960 1.001335 0.273654 -0.005791
64.333333 11.287216 1.001335 0.272671 -0.005791
64.400000 11.315648 1.001335 0.271780 -0.005791
64.466667 11.341155 1.001335 0.270983 -0.005791
64.533333 11.363618 1.001335 0.270283 -0.005792
64.600000 11.382900 1.001335 0.269684 -0.005793
64.666667 11.398849 1.001335 0.269189 -0.005794
64.733333 11.411298 1.001336 0.268804 -0.005796
64.800000 11.420069 1.001336 0.268532 -0.005797
64.866667 11.424974 1.001337 0.268381 -0.005799
64.933333 11.425822 1.001337 0.268355 -0.005802
65.000000 11.422417 1.001338 0.268460 -0.005804
65.066667 11.414564 1.001338 0.268703 -0.005807
65.133333 11.402076 1.001339 0.269089 -0.005811
65.200000 11.384774 1.001340 0.269626 -0.005814
65.266667 11.362492 1.001341 0.270318 -0.005818
65.333333 11.335084 1.001342 0.271173 -0.005822
65.400000 11.302423 1.001343 0.272194 -0.005827
65.466667 11.264410 1.001344 0.273388 -0.005831
65.533333 11.220975 1.001345 0.274759 -0.005836
65.600000 11.172076 1.001346 0.276310 -0.005842
65.666667 11.117709 1.001348 0.278045 -0.005847
65.733333 11.057903 1.001349 0.279966 -0.005853
65.800000 10.992723 1.001350 0.282074 -0.005859
65.866667 10.922272 1.001352 0.284372 -0.005866
65.933333 10.846687 1.001353 0.286857 -0.005872
66.000000 10.766138 1.001355 0.289530 -0.005879
66.066667 10.680830 1.001357 0.292387 -0.005886
66.133333 10.590996 1.001358 0.295427 -0.005893
66.200000 10.496897 1.001360 0.298645 -0.005900
66.266667 10.398816 1.001362 0.302036 -0.005907
66.333333 10.297057 1.001363 0.305596 -0.005915
66.400000 10.191939 1.001365 0.309316 -0.005922
66.466667 10.083794 1.001367 0.313192 -0.005930
66.533333 9.972964 1.001368 0.317214 -0.005938
66.600000 9.859794 1.001370 0.321374 -0.005945
66.666667 9.744632 1.001372 0.325663 -0.005953
66.733333 9.627823 1.001374 0.330072 -0.005960
66.800000 9.509711 1.001375 0.334591 -0.005968
66.866667 9.390630 1.001377 0.339210 -0.005975
66.933333 9.270909 1.001379 0.343918 -0.005982
67.000000 9.150862 1.001380 0.348704 -0.005989
67.066667 9.030795 1.001382 0.353558 -0.005996
67.133333 8.911000 1.001383 0.358468 -0.006002
67.200000 8.791754 1.001385 0.363423 -0.006009
67.266667 8.673320 1.001386 0.368412 -0.006015
67.333333 8.555947 1.001388 0.373424 -0.006020
67.400000 8.439868 1.001389 0.378448 -0.006025
67.466667 8.325302 1.001390 0.383473 -0.006030
67.533333 8.212453 1.001391 0.388488 -0.006035
67.600000 8.101509 1.001392 0.393482 -0.006039
67.666667 7.992648 1.001393 0.398444 -0.006043
67.733333 7.886029 1.001393 0.403365 -0.006046
67.800000 7.781803 1.001394 0.408235 -0.006048
67.866667 7.680107 1.001394 0.413042 -0.006050
67.933333 7.581063 1.001395 0.417779 -0.006052
68.000000 7.484788 1.001395 0.422436 -0.006053
68.066667 7.391383 1.001395 0.427003 -0.006053
68.133333 7.300942 1.001395 0.431472 -0.006053
68.200000 7.213550 1.001395 0.435835 -0.006052
68.266667 7.129282 1.001394 0.440084 -0.006050
68.333333 7.048206 1.001394 0.444211 -0.006047
68.400000 6.970382 1.001393 0.448209 -0.006044
68.466667 6.895864 1.001392 0.452071 -0.006040
68.533333 6.824697 1.001391 0.455790 -0.006036
68.600000 6.756924 1.001390 0.459361 -0.006031
68.666667 6.692581 1.001389 0.462776 -0.006024
68.733333 6.631697 1.001387 0.466031 -0.006018
68.800000 6.574301 1.001385 0.469121 -0.006010
68.866667 6.520412 1.001383 0.472041 -0.006002
68.933333 6.470051 1.001381 0.474786 -0.005992
69.000000 6.423231 1.001379 0.477352 -0.005982
69.066667 6.379965 1.001376 0.479735 -0.005972
69.133333 6.340262 1.001374 0.481933 -0.005960
69.200000 6.304128 1.001371 0.483942 -0.005948
69.266667 6.271568 1.001368 0.485760 -0.005935
69.333333 6.242584 1.001365 0.487383 -0.005921
69.400000 6.217177 1.001361 0.488811 -0.005906
69.466667 6.195345 1.001358 0.490041 -0.005891
69.533333 6.177086 1.001354 0.491073 -0.005874
69.600000 6.162398 1.001350 0.491904 -0.005858
69.666667 6.151275 1.001346 0.492534 -0.005840
69.733333 6.143712 1.001342 0.492963 -0.005822
69.800000 6.139705 1.001337 0.493191 -0.005803
69.866667 6.139247 1.001333 0.493217 -0.005783
69.933333 6.142331 1.001328 0.493041 -0.005763
70.000000 6.148953 1.001323 0.492666 -0.005742
70.066667 6.159105 1.001318 0.492090 -0.005721
70.133333 6.172783 1.001313 0.491316 -0.005699
70.200000 6.189980 1.001308 0.490344 -0.005676
70.266667 6.210692 1.001303 0.489176 -0.005653
70.333333 6.234915 1.001298 0.487814 -0.005630
70.400000 6.262647 1.001292 0.486259 -0.005606
70.466667 6.293884 1.001286 0.484513 -0.005582
70.533333 6.328627 1.001281 0.482579 -0.005557
70.600000 6.366877 1.001275 0.480459 -0.005533
70.666667 6.408636 1.001269 0.478154 -0.005507
70.733333 6.453907 1.001263 0.475669 -0.005482
70.800000 6.502699 1.001258 0.473004 -0.005457
70.866667 6.555017 1.001252 0.470164 -0.005431
70.933333 6.610875 1.001246 0.467150 -0.005405
71.000000 6.670283 1.001240 0.463966 -0.005379
71.066667 6.733260 1.001234 0.460614 -0.005353
71.133333 6.799823 1.001228 0.457097 -0.005327
71.200000 6.869996 1.001222 0.453420 -0.005302
71.266667 6.943802 1.001216 0.449583 -0.005276
71.333333 7.021272 1.001210 0.445591 -0.005250
71.400000 7.102439 1.001204 0.441446 -0.005225
71.466667 7.187340 1.001198 0.437153 -0.005200
71.533333 7.276015 1.001193 0.432712 -0.005175
71.600000 7.368512 1.001187 0.428129 -0.005151
71.666667 7.464881 1.001182 0.423405 -0.005127
71.733333 7.565178 1.001176 0.418544 -0.005103
71.800000 7.669465 1.001171 0.413549 -0.005080
71.866667 7.777807 1.001166 0.408423 -0.005057
71.933333 7.890277 1.001160 0.403168 -0.005035
72.000000 8.006954 1.001156 0.397789 -0.005014
72.066667 8.127923 1.001151 0.392287 -0.004993
72.133333 8.253275 1.001146 0.386666 -0.004973
72.200000 8.383107 1.001142 0.380930 -0.004954
72.266667 8.517524 1.001137 0.375080 -0.004936
72.333333 8.656637 1.001133 0.369120 -0.004918
72.400000 8.800565 1.001130 0.363054 -0.004901
72.466667 8.949432 1.001126 0.356885 -0.004885
72.533333 9.103369 1.001122 0.350616 -0.004871
72.600000 9.262516 1.001119 0.344250 -0.004857
72.666667 9.427015 1.001116 0.337792 -0.004844
72.733333 9.597018 1.001114 0.331245 -0.004832
72.800000 9.772678 1.001111 0.324613 -0.004822
72.866667 9.954155 1.001109 0.317901 -0.004812
72.933333 10.141608 1.001107 0.311114 -0.004804
73.000000 10.335199 1.001105 0.304257 -0.004797
73.066667 10.535087 1.001104 0.297335 -0.004791
73.133333 10.741427 1.001103 0.290355 -0.004786
73.200000 10.954364 1.001102 0.283323 -0.004783
73.266667 11.174029 1.001102 0.276248 -0.004781
73.333333 11.400536 1.001102 0.269137 -0.004780
73.400000 11.633965 1.001102 0.262000 -0.004780
73.466667 11.874364 1.001102 0.254848 -0.004782
73.533333 12.121726 1.001103 0.247693 -0.004786
73.600000 12.375980 1.001104 0.240548 -0.004790
73.666667 12.636968 1.001105 0.233427 -0.004796
73.733333 12.904425 1.001107 0.226349 -0.004804
73.800000 13.177946 1.001109 0.219332 -0.004812
73.866667 13.456953 1.001111 0.212399 -0.004823
73.933333 13.740656 1.001114 0.205574 -0.004834
74.000000 14.027997 1.001117 0.198884 -0.004847
74.066667 14.317603 1.001120 0.192362 -0.004861
74.133333 14.607717 1.001124 0.186043 -0.004877
74.200000 14.896138 1.001128 0.179967 -0.004894
74.266667 15.180157 1.001132 0.174178 -0.004912
74.333333 15.456502 1.001137 0.168723 -0.004932
74.400000 15.721311 1.001142 0.163657 -0.004953
74.466667 15.970141 1.001147 0.159035 -0.004976
74.533333 16.198030 1.001152 0.154917 -0.004999
74.600000 16.399646 1.001158 0.151362 -0.005024
74.666667 16.569513 1.001164 0.148431 -0.005050
74.733333 16.702341 1.001170 0.146178 -0.005077
74.800000 16.793411 1.001177 0.144654 -0.005105
74.866667 16.838990 1.001183 0.143897 -0.005135
74.933333 16.836705 1.001190 0.143934 -0.005165
75.000000 16.785797 1.001198 0.144781 -0.005197
75.066667 16.687212 1.001205 0.146433 -0.005229
75.133333 16.543495 1.001213 0.148876 -0.005263
75.200000 16.358529 1.001221 0.152081 -0.005297
75.266667 16.137157 1.001229 0.156006 -0.005332
75.333333 15.884764 1.001237 0.160606 -0.005368
75.400000 15.606896 1.001246 0.165827 -0.005405
75.466667 15.308936 1.001254 0.171614 -0.005443
75.533333 14.995883 1.001263 0.177912 -0.005481
75.600000 14.672211 1.001272 0.184667 -0.005519
75.666667 14.341810 1.001281 0.191827 -0.005558
75.733333 14.007978 1.001290 0.199343 -0.005598
75.800000 13.673454 1.001299 0.207170 -0.005638
75.866667 13.340473 1.001309 0.215266 -0.005678
75.933333 13.010826 1.001318 0.223593 -0.005718
76.000000 12.685926 1.001327 0.232115 -0.005759
76.066667 12.366871 1.001337 0.240800 -0.005800
76.133333 12.054497 1.001346 0.249618 -0.005841
76.200000 11.749426 1.001356 0.258541 -0.005882
76.266667 11.452109 1.001365 0.267544 -0.005922
76.333333 11.162860 1.001374 0.276603 -0.005963
76.400000 10.881881 1.001384 0.285697 -0.006003
76.466667 10.609293 1.001393 0.294805 -0.006043
76.533333 10.345147 1.001402 0.303908 -0.006083
76.600000 10.089443 1.001411 0.312988 -0.006122
76.666667 9.842143 1.001420 0.322027 -0.006161
76.733333 9.603178 1.001429 0.331010 -0.006199
76.800000 9.372460 1.001437 0.339920 -0.006236
76.866667 9.149882 1.001446 0.348743 -0.006273
76.933333 8.935330 1.001454 0.357465 -0.006309
77.000000 8.728682 1.001462 0.366071 -0.006344
77.066667 8.529813 1.001470 0.374550 -0.006379
77.133333 8.338596 1.001478 0.382887 -0.006412
77.200000 8.154906 1.001485 0.391070 -0.006444
77.266667 7.978619 1.001492 0.399088 -0.006475
77.333333 7.809615 1.001499 0.406930 -0.006505
77.400000 7.647777 1.001506 0.414583 -0.006534
77.466667 7.492995 1.001512 0.422037 -0.006562
77.533333 7.345162 1.001518 0.429281 -0.006588
77.600000 7.204176 1.001524 0.436306 -0.006613
77.666667 7.069942 1.001530 0.443101 -0.006636
77.733333 6.942371 1.001535 0.449657 -0.006659
77.800000 6.821379 1.001539 0.455965 -0.006679
77.866667 6.706887 1.001544 0.462015 -0.006698
77.933333 6.598825 1.001548 0.467798 -0.006716
78.000000 6.497125 1.001552 0.473308 -0.006732
78.066667 6.401728 1.001555 0.478535 -0.006746
78.133333 6.312578 1.001558 0.483472 -0.006759
78.200000 6.229628 1.001560 0.488111 -0.006770
78.266667 6.152834 1.001562 0.492446 -0.006779
78.333333 6.082158 1.001564 0.496469 -0.006787
78.400000 6.017570 1.001566 0.500174 -0.006792
78.466667 5.959043 1.001567 0.503556 -0.006796
78.533333 5.906557 1.001567 0.506608 -0.006799
78.600000 5.860096 1.001567 0.509325 -0.006799
78.666667 5.819653 1.001567 0.511702 -0.006798
78.733333 5.785222 1.001566 0.513735 -0.006796
78.800000 5.756808 1.001565 0.515418 -0.006791
78.866667 5.734418 1.001564 0.516748 -0.006785
78.933333 5.718066 1.001562 0.517722 -0.006777
79.000000 5.707772 1.001560 0.518336 -0.006767
79.066667 5.703563 1.001557 0.518587 -0.006755
79.133333 5.705472 1.001554 0.518473 -0.006742
79.200000 5.713538 1.001551 0.517992 -0.006727
79.266667 5.727806 1.001547 0.517142 -0.006711
79.333333 5.748332 1.001543 0.515921 -0.006693
79.400000 5.775174 1.001538 0.514329 -0.006674
79.466667 5.808401 1.001533 0.512366 -0.006652
79.533333 5.848090 1.001528 0.510030 -0.006630
79.600000 5.894326 1.001523 0.507322 -0.006606
79.666667 5.947202 1.001517 0.504243 -0.006581
79.733333 6.006822 1.001511 0.500794 -0.006554
79.800000 6.073300 1.001504 0.496976 -0.006526
79.866667 6.146759 1.001497 0.492790 -0.006497
79.933333 6.227336 1.001490 0.488240 -0.006466
80.000000 6.315179 1.001483 0.483327 -0.006435
80.066667 6.410449 1.001476 0.478055 -0.006402
80.133333 6.513323 1.001468 0.472426 -0.006369
80.200000 6.623991 1.001460 0.466445 -0.006334
80.266667 6.742661 1.001452 0.460116 -0.006299
80.333333 6.869561 1.001443 0.453442 -0.006262
80.400000 7.004935 1.001435 0.446430 -0.006225
80.466667 7.149051 1.001426 0.439084 -0.006187
80.533333 7.302202 1.001417 0.431410 -0.006149
80.600000 7.464704 1.001408 0.423414 -0.006110
80.666667 7.636902 1.001399 0.415102 -0.006071
80.733333 7.819175 1.001390 0.406482 -0.006031
80.800000 8.011934 1.001381 0.397561 -0.005990
80.866667 8.215630 1.001371 0.388346 -0.005950
80.933333 8.430756 1.001362 0.378846 -0.005909
81.000000 8.657853 1.001352 0.369069 -0.005868
81.066667 8.897512 1.001343 0.359025 -0.005827
81.133333 9.150388 1.001334 0.348723 -0.005786
81.200000 9.417198 1.001324 0.338174 -0.005745
81.266667 9.698733 1.001315 0.327388 -0.005704
81.333333 9.995867 1.001305 0.316378 -0.005663
81.400000 10.309566 1.001296 0.305156 -0.005623
81.466667 10.640898 1.001287 0.293735 -0.005583
81.533333 10.991048 1.001277 0.282129 -0.005543
81.600000 11.361324 1.001268 0.270355 -0.005503
81.666667 11.753175 1.001259 0.258429 -0.005464
81.733333 12.168200 1.001251 0.246371 -0.005426
81.800000 12.608158 1.001242 0.234203 -0.005388
81.866667 13.074966 1.001233 0.221948 -0.005351
81.933333 13.570691 1.001225 0.209636 -0.005315
82.000000 14.097516 1.001217 0.197299 -0.005280
82.066667 14.657664 1.001209 0.184977 -0.005245
82.133333 15.253253 1.001201 0.172718 -0.005211
82.200000 15.886029 1.001193 0.160583 -0.005178
82.266667 16.556884 1.001186 0.148647 -0.005146
82.333333 17.265037 1.001179 0.137009 -0.005115
82.400000 18.006635 1.001172 0.125796 -0.005086
82.466667 18.772494 1.001165 0.115180 -0.005057
82.533333 19.544668 1.001159 0.105382 -0.005029
82.600000 20.291913 1.001153 0.096695 -0.005003
82.666667 20.965368 1.001147 0.089481 -0.004978
82.733333 21.498532 1.001142 0.084154 -0.004954
82.800000 21.818210 1.001136 0.081113 -0.004931
82.866667 21.869268 1.001131 0.080637 -0.004909
82.933333 21.641113 1.001127 0.082784 -0.004889
83.000000 21.173493 1.001122 0.087363 -0.004870
83.066667 20.535893 1.001118 0.094017 -0.004853
83.133333 19.799619 1.001115 0.102334 -0.004836
83.200000 19.021040 1.001111 0.111930 -0.004822
83.266667 18.238042 1.001108 0.122489 -0.004808
83.333333 17.473300 1.001105 0.133763 -0.004796
83.400000 16.739012 1.001103 0.145562 -0.004785
83.466667 16.040819 1.001101 0.157746 -0.004776
83.533333 15.380510 1.001099 0.170206 -0.004768
83.600000 14.757723 1.001097 0.182858 -0.004761
83.666667 14.170966 1.001096 0.195637 -0.004756
83.733333 13.618213 1.001095 0.208492 -0.004753
83.800000 13.097244 1.001095 0.221380 -0.004750
83.866667 12.605834 1.001094 0.234265 -0.004749
83.933333 12.141846 1.001095 0.247120 -0.004749
84.000000 11.703286 1.001095 0.259918 -0.004751
84.066667 11.288316 1.001096 0.272637 -0.004754
84.133333 10.895258 1.001097 0.285258 -0.004758
84.200000 10.522590 1.001098 0.297763 -0.004763
84.266667 10.168932 1.001099 0.310137 -0.004770
84.333333 9.833036 1.001101 0.322365 -0.004778
84.400000 9.513773 1.001103 0.334435 -0.004787
84.466667 9.210123 1.001106 0.346333 -0.004797
84.533333 8.921161 1.001108 0.358049 -0.004809
84.600000 8.646049 1.001111 0.369571 -0.004821
84.666667 8.384023 1.001114 0.380889 -0.004835
84.733333 8.134392 1.001118 0.391995 -0.004850
84.800000 7.896524 1.001121 0.402878 -0.004865
84.866667 7.669842 1.001125 0.413531 -0.004882
84.933333 7.453820 1.001129 0.423944 -0.004899
85.000000 7.247976 1.001133 0.434111 -0.004918
85.066667 7.051866 1.001138 0.444024 -0.004937
85.133333 6.865084 1.001142 0.453676 -0.004957
85.200000 6.687258 1.001147 0.463060 -0.004978
85.266667 6.518042 1.001152 0.472169 -0.005000
85.333333 6.357120 1.001157 0.480999 -0.005022
85.400000 6.204198 1.001163 0.489542 -0.005045
85.466667 6.059008 1.001168 0.497794 -0.005068
85.533333 5.921297 1.001174 0.505749 -0.005092
85.600000 5.790835 1.001179 0.513403 -0.005117
85.666667 5.667408 1.001185 0.520750 -0.005142
85.733333 5.550817 1.001191 0.527788 -0.005168
85.800000 5.440877 1.001197 0.534510 -0.005193
85.866667 5.337420 1.001203 0.540915 -0.005219
85.933333 5.240286 1.001209 0.546998 -0.005246
86.000000 5.149329 1.001215 0.552756 -0.005272
86.066667 5.064414 1.001221 0.558186 -0.005299
86.133333 4.985413 1.001228 0.563286 -0.005326
86.200000 4.912212 1.001234 0.568054 -0.005353
86.266667 4.844703 1.001240 0.572486 -0.005380
86.333333 4.782786 1.001246 0.576582 -0.005408
86.400000 4.726369 1.001253 0.580339 -0.005435
86.466667 4.675369 1.001259 0.583756 -0.005462
86.533333 4.629707 1.001265 0.586833 -0.005488
86.600000 4.589313 1.001271 0.589569 -0.005515
86.666667 4.554123 1.001277 0.591962 -0.005542
86.733333 4.524076 1.001283 0.594013 -0.005568
86.800000 4.499122 1.001289 0.595722 -0.005594
86.866667 4.479210 1.001295 0.597090 -0.005620
86.933333 4.464300 1.001301 0.598115 -0.005645
87.000000 4.454353 1.001307 0.598801 -0.005670
87.066667 4.449337 1.001312 0.599147 -0.005694
87.133333 4.449224 1.001318 0.599154 -0.005718
87.200000 4.453989 1.001323 0.598826 -0.005742
87.266667 4.463614 1.001329 0.598163 -0.005765
87.333333 4.478084 1.001334 0.597167 -0.005787
87.400000 4.497387 1.001339 0.595841 -0.005809
87.466667 4.521518 1.001344 0.594188 -0.005830
87.533333 4.550473 1.001349 0.592211 -0.005851
87.600000 4.584254 1.001353 0.589912 -0.005871
87.666667 4.622866 1.001358 0.587296 -0.005890
87.733333 4.666319 1.001362 0.584365 -0.005909
87.800000 4.714624 1.001366 0.581124 -0.005927
87.866667 4.767800 1.001370 0.577577 -0.005944
87.933333 4.825866 1.001374 0.573729 -0.005961
88.000000 4.888849 1.001377 0.569584 -0.005976
88.066667 4.956775 1.001381 0.565147 -0.005991
88.133333 5.029678 1.001384 0.560423 -0.006005
88.200000 5.107594 1.001387 0.555418 -0.006019
88.266667 5.190565 1.001390 0.550138 -0.006031
88.333333 5.278634 1.001393 0.544588 -0.006043
88.400000 5.371852 1.001395 0.538775 -0.006054
88.466667 5.470270 1.001398 0.532705 -0.006064
88.533333 5.573948 1.001400 0.526384 -0.006074
88.600000 5.682947 1.001402 0.519820 -0.006083
88.666667 5.797335 1.001404 0.513019 -0.006090
88.733333 5.917183 1.001405 0.505989 -0.006097
88.800000 6.042568 1.001407 0.498737 -0.006104
88.866667 6.173573 1.001408 0.491271 -0.006109
88.933333 6.310286 1.001409 0.483599 -0.006114
89.000000 6.452798 1.001410 0.475729 -0.006118
89.066667 6.601210 1.001411 0.467670 -0.006121
89.133333 6.755627 1.001411 0.459429 -0.006124
89.200000 6.916159 1.001412 0.451016 -0.006126
89.266667 7.082925 1.001412 0.442439 -0.006127
89.333333 7.256050 1.001412 0.433708 -0.006128
89.400000 7.435666 1.001412 0.424831 -0.006127
89.466667 7.621914 1.001412 0.415819 -0.006127
89.533333 7.814941 1.001412 0.406680 -0.006125
89.600000 8.014904 1.001411 0.397425 -0.006124
89.666667 8.221967 1.001411 0.388062 -0.006121
89.733333 8.436305 1.001410 0.378604 -0.006118
89.800000 8.658101 1.001409 0.369058 -0.006115
89.866667 8.887550 1.001408 0.359437 -0.006111
89.933333 9.124856 1.001407 0.349750 -0.006106
90.000000 9.370233 1.001406 0.340007 -0.006101
90.066667 9.623907 1.001405 0.330221 -0.006096
90.133333 9.886117 1.001404 0.320401 -0.006090
90.200000 10.157111 1.001402 0.310559 -0.006084
90.266667 10.437150 1.001401 0.300706 -0.006078
90.333333 10.726507 1.001399 0.290854 -0.006072
90.400000 11.025464 1.001398 0.281013 -0.006065
90.466667 11.334317 1.001396 0.271197 -0.006058
90.533333 11.653369 1.001394 0.261416 -0.006050
90.600000 11.982930 1.001393 0.251683 -0.006043
90.666667 12.323317 1.001391 0.242010 -0.006035
90.733333 12.674847 1.001389 0.232412 -0.006027
90.800000 13.037835 1.001387 0.222899 -0.006020
90.866667 13.412583 1.001386 0.213487 -0.006012
90.933333 13.799374 1.001384 0.204189 -0.006004
91.000000 14.198458 1.001382 0.195019 -0.005996
91.066667 14.610033 1.001380 0.185994 -0.005987
91.133333 15.034226 1.001378 0.177129 -0.005979
91.200000 15.471059 1.001376 0.168441 -0.005971
91.266667 15.920409 1.001374 0.159948 -0.005963
91.333333 16.381961 1.001373 0.151671 -0.005955
91.400000 16.855135 1.001371 0.143629 -0.005948
91.466667 17.339000 1.001369 0.135847 -0.005940
91.533333 17.832170 1.001367 0.128349 -0.005932
91.600000 18.332667 1.001366 0.121162 -0.005925
91.666667 18.837764 1.001364 0.114317 -0.005917
91.733333 19.343807 1.001362 0.107847 -0.005910
91.800000 19.846023 1.001361 0.101789 -0.005903
91.866667 20.338363 1.001359 0.096179 -0.005896
91.933333 20.813391 1.001357 0.091061 -0.005890
92.000000 21.262322 1.001356 0.086474 -0.005883
92.066667 21.675269 1.001354 0.082459 -0.005877
92.133333 22.041783 1.001353 0.079052 -0.005871
92.200000 22.351712 1.001352 0.076281 -0.005865
92.266667 22.596320 1.001350 0.074162 -0.005859
92.333333 22.769449 1.001349 0.072699 -0.005853
92.400000 22.868456 1.001348 0.071875 -0.005848
92.466667 22.894627 1.001347 0.071659 -0.005843
92.533333 22.852938 1.001346 0.072003 -0.005838
92.600000 22.751240 1.001344 0.072851 -0.005833
92.666667 22.599125 1.001343 0.074138 -0.005829
92.733333 22.406766 1.001342 0.075799 -0.005824
92.800000 22.183970 1.001341 0.077768 -0.005820
92.866667 21.939550 1.001340 0.079988 -0.005816
92.933333 21.680991 1.001339 0.082404 -0.005812
93.000000 21.414370 1.001339 0.084973 -0.005808
93.066667 21.144423 1.001338 0.087655 -0.005804
93.133333 20.874698 1.001337 0.090420 -0.005801
93.200000 20.607740 1.001336 0.093242 -0.005797
93.266667 20.345269 1.001335 0.096103 -0.005794
93.333333 20.088350 1.001335 0.098988 -0.005791
93.400000 19.837534 1.001334 0.101888 -0.005787
93.466667 19.592971 1.001333 0.104798 -0.005784
93.533333 19.354508 1.001332 0.107715 -0.005781
93.600000 19.121766 1.001332 0.110640 -0.005778
93.666667 18.894196 1.001331 0.113577 -0.005774
93.733333 18.671133 1.001330 0.116531 -0.005771
93.800000 18.451834 1.001329 0.119511 -0.005768
93.866667 18.235507 1.001329 0.122525 -0.005765
93.933333 18.021342 1.001328 0.125584 -0.005761
94.000000 17.808536 1.001327 0.128698 -0.005758
94.066667 17.596305 1.001326 0.131882 -0.005755
94.133333 17.383909 1.001325 0.135146 -0.005751
94.200000 17.170665 1.001325 0.138505 -0.005747
94.266667 16.955954 1.001324 0.141972 -0.005743
94.333333 16.739239 1.001323 0.145559 -0.005739
94.400000 16.520068 1.001322 0.149278 -0.005735
94.466667 16.298081 1.001321 0.153143 -0.005731
94.533333 16.073012 1.001320 0.157163 -0.005726
94.600000 15.844691 1.001319 0.161349 -0.005722
94.666667 15.613038 1.001318 0.165710 -0.005717
94.733333 15.378068 1.001316 0.170254 -0.005712
94.800000 15.139874 1.001315 0.174987 -0.005707
94.866667 14.898627 1.001314 0.179916 -0.005701
94.933333 14.654564 1.001313 0.185043 -0.005696
95.000000 14.407980 1.001311 0.190371 -0.005690
95.066667 14.159217 1.001310 0.195902 -0.005684
95.133333 13.908653 1.001308 0.201636 -0.005677
95.200000 13.656695 1.001307 0.207570 -0.005671
95.266667 13.403766 1.001305 0.213704 -0.005664
95.333333 13.150299 1.001304 0.220032 -0.005657
95.400000 12.896731 1.001302 0.226550 -0.005650
95.466667 12.643492 1.001300 0.233252 -0.005642
95.533333 12.391002 1.001299 0.240132 -0.005635
95.600000 12.139668 1.001297 0.247182 -0.005627
95.666667 11.889877 1.001295 0.254394 -0.005619
95.733333 11.641997 1.001293 0.261758 -0.005611
95.800000 11.396372 1.001291 0.269266 -0.005602
95.866667 11.153322 1.001289 0.276907 -0.005594
95.933333 10.913145 1.001287 0.284671 -0.005585
96.000000 10.676112 1.001285 0.292546 -0.005576
96.066667 10.442472 1.001283 0.300522 -0.005567
96.133333 10.212450 1.001281 0.308587 -0.005558
96.200000 9.986249 1.001279 0.316729 -0.005549
96.266667 9.764051 1.001277 0.324936 -0.005540
96.333333 9.546018 1.001275 0.333195 -0.005531
96.400000 9.332293 1.001273 0.341496 -0.005522
96.466667 9.123003 1.001270 0.349824 -0.005513
96.533333 8.918257 1.001268 0.358168 -0.005503
96.600000 8.718151 1.001266 0.366516 -0.005494
96.666667 8.522769 1.001264 0.374853 -0.005485
96.733333 8.332179 1.001262 0.383170 -0.005476
96.800000 8.146441 1.001260 0.391451 -0.005467
96.866667 7.965606 1.001258 0.399687 -0.005458
96.933333 7.789712 1.001256 0.407863 -0.005449
97.000000 7.618794 1.001254 0.415968 -0.005440
97.066667 7.452877 1.001252 0.423991 -0.005432
97.133333 7.291981 1.001250 0.431918 -0.005424
97.200000 7.136120 1.001248 0.439738 -0.005416
97.266667 6.985303 1.001246 0.447440 -0.005408
97.333333 6.839536 1.001245 0.455012 -0.005400
97.400000 6.698822 1.001243 0.462444 -0.005393
97.466667 6.563158 1.001241 0.469723 -0.005386
97.533333 6.432541 1.001240 0.476840 -0.005379
97.600000 6.306965 1.001238 0.483784 -0.005373
97.666667 6.186423 1.001237 0.490545 -0.005367
97.733333 6.070906 1.001236 0.497112 -0.005361
97.800000 5.960405 1.001234 0.503477 -0.005356
97.866667 5.854907 1.001233 0.509630 -0.005351
97.933333 5.754402 1.001232 0.515561 -0.005347
98.000000 5.658878 1.001231 0.521262 -0.005343
98.066667 5.568324 1.001231 0.526725 -0.005339
98.133333 5.482728 1.001230 0.531941 -0.005336
98.200000 5.402078 1.001229 0.536903 -0.005334
98.266667 5.326364 1.001229 0.541604 -0.005332
98.333333 5.255575 1.001228 0.546036 -0.005330
98.400000 5.189702 1.001228 0.550193 -0.005329
98.466667 5.128736 1.001228 0.554068 -0.005328
98.533333 5.072668 1.001228 0.557656 -0.005328
98.600000 5.021492 1.001228 0.560952 -0.005328
98.666667 4.975201 1.001228 0.563949 -0.005329
98.733333 4.933791 1.001229 0.566644 -0.005331
98.800000 4.897259 1.001229 0.569032 -0.005332
98.866667 4.865602 1.001229 0.571110 -0.005335
98.933333 4.838819 1.001230 0.572874 -0.005338
99.000000 4.816910 1.001231 0.574321 -0.005341
99.066667 4.799879 1.001232 0.575448 -0.005345
99.133333 4.787728 1.001233 0.576254 -0.005349
99.200000 4.780462 1.001234 0.576736 -0.005354
99.266667 4.778088 1.001235 0.576893 -0.005359
99.333333 4.780615 1.001236 0.576726 -0.005365
99.400000 4.788053 1.001238 0.576232 -0.005371
99.466667 4.800414 1.001239 0.575413 -0.005377
99.533333 4.817711 1.001241 0.574268 -0.005384
99.600000 4.839961 1.001243 0.572799 -0.005392
99.666667 4.867181 1.001244 0.571006 -0.005399
99.733333 4.899391 1.001246 0.568893 -0.005407
99.800000 4.936611 1.001248 0.566460 -0.005416
99.866667 4.978867 1.001250 0.563711 -0.005424
