# z LM (E,E) abs(P1) alpha
0.000000 0.000000 1.000000 1.000000 -0.000000
0.066667 0.000000 1.000000 1.000000 0.000000
0.133333 0.000000 1.000000 1.000000 0.000000
0.200000 0.000000 1.000000 1.000000 0.000000
0.266667 0.000000 1.000000 1.000000 0.000000
0.333333 0.000000 1.000000 1.000000 0.000000
0.400000 0.000000 1.000000 1.000000 0.000000
0.466667 0.000000 1.000000 1.000000 0.000000
0.533333 0.000000 1.000000 1.000000 0.000000
0.600000 0.000000 1.000000 1.000000 0.000000
0.666667 0.000000 1.000000 1.000000 0.000000
0.733333 0.000000 1.000000 1.000000 0.000000
0.800000 0.000000 1.000000 1.000000 0.000000
0.866667 0.000000 1.000000 1.000000 0.000000
0.933333 0.000000 1.000000 1.000000 0.000000
1.000000 0.000000 1.000000 1.000000 0.000000
1.066667 0.000000 1.000000 1.000000 0.000000
1.133333 0.000000 1.000000 1.000000 0.000000
1.200000 0.000000 1.000000 1.000000 0.000000
1.266667 0.000000 1.000000 1.000000 0.000000
1.333333 0.000000 1.000000 1.000000 0.000000
1.400000 0.000000 1.000000 1.000000 0.000000
1.466667 0.000000 1.000000 1.000000 0.000000
1.533333 0.000000 1.000000 1.000000 0.000000
1.600000 0.000000 1.000000 1.000000 0.000000
1.666667 0.000000 1.000000 1.000000 0.000000
1.733333 0.000000 1.000000 1.000000 0.000000
1.800000 0.000000 1.000000 1.000000 0.000000
1.866667 0.000000 1.000000 1.000000 0.000000
1.933333 0.000000 1.000000 1.000000 0.000000
2.000000 0.000000 1.000000 1.000000 0.000000
2.066667 0.000000 1.000000 1.000000 0.000000
2.133333 0.000000 1.000000 1.000000 0.000000
2.200000 0.000001 1.000000 1.000000 0.000000
2.266667 0.000001 1.000000 1.000000 0.000000
2.333333 0.000001 1.000000 1.000000 0.000000
2.400000 0.000001 1.000000 1.000000 0.000000
2.466667 0.000001 1.000000 1.000000 0.000000
2.533333 0.000001 1.000000 1.000000 0.000000
2.600000 0.000001 1.000000 1.000000 0.000000
2.666667 0.000001 1.000000 1.000000 0.000000
2.733333 0.000001 1.000000 1.000000 0.000000
2.800000 0.000001 1.000000 1.000000 0.000000
2.866667 0.000001 1.000000 1.000000 0.000000
2.933333 0.000001 1.000000 1.000000 0.000000
3.000000 0.000001 1.000000 1.000000 0.000000
3.066667 0.000001 1.000000 1.000000 0.000001
3.133333 0.000001 1.000000 1.000000 0.000001
3.200000 0.000001 1.000000 1.000000 0.000001
3.266667 0.000001 1.000000 1.000000 0.000001
3.333333 0.000001 1.000000 1.000000 0.000001
3.400000 0.000001 1.000000 1.000000 0.000001
3.466667 0.000001 1.000000 1.000000 0.000001
3.533333 0.000001 1.000000 1.000000 0.000001
3.600000 0.000001 1.000000 1.000000 0.000001
3.666667 0.000001 1.000000 1.000000 0.000001
3.733333 0.000001 1.000000 1.000000 0.000001
3.800000 0.000001 1.000000 1.000000 0.000001
3.866667 0.000001 1.000000 1.000000 0.000001
3.933333 0.000001 1.000000 1.000000 0.000001
4.000000 0.000001 1.000000 1.000000 0.000001
4.066667 0.000001 1.000000 1.000000 0.000001
4.133333 0.000001 1.000000 1.000000 0.000001
4.200000 0.000001 1.000000 1.000000 0.000001
4.266667 0.000001 1.000000 1.000000 0.000001
4.333333 0.000001 1.000000 1.000000 0.000001
4.400000 0.000001 1.000000 1.000000 0.000001
4.466667 0.000001 1.000000 1.000000 0.000001
4.533333 0.000001 1.000000 1.000000 0.000001
4.600000 0.000001 1.000000 1.000000 0.000001
4.666667 0.000001 1.000000 1.000000 0.000001
4.733333 0.000001 1.000000 1.000000 0.000001
4.800000 0.000001 1.000000 1.000000 0.000001
4.866667 0.000001 1.000000 1.000000 0.000001
4.933333 0.000001 1.000000 1.000000 0.000001
5.000000 0.000001 1.000000 1.000000 0.000001
5.066667 0.000001 1.000000 1.000000 0.000001
5.133333 0.000001 1.000000 1.000000 0.000001
5.200000 0.000001 1.000000 1.000000 0.000001
5.266667 0.000001 1.000000 1.000000 0.000001
5.333333 0.000001 1.000000 1.000000 0.000001
5.400000 0.000001 1.000000 1.000000 0.000001
5.466667 0.000001 1.000000 1.000000 0.000001
5.533333 0.000001 1.000000 1.000000 0.000001
5.600000 0.000001 1.000000 1.000000 0.000001
5.666667 0.000001 1.000000 1.000000 0.000001
5.733333 0.000001 1.000000 1.000000 0.000001
5.800000 0.000001 1.000000 1.000000 0.000001
5.866667 0.000001 1.000000 1.000000 0.000001
5.933333 0.000001 1.000000 1.000000 0.000001
6.000000 0.000001 1.000000 1.000000 0.000001
6.066667 0.000001 1.000000 1.000000 0.000001
6.133333 0.000001 1.000000 1.000000 0.000001
6.200000 0.000001 1.000000 1.000000 0.000001
6.266667 0.000001 1.000000 1.000000 0.000001
6.333333 0.000001 1.000000 1.000000 0.000001
6.400000 0.000001 1.000000 1.000000 0.000001
6.466667 0.000001 1.000000 1.000000 0.000001
6.533333 0.000001 1.000000 1.000000 0.000001
6.600000 0.000001 1.000000 1.000000 0.000001
6.666667 0.000001 1.000000 1.000000 0.000001
6.733333 0.000001 1.000000 1.000000 0.000001
6.800000 0.000001 1.000000 1.000000 0.000001
6.866667 0.000001 1.000000 1.000000 0.000001
6.933333 0.000001 1.000000 1.000000 0.000001
7.000000 0.000001 1.000000 1.000000 0.000001
7.066667 0.000001 1.000000 1.000000 0.000001
7.133333 0.000001 1.000000 1.000000 0.000001
7.200000 0.000001 1.000000 1.000000 0.000001
7.266667 0.000001 1.000000 1.000000 0.000001
7.333333 0.000001 1.000000 1.000000 0.000001
7.400000 0.000001 1.000000 1.000000 0.000001
7.466667 0.000001 1.000000 1.000000 0.000001
7.533333 0.000001 1.000000 1.000000 0.000001
7.600000 0.000001 1.000000 1.000000 0.000001
7.666667 0.000001 1.000000 1.000000 0.000001
7.733333 0.000001 1.000000 1.000000 0.000001
7.800000 0.000001 1.000000 1.000000 0.000001
7.866667 0.000001 1.000000 1.000000 0.000001
7.933333 0.000001 1.000000 1.000000 0.000001
8.000000 0.000001 1.000000 1.000000 0.000001
8.066667 0.000001 1.000000 1.000000 0.000001
8.133333 0.000001 1.000000 1.000000 0.000001
8.200000 0.000001 1.000000 1.000000 0.000001
8.266667 0.000001 1.000000 1.000000 0.000001
8.333333 0.000001 1.000000 1.000000 0.000001
8.400000 0.000001 1.000000 1.000000 0.000001
8.466667 0.000001 1.000000 1.000000 0.000001
8.533333 0.000001 1.000000 1.000000 0.000001
8.600000 0.000001 1.000000 1.000000 0.000001
8.666667 0.000001 1.000000 1.000000 0.000001
8.733333 0.000001 1.000000 1.000000 0.000001
8.800000 0.000001 1.000000 1.000000 0.000001
8.866667 0.000001 1.000000 1.000000 0.000001
8.933333 0.000001 1.000000 1.000000 0.000001
9.000000 0.000001 1.000000 1.000000 0.000001
9.066667 0.000001 1.000000 1.000000 0.000001
9.133333 0.000001 1.000000 1.000000 0.000001
9.200000 0.000001 1.000000 1.000000 0.000001
9.266667 0.000001 1.000000 1.000000 0.000001
9.333333 0.000001 1.000000 1.000000 0.000001
9.400000 0.000001 1.000000 1.000000 0.000001
9.466667 0.000001 1.000000 1.000000 0.000001
9.533333 0.000001 1.000000 1.000000 0.000001
9.600000 0.000001 1.000000 1.000000 0.000001
9.666667 0.000001 1.000000 1.000000 0.000001
9.733333 0.000001 1.000000 1.000000 0.000001
9.800000 0.000001 1.000000 1.000000 0.000001
9.866667 0.000001 1.000000 1.000000 0.000001
9.933333 0.000001 1.000000 1.000000 0.000001
10.000000 0.000001 1.000000 1.000000 0.000001
10.066667 0.000001 1.000000 1.000000 0.000001
10.133333 0.000001 1.000000 1.000000 0.000001
10.200000 0.000001 1.000000 1.000000 0.000001
10.266667 0.000001 1.000000 1.000000 0.000001
10.333333 0.000001 1.000000 1.000000 0.000001
10.400000 0.000001 1.000000 1.000000 0.000001
10.466667 0.000001 1.000000 1.000000 0.000001
10.533333 0.000001 1.000000 1.000000 0.000001
10.600000 0.000001 1.000000 1.000000 0.000001
10.666667 0.000001 1.000000 1.000000 0.000001
10.733333 0.000001 1.000000 1.000000 0.000001
10.800000 0.000001 1.000000 1.000000 0.000001
10.866667 0.000001 1.000000 1.000000 0.000001
10.933333 0.000001 1.000000 1.000000 0.000001
11.000000 0.000001 1.000000 1.000000 0.000001
11.066667 0.000001 1.000000 1.000000 0.000000
11.133333 0.000001 1.000000 1.000000 0.000000
11.200000 0.000001 1.000000 1.000000 0.000000
11.266667 0.000001 1.000000 1.000000 0.000000
11.333333 0.000001 1.000000 1.000000 0.000000
11.400000 0.000001 1.000000 1.000000 0.000000
11.466667 0.000001 1.000000 1.000000 0.000000
11.533333 0.000001 1.000000 1.000000 0.000000
11.600000 0.000001 1.000000 1.000000 0.000000
11.666667 0.000001 1.000000 1.000000 0.000000
11.733333 0.000001 1.000000 1.000000 0.000000
11.800000 0.000001 1.000000 1.000000 0.000000
11.866667 0.000001 1.000000 1.000000 0.000000
11.933333 0.000001 1.000000 1.000000 0.000000
12.000000 0.000001 1.000000 1.000000 0.000000
12.066667 0.000001 1.000000 1.000000 0.000000
12.133333 0.000001 1.000000 1.000000 0.000000
12.200000 0.000001 1.000000 1.000000 0.000000
12.266667 0.000001 1.000000 1.000000 0.000000
12.333333 0.000001 1.000000 1.000000 0.000000
12.400000 0.000000 1.000000 1.000000 0.000000
12.466667 0.000000 1.000000 1.000000 0.000000
12.533333 0.000000 1.000000 1.000000 0.000000
12.600000 0.000000 1.000000 1.000000 0.000000
12.666667 0.000000 1.000000 1.000000 0.000000
12.733333 0.000000 1.000000 1.000000 0.000000
12.800000 0.000000 1.000000 1.000000 0.000000
12.866667 0.000000 1.000000 1.000000 0.000000
12.933333 0.000000 1.000000 1.000000 0.000000
13.000000 0.000000 1.000000 1.000000 0.000000
13.066667 0.000000 1.000000 1.000000 0.000000
13.133333 0.000000 1.000000 1.000000 0.000000
13.200000 0.000000 1.000000 1.000000 0.000000
13.266667 0.000000 1.000000 1.000000 0.000000
13.333333 0.000000 1.000000 1.000000 0.000000
13.400000 0.000000 1.000000 1.000000 0.000000
13.466667 0.000000 1.000000 1.000000 0.000000
13.533333 0.000000 1.000000 1.000000 0.000000
13.600000 0.000000 1.000000 1.000000 0.000000
13.666667 0.000000 1.000000 1.000000 0.000000
13.733333 0.000000 1.000000 1.000000 0.000000
13.800000 0.000000 1.000000 1.000000 0.000000
13.866667 0.000000 1.000000 1.000000 0.000000
13.933333 0.000000 1.000000 1.000000 0.000000
14.000000 0.000000 1.000000 1.000000 0.000000
14.066667 0.000000 1.000000 1.000000 0.000000
14.133333 0.000000 1.000000 1.000000 0.000000
14.200000 0.000000 1.000000 1.000000 0.000000
14.266667 0.000000 1.000000 1.000000 0.000000
14.333333 0.000000 1.000000 1.000000 0.000000
14.400000 0.000000 1.000000 1.000000 0.000000
14.466667 0.000000 1.000000 1.000000 0.000000
14.533333 0.000000 1.000000 1.000000 0.000000
14.600000 0.000000 1.000000 1.000000 0.000000
14.666667 0.000000 1.000000 1.000000 0.000000
14.733333 0.000000 1.000000 1.000000 0.000000
14.800000 0.000000 1.000000 1.000000 0.000000
14.866667 0.000000 1.000000 1.000000 0.000000
14.933333 0.000000 1.000000 1.000000 0.000000
15.000000 0.000000 1.000000 1.000000 0.000000
15.066667 0.000000 1.000000 1.000000 0.000000
15.133333 0.000000 1.000000 1.000000 0.000000
15.200000 0.000000 1.000000 1.000000 0.000000
15.266667 0.000000 1.000000 1.000000 0.000000
15.333333 0.000000 1.000000 1.000000 0.000000
15.400000 0.000000 1.000000 1.000000 0.000000
15.466667 0.000000 1.000000 1.000000 0.000000
15.533333 0.000000 1.000000 1.000000 0.000000
15.600000 0.000000 1.000000 1.000000 0.000000
15.666667 0.000000 1.000000 1.000000 0.000000
15.733333 0.000000 1.000000 1.000000 0.000000
15.800000 0.000000 1.000000 1.000000 0.000000
15.866667 0.000000 1.000000 1.000000 0.000000
15.933333 0.000000 1.000000 1.000000 0.000000
16.000000 0.000000 1.000000 1.000000 0.000000
16.066667 0.000000 1.000000 1.000000 0.000000
16.133333 0.000000 1.000000 1.000000 0.000000
16.200000 0.000000 1.000000 1.000000 0.000000
16.266667 0.000000 1.000000 1.000000 0.000000
16.333333 0.000000 1.000000 1.000000 0.000000
16.400000 0.000000 1.000000 1.000000 0.000000
16.466667 0.000000 1.000000 1.000000 0.000000
16.533333 0.000000 1.000000 1.000000 0.000000
16.600000 0.000000 1.000000 1.000000 0.000000
16.666667 0.000000 1.000000 1.000000 0.000000
16.733333 0.000000 1.000000 1.000000 0.000000
16.800000 0.000000 1.000000 1.000000 0.000000
16.866667 0.000000 1.000000 1.000000 0.000000
16.933333 0.000000 1.000000 1.000000 0.000000
17.000000 0.000000 1.000000 1.000000 0.000000
17.066667 0.000001 1.000000 1.000000 0.000000
17.133333 0.000001 1.000000 1.000000 0.000000
17.200000 0.000001 1.000000 1.000000 0.000000
17.266667 0.000001 1.000000 1.000000 0.000000
17.333333 0.000001 1.000000 1.000000 0.000000
17.400000 0.000001 1.000000 1.000000 0.000000
17.466667 0.000001 1.000000 1.000000 0.000000
17.533333 0.000001 1.000000 1.000000 0.000000
17.600000 0.000001 1.000000 1.000000 0.000001
17.666667 0.000001 1.000000 1.000000 0.000001
17.733333 0.000001 1.000000 1.000000 0.000001
17.800000 0.000001 1.000000 1.000000 0.000001
17.866667 0.000001 1.000000 1.000000 0.000001
17.933333 0.000001 1.000000 1.000000 0.000001
18.000000 0.000001 1.000000 1.000000 0.000001
18.066667 0.000001 1.000000 1.000000 0.000001
18.133333 0.000001 1.000000 1.000000 0.000001
18.200000 0.000001 1.000000 1.000000 0.000001
18.266667 0.000001 1.000000 1.000000 0.000001
18.333333 0.000001 1.000000 1.000000 0.000001
18.400000 0.000001 1.000000 1.000000 0.000001
18.466667 0.000001 1.000000 1.000000 0.000001
18.533333 0.000001 1.000000 1.000000 0.000001
18.600000 0.000001 1.000000 1.000000 0.000001
18.666667 0.000001 1.000000 1.000000 0.000001
18.733333 0.000001 1.000000 1.000000 0.000001
18.800000 0.000001 1.000000 1.000000 0.000001
18.866667 0.000001 1.000000 1.000000 0.000001
18.933333 0.000001 1.000000 1.000000 0.000001
19.000000 0.000001 1.000000 1.000000 0.000001
19.066667 0.000001 1.000000 1.000000 0.000001
19.133333 0.000001 1.000000 1.000000 0.000001
19.200000 0.000001 1.000000 1.000000 0.000001
19.266667 0.000001 1.000000 1.000000 0.000001
19.333333 0.000001 1.000000 1.000000 0.000001
19.400000 0.000001 1.000000 1.000000 0.000001
19.466667 0.000001 1.000000 1.000000 0.000001
19.533333 0.000001 1.000000 1.000000 0.000001
19.600000 0.000001 1.000000 1.000000 0.000001
19.666667 0.000001 1.000000 1.000000 0.000001
19.733333 0.000001 1.000000 1.000000 0.000001
19.800000 0.000001 1.000000 1.000000 0.000001
19.866667 0.000001 1.000000 1.000000 0.000001
19.933333 0.000001 1.000000 1.000000 0.000001
20.000000 0.000001 1.000000 1.000000 0.000001
20.066667 0.000001 1.000000 1.000000 0.000001
20.133333 0.000001 1.000000 1.000000 0.000001
20.200000 0.000001 1.000000 1.000000 0.000001
20.266667 0.000001 1.000000 1.000000 0.000001
20.333333 0.000001 1.000000 1.000000 0.000001
20.400000 0.000001 1.000000 1.000000 0.000001
20.466667 0.000001 1.000000 1.000000 0.000001
20.533333 0.000001 1.000000 1.000000 0.000001
20.600000 0.000001 1.000000 1.000000 0.000001
20.666667 0.000001 1.000000 1.000000 0.000001
20.733333 0.000001 1.000000 1.000000 0.000001
20.800000 0.000001 1.000000 1.000000 0.000001
20.866667 0.000001 1.000000 1.000000 0.000001
20.933333 0.000001 1.000000 1.000000 0.000001
21.000000 0.000001 1.000000 1.000000 0.000001
21.066667 0.000001 1.000000 1.000000 0.000001
21.133333 0.000001 1.000000 1.000000 0.000001
21.200000 0.000001 1.000000 1.000000 0.000001
21.266667 0.000001 1.000000 1.000000 0.000001
21.333333 0.000001 1.000000 1.000000 0.000001
21.400000 0.000001 1.000000 1.000000 0.000001
21.466667 0.000001 1.000000 1.000000 0.000001
21.533333 0.000001 1.000000 1.000000 0.000001
21.600000 0.000001 1.000000 1.000000 0.000001
21.666667 0.000001 1.000000 1.000000 0.000001
21.733333 0.000001 1.000000 1.000000 0.000001
21.800000 0.000001 1.000000 1.000000 0.000001
21.866667 0.000001 1.000000 1.000000 0.000001
21.933333 0.000001 1.000000 1.000000 0.000001
22.000000 0.000001 1.000000 1.000000 0.000001
22.066667 0.000001 1.000000 1.000000 0.000001
22.133333 0.000001 1.000000 1.000000 0.000001
22.200000 0.000001 1.000000 1.000000 0.000001
22.266667 0.000001 1.000000 1.000000 0.000001
22.333333 0.000001 1.000000 1.000000 0.000001
22.400000 0.000001 1.000000 1.000000 0.000001
22.466667 0.000001 1.000000 1.000000 0.000001
22.533333 0.000001 1.000000 1.000000 0.000001
22.600000 0.000001 1.000000 1.000000 0.000001
22.666667 0.000001 1.000000 1.000000 0.000001
22.733333 0.000001 1.000000 1.000000 0.000001
22.800000 0.000001 1.000000 1.000000 0.000001
22.866667 0.000001 1.000000 1.000000 0.000001
22.933333 0.000001 1.000000 1.000000 0.000001
23.000000 0.000001 1.000000 1.000000 0.000001
23.066667 0.000001 1.000000 1.000000 0.000001
23.133333 0.000001 1.000000 1.000000 0.000001
23.200000 0.000001 1.000000 1.000000 0.000001
23.266667 0.000001 1.000000 1.000000 0.000001
23.333333 0.000001 1.000000 1.000000 0.000001
23.400000 0.000001 1.000000 1.000000 0.000001
23.466667 0.000001 1.000000 1.000000 0.000001
23.533333 0.000001 1.000000 1.000000 0.000001
23.600000 0.000001 1.000000 1.000000 0.000001
23.666667 0.000001 1.000000 1.000000 0.000001
23.733333 0.000001 1.000000 1.000000 0.000001
23.800000 0.000001 1.000000 1.000000 0.000001
23.866667 0.000001 1.000000 1.000000 0.000001
23.933333 0.000001 1.000000 1.000000 0.000001
24.000000 0.000001 1.000000 1.000000 0.000001
24.066667 0.000001 1.000000 1.000000 0.000001
24.133333 0.000001 1.000000 1.000000 0.000001
24.200000 0.000001 1.000000 1.000000 0.000001
24.266667 0.000001 1.000000 1.000000 0.000001
24.333333 0.000001 1.000000 1.000000 0.000001
24.400000 0.000001 1.000000 1.000000 0.000001
24.466667 0.000001 1.000000 1.000000 0.000001
24.533333 0.000001 1.000000 1.000000 0.000001
24.600000 0.000001 1.000000 1.000000 0.000001
24.666667 0.000001 1.000000 1.000000 0.000001
24.733333 0.000001 1.000000 1.000000 0.000001
24.800000 0.000001 1.000000 1.000000 0.000001
24.866667 0.000001 1.000000 1.000000 0.000001
24.933333 0.000001 1.000000 1.000000 0.000000
25.000000 0.000001 1.000000 1.000000 0.000000
25.066667 0.000001 1.000000 1.000000 0.000000
25.133333 0.000001 1.000000 1.000000 0.000000
25.200000 0.000001 1.000000 1.000000 0.000000
25.266667 0.000001 1.000000 1.000000 0.000000
25.333333 0.000001 1.000000 1.000000 0.000000
25.400000 0.000001 1.000000 1.000000 0.000000
25.466667 0.000001 1.000000 1.000000 0.000000
25.533333 0.000001 1.000000 1.000000 0.000000
25.600000 0.000001 1.000000 1.000000 0.000000
25.666667 0.000001 1.000000 1.000000 0.000000
25.733333 0.000001 1.000000 1.000000 0.000000
25.800000 0.000001 1.000000 1.000000 0.000000
25.866667 0.000001 1.000000 1.000000 0.000000
25.933333 0.000001 1.000000 1.000000 0.000000
26.000000 0.000001 1.000000 1.000000 0.000000
26.066667 0.000001 1.000000 1.000000 0.000000
26.133333 0.000001 1.000000 1.000000 0.000000
26.200000 0.000001 1.000000 1.000000 0.000000
26.266667 0.000001 1.000000 1.000000 0.000000
26.333333 0.000001 1.000000 1.000000 0.000000
26.400000 0.000001 1.000000 1.000000 0.000000
26.466667 0.000001 1.000000 1.000000 0.000000
26.533333 0.000001 1.000000 1.000000 0.000000
26.600000 0.000001 1.000000 1.000000 0.000000
26.666667 0.000001 1.000000 1.000000 0.000000
26.733333 0.000001 1.000000 1.000000 0.000000
26.800000 0.000000 1.000000 1.000000 0.000000
26.866667 0.000000 1.000000 1.000000 0.000000
26.933333 0.000000 1.000000 1.000000 0.000000
27.000000 0.000000 1.000000 1.000000 0.000000
27.066667 0.000000 1.000000 1.000000 0.000000
27.133333 0.000000 1.000000 1.000000 0.000000
27.200000 0.000000 1.000000 1.000000 0.000000
27.266667 0.000000 1.000000 1.000000 0.000000
27.333333 0.000000 1.000000 1.000000 0.000000
27.400000 0.000000 1.000000 1.000000 0.000000
27.466667 0.000000 1.000000 1.000000 0.000000
27.533333 0.000000 1.000000 1.000000 0.000000
27.600000 0.000000 1.000000 1.000000 0.000000
27.666667 0.000000 1.000000 1.000000 0.000000
27.733333 0.000000 1.000000 1.000000 0.000000
27.800000 0.000000 1.000000 1.000000 0.000000
27.866667 0.000000 1.000000 1.000000 0.000000
27.933333 0.000000 1.000000 1.000000 0.000000
28.000000 0.000000 1.000000 1.000000 0.000000
28.066667 0.000000 1.000000 1.000000 0.000000
28.133333 0.000000 1.000000 1.000000 0.000000
28.200000 0.000000 1.000000 1.000000 0.000000
28.266667 0.000000 1.000000 1.000000 0.000000
28.333333 0.000000 1.000000 1.000000 0.000000
28.400000 0.000000 1.000000 1.000000 0.000000
28.466667 0.000000 1.000000 1.000000 0.000000
28.533333 0.000000 1.000000 1.000000 0.000000
28.600000 0.000000 1.000000 1.000000 0.000000
28.666667 0.000000 1.000000 1.000000 0.000000
28.733333 0.000000 1.000000 1.000000 0.000000
28.800000 0.000000 1.000000 1.000000 0.000000
28.866667 0.000000 1.000000 1.000000 0.000000
28.933333 0.000000 1.000000 1.000000 0.000000
29.000000 0.000000 1.000000 1.000000 0.000000
29.066667 0.000000 1.000000 1.000000 0.000000
29.133333 0.000000 1.000000 1.000000 0.000000
29.200000 0.000000 1.000000 1.000000 0.000000
29.266667 0.000000 1.000000 1.000000 0.000000
29.333333 0.000000 1.000000 1.000000 0.000000
29.400000 0.000000 1.000000 1.000000 0.000000
29.466667 0.000000 1.000000 1.000000 0.000000
29.533333 0.000000 1.000000 1.000000 0.000000
29.600000 0.000000 1.000000 1.000000 0.000000
29.666667 0.000000 1.000000 1.000000 0.000000
29.733333 0.000000 1.000000 1.000000 0.000000
29.800000 0.000000 1.000000 1.000000 0.000000
29.866667 0.000000 1.000000 1.000000 0.000000
29.933333 0.000000 1.000000 1.000000 0.000000
30.000000 0.000000 1.000000 1.000000 0.000000
30.066667 0.000000 1.000000 1.000000 0.000000
30.133333 0.000000 1.000000 1.000000 0.000000
30.200000 0.000000 1.000000 1.000000 0.000000
30.266667 0.000000 1.000000 1.000000 0.000000
30.333333 0.000000 1.000000 1.000000 0.000000
30.400000 0.000000 1.000000 1.000000 0.000000
30.466667 0.000000 1.000000 1.000000 0.000000
30.533333 0.000000 1.000000 1.000000 0.000000
30.600000 0.000000 1.000000 1.000000 0.000000
30.666667 0.000000 1.000000 1.000000 0.000000
30.733333 0.000000 1.000000 1.000000 0.000000
30.800000 0.000000 1.000000 1.000000 0.000000
30.866667 0.000000 1.000000 1.000000 0.000000
30.933333 0.000000 1.000000 1.000000 0.000000
31.000000 0.000000 1.000000 1.000000 0.000000
31.066667 0.000000 1.000000 1.000000 0.000000
31.133333 0.000000 1.000000 1.000000 0.000000
31.200000 0.000000 1.000000 1.000000 0.000000
31.266667 0.000000 1.000000 1.000000 0.000000
31.333333 0.000000 1.000000 1.000000 0.000000
31.400000 0.000000 1.000000 1.000000 0.000000
31.466667 0.000000 1.000000 1.000000 0.000000
31.533333 0.000000 1.000000 1.000000 0.000000
31.600000 0.000001 1.000000 1.000000 0.000000
31.666667 0.000001 1.000000 1.000000 0.000000
31.733333 0.000001 1.000000 1.000000 0.000000
31.800000 0.000001 1.000000 1.000000 0.000000
31.866667 0.000001 1.000000 1.000000 0.000000
31.933333 0.000001 1.000000 1.000000 0.000000
32.000000 0.000001 1.000000 1.000000 0.000000
32.066667 0.000001 1.000000 1.000000 0.000000
32.133333 0.000001 1.000000 1.000000 0.000001
32.200000 0.000001 1.000000 1.000000 0.000001
32.266667 0.000001 1.000000 1.000000 0.000001
32.333333 0.000001 1.000000 1.000000 0.000001
32.400000 0.000001 1.000000 1.000000 0.000001
32.466667 0.000001 1.000000 1.000000 0.000001
32.533333 0.000001 1.000000 1.000000 0.000001
32.600000 0.000001 1.000000 1.000000 0.000001
32.666667 0.000001 1.000000 1.000000 0.000001
32.733333 0.000001 1.000000 1.000000 0.000001
32.800000 0.000001 1.000000 1.000000 0.000001
32.866667 0.000001 1.000000 1.000000 0.000001
32.933333 0.000001 1.000000 1.000000 0.000001
33.000000 0.000001 1.000000 1.000000 0.000001
33.066667 0.000001 1.000000 1.000000 0.000001
33.133333 0.000001 1.000000 1.000000 0.000001
33.200000 0.000001 1.000000 1.000000 0.000001
33.266667 0.000001 1.000000 1.000000 0.000001
33.333333 0.000001 1.000000 1.000000 0.000001
33.400000 0.000001 1.000000 1.000000 0.000001
33.466667 0.000001 1.000000 1.000000 0.000001
33.533333 0.000001 1.000000 1.000000 0.000001
33.600000 0.000001 1.000000 1.000000 0.000001
33.666667 0.000001 1.000000 1.000000 0.000001
33.733333 0.000001 1.000000 1.000000 0.000001
33.800000 0.000001 1.000000 1.000000 0.000001
33.866667 0.000001 1.000000 1.000000 0.000001
33.933333 0.000001 1.000000 1.000000 0.000001
34.000000 0.000001 1.000000 1.000000 0.000001
34.066667 0.000001 1.000000 1.000000 0.000001
34.133333 0.000001 1.000000 1.000000 0.000001
34.200000 0.000001 1.000000 1.000000 0.000001
34.266667 0.000001 1.000000 1.000000 0.000001
34.333333 0.000001 1.000000 1.000000 0.000001
34.400000 0.000001 1.000000 1.000000 0.000001
34.466667 0.000001 1.000000 1.000000 0.000001
34.533333 0.000001 1.000000 1.000000 0.000001
34.600000 0.000001 1.000000 1.000000 0.000001
34.666667 0.000001 1.000000 1.000000 0.000001
34.733333 0.000001 1.000000 1.000000 0.000001
34.800000 0.000001 1.000000 1.000000 0.000001
34.866667 0.000001 1.000000 1.000000 0.000001
34.933333 0.000001 1.000000 1.000000 0.000001
35.000000 0.000001 1.000000 1.000000 0.000001
35.066667 0.000001 1.000000 1.000000 0.000001
35.133333 0.000001 1.000000 1.000000 0.000001
35.200000 0.000002 1.000000 1.000000 0.000001
35.266667 0.000002 1.000000 1.000000 0.000001
35.333333 0.000002 1.000000 1.000000 0.000001
35.400000 0.000002 1.000000 1.000000 0.000001
35.466667 0.000002 1.000000 1.000000 0.000001
35.533333 0.000002 1.000000 1.000000 0.000001
35.600000 0.000002 1.000000 1.000000 0.000001
35.666667 0.000002 1.000000 1.000000 0.000001
35.733333 0.000002 1.000000 1.000000 0.000001
35.800000 0.000002 1.000000 1.000000 0.000001
35.866667 0.000001 1.000000 1.000000 0.000001
35.933333 0.000001 1.000000 1.000000 0.000001
36.000000 0.000001 1.000000 1.000000 0.000001
36.066667 0.000001 1.000000 1.000000 0.000001
36.133333 0.000001 1.000000 1.000000 0.000001
36.200000 0.000001 1.000000 1.000000 0.000001
36.266667 0.000001 1.000000 1.000000 0.000001
36.333333 0.000001 1.000000 1.000000 0.000001
36.400000 0.000001 1.000000 1.000000 0.000001
36.466667 0.000001 1.000000 1.000000 0.000001
36.533333 0.000001 1.000000 1.000000 0.000001
36.600000 0.000001 1.000000 1.000000 0.000001
36.666667 0.000001 1.000000 1.000000 0.000001
36.733333 0.000001 1.000000 1.000000 0.000001
36.800000 0.000001 1.000000 1.000000 0.000001
36.866667 0.000001 1.000000 1.000000 0.000001
36.933333 0.000001 1.000000 1.000000 0.000001
37.000000 0.000001 1.000000 1.000000 0.000001
37.066667 0.000001 1.000000 1.000000 0.000001
37.133333 0.000001 1.000000 1.000000 0.000001
37.200000 0.000001 1.000000 1.000000 0.000001
37.266667 0.000001 1.000000 1.000000 0.000001
37.333333 0.000001 1.000000 1.000000 0.000001
37.400000 0.000001 1.000000 1.000000 0.000001
37.466667 0.000001 1.000000 1.000000 0.000001
37.533333 0.000001 1.000000 1.000000 0.000001
37.600000 0.000001 1.000000 1.000000 0.000001
37.666667 0.000001 1.000000 1.000000 0.000001
37.733333 0.000001 1.000000 1.000000 0.000001
37.800000 0.000001 1.000000 1.000000 0.000001
37.866667 0.000001 1.000000 1.000000 0.000001
37.933333 0.000001 1.000000 1.000000 0.000001
38.000000 0.000001 1.000000 1.000000 0.000001
38.066667 0.000001 1.000000 1.000000 0.000001
38.133333 0.000001 1.000000 1.000000 0.000001
38.200000 0.000001 1.000000 1.000000 0.000001
38.266667 0.000001 1.000000 1.000000 0.000001
38.333333 0.000001 1.000000 1.000000 0.000001
38.400000 0.000001 1.000000 1.000000 0.000001
38.466667 0.000001 1.000000 1.000000 0.000001
38.533333 0.000001 1.000000 1.000000 0.000001
38.600000 0.000001 1.000000 1.000000 0.000001
38.666667 0.000001 1.000000 1.000000 0.000001
38.733333 0.000001 1.000000 1.000000 0.000001
38.800000 0.000001 1.000000 1.000000 0.000001
38.866667 0.000001 1.000000 1.000000 0.000001
38.933333 0.000001 1.000000 1.000000 0.000001
39.000000 0.000001 1.000000 1.000000 0.000001
39.066667 0.000001 1.000000 1.000000 0.000000
39.133333 0.000001 1.000000 1.000000 0.000000
39.200000 0.000001 1.000000 1.000000 0.000000
39.266667 0.000001 1.000000 1.000000 0.000000
39.333333 0.000001 1.000000 1.000000 0.000000
39.400000 0.000001 1.000000 1.000000 0.000000
39.466667 0.000001 1.000000 1.000000 0.000000
39.533333 0.000001 1.000000 1.000000 0.000000
39.600000 0.000000 1.000000 1.000000 0.000000
39.666667 0.000000 1.000000 1.000000 0.000000
39.733333 0.000000 1.000000 1.000000 0.000000
39.800000 0.000000 1.000000 1.000000 0.000000
39.866667 0.000000 1.000000 1.000000 0.000000
39.933333 0.000000 1.000000 1.000000 0.000000
40.000000 0.000000 1.000000 1.000000 0.000000
40.066667 0.000000 1.000000 1.000000 0.000000
40.133333 0.000000 1.000000 1.000000 0.000000
40.200000 0.000000 1.000000 1.000000 0.000000
40.266667 0.000000 1.000000 1.000000 0.000000
40.333333 0.000000 1.000000 1.000000 0.000000
40.400000 0.000000 1.000000 1.000000 0.000000
40.466667 0.000000 1.000000 1.000000 0.000000
40.533333 0.000000 1.000000 1.000000 0.000000
40.600000 0.000000 1.000000 1.000000 0.000000
40.666667 0.000000 1.000000 1.000000 0.000000
40.733333 0.000000 1.000000 1.000000 0.000000
40.800000 0.000000 1.000000 1.000000 0.000000
40.866667 0.000000 1.000000 1.000000 0.000000
40.933333 0.000000 1.000000 1.000000 0.000000
41.000000 0.000000 1.000000 1.000000 0.000000
41.066667 0.000000 1.000000 1.000000 0.000000
41.133333 0.000000 1.000000 1.000000 0.000000
41.200000 0.000000 1.000000 1.000000 0.000000
41.266667 0.000000 1.000000 1.000000 0.000000
41.333333 0.000000 1.000000 1.000000 0.000000
41.400000 0.000000 1.000000 1.000000 0.000000
41.466667 0.000000 1.000000 1.000000 0.000000
41.533333 0.000000 1.000000 1.000000 0.000000
41.600000 0.000000 1.000000 1.000000 0.000000
41.666667 0.000000 1.000000 1.000000 0.000000
41.733333 0.000000 1.000000 1.000000 0.000000
41.800000 0.000000 1.000000 1.000000 0.000000
41.866667 0.000000 1.000000 1.000000 0.000000
41.933333 0.000000 1.000000 1.000000 0.000000
42.000000 0.000000 1.000000 1.000000 0.000000
42.066667 0.000000 1.000000 1.000000 0.000000
42.133333 0.000000 1.000000 1.000000 0.000000
42.200000 0.000000 1.000000 1.000000 0.000000
42.266667 0.000000 1.000000 1.000000 0.000000
42.333333 0.000000 1.000000 1.000000 0.000000
42.400000 0.000000 1.000000 1.000000 0.000000
42.466667 0.000000 1.000000 1.000000 0.000000
42.533333 0.000000 1.000000 1.000000 0.000000
42.600000 0.000000 1.000000 1.000000 0.000000
42.666667 0.000000 1.000000 1.000000 0.000000
42.733333 0.000000 1.000000 1.000000 0.000000
42.800000 0.000000 1.000000 1.000000 0.000000
42.866667 0.000000 1.000000 1.000000 0.000000
42.933333 0.000000 1.000000 1.000000 0.000000
43.000000 0.000000 1.000000 1.000000 0.000000
43.066667 0.000000 1.000000 1.000000 0.000000
43.133333 0.000000 1.000000 1.000000 0.000000
43.200000 0.000000 1.000000 1.000000 0.000000
43.266667 0.000000 1.000000 1.000000 0.000000
43.333333 0.000000 1.000000 1.000000 0.000000
43.400000 0.000000 1.000000 1.000000 0.000000
43.466667 0.000000 1.000000 1.000000 0.000000
43.533333 0.000000 1.000000 1.000000 0.000000
43.600000 0.000000 1.000000 1.000000 0.000000
43.666667 0.000000 1.000000 1.000000 0.000000
43.733333 0.000000 1.000000 1.000000 0.000000
43.800000 0.000000 1.000000 1.000000 0.000000
43.866667 0.000000 1.000000 1.000000 0.000000
43.933333 0.000000 1.000000 1.000000 0.000000
44.000000 0.000000 1.000000 1.000000 0.000000
44.066667 0.000000 1.000000 1.000000 0.000000
44.133333 0.000000 1.000000 1.000000 0.000000
44.200000 0.000000 1.000000 1.000000 0.000000
44.266667 0.000000 1.000000 1.000000 0.000000
44.333333 0.000000 1.000000 1.000000 0.000000
44.400000 0.000000 1.000000 1.000000 0.000000
44.466667 0.000000 1.000000 1.000000 0.000000
44.533333 0.000000 1.000000 1.000000 0.000000
44.600000 0.000000 1.000000 1.000000 0.000000
44.666667 0.000000 1.000000 1.000000 0.000000
44.733333 0.000000 1.000000 1.000000 0.000000
44.800000 0.000000 1.000000 1.000000 0.000000
44.866667 0.000000 1.000000 1.000000 0.000000
44.933333 0.000000 1.000000 1.000000 0.000000
45.000000 0.000000 1.000000 1.000000 0.000000
45.066667 0.000000 1.000000 1.000000 0.000000
45.133333 0.000000 1.000000 1.000000 0.000000
45.200000 0.000000 1.000000 1.000000 0.000000
45.266667 0.000000 1.000000 1.000000 0.000000
45.333333 0.000001 1.000000 1.000000 0.000000
45.400000 0.000001 1.000000 1.000000 0.000000
45.466667 0.000001 1.000000 1.000000 0.000000
45.533333 0.000001 1.000000 1.000000 0.000000
45.600000 0.000001 1.000000 1.000000 0.000000
45.666667 0.000001 1.000000 1.000000 0.000000
45.733333 0.000001 1.000000 1.000000 0.000000
45.800000 0.000001 1.000000 1.000000 0.000000
45.866667 0.000001 1.000000 1.000000 0.000000
45.933333 0.000001 1.000000 1.000000 0.000000
46.000000 0.000001 1.000000 1.000000 0.000000
46.066667 0.000001 1.000000 1.000000 0.000000
46.133333 0.000001 1.000000 1.000000 0.000000
46.200000 0.000001 1.000000 1.000000 0.000000
46.266667 0.000001 1.000000 1.000000 0.000000
46.333333 0.000001 1.000000 1.000000 0.000000
46.400000 0.000001 1.000000 1.000000 0.000001
46.466667 0.000001 1.000000 1.000000 0.000001
46.533333 0.000001 1.000000 1.000000 0.000001
46.600000 0.000001 1.000000 1.000000 0.000001
46.666667 0.000001 1.000000 1.000000 0.000001
46.733333 0.000001 1.000000 1.000000 0.000001
46.800000 0.000001 1.000000 1.000000 0.000001
46.866667 0.000001 1.000000 1.000000 0.000001
46.933333 0.000001 1.000000 1.000000 0.000001
47.000000 0.000001 1.000000 1.000000 0.000001
47.066667 0.000001 1.000000 1.000000 0.000001
47.133333 0.000001 1.000000 1.000000 0.000001
47.200000 0.000001 1.000000 1.000000 0.000001
47.266667 0.000001 1.000000 1.000000 0.000001
47.333333 0.000001 1.000000 1.000000 0.000001
47.400000 0.000001 1.000000 1.000000 0.000001
47.466667 0.000001 1.000000 1.000000 0.000001
47.533333 0.000001 1.000000 1.000000 0.000001
47.600000 0.000001 1.000000 1.000000 0.000001
47.666667 0.000001 1.000000 1.000000 0.000001
47.733333 0.000001 1.000000 1.000000 0.000001
47.800000 0.000001 1.000000 1.000000 0.000001
47.866667 0.000001 1.000000 1.000000 0.000001
47.933333 0.000001 1.000000 1.000000 0.000001
48.000000 0.000001 1.000000 1.000000 0.000001
48.066667 0.000001 1.000000 1.000000 0.000001
48.133333 0.000001 1.000000 1.000000 0.000001
48.200000 0.000001 1.000000 1.000000 0.000001
48.266667 0.000001 1.000000 1.000000 0.000001
48.333333 0.000001 1.000000 1.000000 0.000001
48.400000 0.000001 1.000000 1.000000 0.000001
48.466667 0.000001 1.000000 1.000000 0.000001
48.533333 0.000001 1.000000 1.000000 0.000001
48.600000 0.000001 1.000000 1.000000 0.000001
48.666667 0.000001 1.000000 1.000000 0.000001
48.733333 0.000001 1.000000 1.000000 0.000001
48.800000 0.000001 1.000000 1.000000 0.000001
48.866667 0.000001 1.000000 1.000000 0.000001
48.933333 0.000001 1.000000 1.000000 0.000001
49.000000 0.000001 1.000000 1.000000 0.000001
49.066667 0.000001 1.000000 1.000000 0.000001
49.133333 0.000001 1.000000 1.000000 0.000001
49.200000 0.000001 1.000000 1.000000 0.000001
49.266667 0.000001 1.000000 1.000000 0.000001
49.333333 0.000001 1.000000 1.000000 0.000001
49.400000 0.000001 1.000000 1.000000 0.000001
49.466667 0.000001 1.000000 1.000000 0.000001
49.533333 0.000001 1.000000 1.000000 0.000001
49.600000 0.000001 1.000000 1.000000 0.000001
49.666667 0.000001 1.000000 1.000000 0.000001
49.733333 0.000001 1.000000 1.000000 0.000001
49.800000 0.000001 1.000000 1.000000 0.000001
49.866667 0.000001 1.000000 1.000000 0.000001
49.933333 0.000001 1.000000 1.000000 0.000001
50.000000 0.000001 1.000000 1.000000 0.000001
50.066667 0.000001 1.000000 1.000000 0.000001
50.133333 0.000001 1.000000 1.000000 0.000001
50.200000 0.000001 1.000000 1.000000 0.000001
50.266667 0.000001 1.000000 1.000000 0.000001
50.333333 0.000001 1.000000 1.000000 0.000001
50.400000 0.000001 1.000000 1.000000 0.000001
50.466667 0.000001 1.000000 1.000000 0.000001
50.533333 0.000001 1.000000 1.000000 0.000001
50.600000 0.000001 1.000000 1.000000 0.000001
50.666667 0.000001 1.000000 1.000000 0.000001
50.733333 0.000001 1.000000 1.000000 0.000001
50.800000 0.000001 1.000000 1.000000 0.000001
50.866667 0.000001 1.000000 1.000000 0.000001
50.933333 0.000001 1.000000 1.000000 0.000001
51.000000 0.000001 1.000000 1.000000 0.000001
51.066667 0.000001 1.000000 1.000000 0.000001
51.133333 0.000001 1.000000 1.000000 0.000001
51.200000 0.000001 1.000000 1.000000 0.000001
51.266667 0.000001 1.000000 1.000000 0.000001
51.333333 0.000001 1.000000 1.000000 0.000001
51.400000 0.000001 1.000000 1.000000 0.000001
51.466667 0.000001 1.000000 1.000000 0.000001
51.533333 0.000001 1.000000 1.000000 0.000001
51.600000 0.000001 1.000000 1.000000 0.000001
51.666667 0.000001 1.000000 1.000000 0.000001
51.733333 0.000001 1.000000 1.000000 0.000001
51.800000 0.000001 1.000000 1.000000 0.000001
51.866667 0.000001 1.000000 1.000000 0.000001
51.933333 0.000001 1.000000 1.000000 0.000001
52.000000 0.000001 1.000000 1.000000 0.000001
52.066667 0.000001 1.000000 1.000000 0.000001
52.133333 0.000001 1.000000 1.000000 0.000001
52.200000 0.000001 1.000000 1.000000 0.000001
52.266667 0.000001 1.000000 1.000000 0.000001
52.333333 0.000001 1.000000 1.000000 0.000001
52.400000 0.000001 1.000000 1.000000 0.000001
52.466667 0.000001 1.000000 1.000000 0.000001
52.533333 0.000001 1.000000 1.000000 0.000001
52.600000 0.000001 1.000000 1.000000 0.000001
52.666667 0.000001 1.000000 1.000000 0.000001
52.733333 0.000001 1.000000 1.000000 0.000001
52.800000 0.000001 1.000000 1.000000 0.000001
52.866667 0.000001 1.000000 1.000000 0.000001
52.933333 0.000001 1.000000 1.000000 0.000001
53.000000 0.000001 1.000000 1.000000 0.000001
53.066667 0.000001 1.000000 1.000000 0.000001
53.133333 0.000001 1.000000 1.000000 0.000001
53.200000 0.000001 1.000000 1.000000 0.000001
53.266667 0.000001 1.000000 1.000000 0.000001
53.333333 0.000001 1.000000 1.000000 0.000001
53.400000 0.000001 1.000000 1.000000 0.000001
53.466667 0.000001 1.000000 1.000000 0.000000
53.533333 0.000001 1.000000 1.000000 0.000000
53.600000 0.000001 1.000000 1.000000 0.000000
53.666667 0.000001 1.000000 1.000000 0.000000
53.733333 0.000001 1.000000 1.000000 0.000000
53.800000 0.000001 1.000000 1.000000 0.000000
53.866667 0.000001 1.000000 1.000000 0.000000
53.933333 0.000001 1.000000 1.000000 0.000000
54.000000 0.000000 1.000000 1.000000 0.000000
54.066667 0.000000 1.000000 1.000000 0.000000
54.133333 0.000000 1.000000 1.000000 0.000000
54.200000 0.000000 1.000000 1.000000 0.000000
54.266667 0.000000 1.000000 1.000000 0.000000
54.333333 0.000000 1.000000 1.000000 0.000000
54.400000 0.000000 1.000000 1.000000 0.000000
54.466667 0.000000 1.000000 1.000000 0.000000
54.533333 0.000000 1.000000 1.000000 0.000000
54.600000 0.000000 1.000000 1.000000 0.000000
54.666667 0.000000 1.000000 1.000000 0.000000
54.733333 0.000000 1.000000 1.000000 0.000000
54.800000 0.000000 1.000000 1.000000 0.000000
54.866667 0.000000 1.000000 1.000000 0.000000
54.933333 0.000000 1.000000 1.000000 0.000000
55.000000 0.000000 1.000000 1.000000 0.000000
55.066667 0.000000 1.000000 1.000000 0.000000
55.133333 0.000000 1.000000 1.000000 0.000000
55.200000 0.000000 1.000000 1.000000 0.000000
55.266667 0.000000 1.000000 1.000000 0.000000
55.333333 0.000000 1.000000 1.000000 0.000000
55.400000 0.000000 1.000000 1.000000 0.000000
55.466667 0.000000 1.000000 1.000000 0.000000
55.533333 0.000000 1.000000 1.000000 0.000000
55.600000 0.000000 1.000000 1.000000 0.000000
55.666667 0.000000 1.000000 1.000000 0.000000
55.733333 0.000000 1.000000 1.000000 0.000000
55.800000 0.000000 1.000000 1.000000 0.000000
55.866667 0.000000 1.000000 1.000000 0.000000
55.933333 0.000000 1.000000 1.000000 0.000000
56.000000 0.000000 1.000000 1.000000 0.000000
56.066667 0.000000 1.000000 1.000000 0.000000
56.133333 0.000000 1.000000 1.000000 0.000000
56.200000 0.000000 1.000000 1.000000 0.000000
56.266667 0.000000 1.000000 1.000000 0.000000
56.333333 0.000000 1.000000 1.000000 0.000000
56.400000 0.000000 1.000000 1.000000 0.000000
56.466667 0.000000 1.000000 1.000000 0.000000
56.533333 0.000000 1.000000 1.000000 0.000000
56.600000 0.000000 1.000000 1.000000 0.000000
56.666667 0.000000 1.000000 1.000000 0.000000
56.733333 0.000000 1.000000 1.000000 0.000000
56.800000 0.000000 1.000000 1.000000 0.000000
56.866667 0.000000 1.000000 1.000000 0.000000
56.933333 0.000000 1.000000 1.000000 0.000000
57.000000 0.000000 1.000000 1.000000 0.000000
57.066667 0.000000 1.000000 1.000000 0.000000
57.133333 0.000000 1.000000 1.000000 0.000000
57.200000 0.000000 1.000000 1.000000 0.000000
57.266667 0.000000 1.000000 1.000000 0.000000
57.333333 0.000000 1.000000 1.000000 0.000000
57.400000 0.000000 1.000000 1.000000 0.000000
57.466667 0.000000 1.000000 1.000000 0.000000
57.533333 0.000000 1.000000 1.000000 0.000000
57.600000 0.000000 1.000000 1.000000 0.000000
57.666667 0.000000 1.000000 1.000000 0.000000
57.733333 0.000000 1.000000 1.000000 0.000000
57.800000 0.000000 1.000000 1.000000 0.000000
57.866667 0.000000 1.000000 1.000000 0.000000
57.933333 0.000000 1.000000 1.000000 0.000000
58.000000 0.000000 1.000000 1.000000 0.000000
58.066667 0.000000 1.000000 1.000000 0.000000
58.133333 0.000000 1.000000 1.000000 0.000000
58.200000 0.000000 1.000000 1.000000 0.000000
58.266667 0.000000 1.000000 1.000000 0.000000
58.333333 0.000000 1.000000 1.000000 0.000000
58.400000 0.000000 1.000000 1.000000 0.000000
58.466667 0.000000 1.000000 1.000000 0.000000
58.533333 0.000000 1.000000 1.000000 0.000000
58.600000 0.000000 1.000000 1.000000 0.000000
58.666667 0.000000 1.000000 1.000000 0.000000
58.733333 0.000001 1.000000 1.000000 0.000000
58.800000 0.000001 1.000000 1.000000 0.000000
58.866667 0.000001 1.000000 1.000000 0.000000
58.933333 0.000001 1.000000 1.000000 0.000000
59.000000 0.000001 1.000000 1.000000 0.000000
59.066667 0.000001 1.000000 1.000000 0.000000
59.133333 0.000001 1.000000 1.000000 0.000000
59.200000 0.000001 1.000000 1.000000 0.000000
59.266667 0.000001 1.000000 1.000000 0.000000
59.333333 0.000001 1.000000 1.000000 0.000000
59.400000 0.000001 1.000000 1.000000 0.000000
59.466667 0.000001 1.000000 1.000000 0.000000
59.533333 0.000001 1.000000 1.000000 0.000000
59.600000 0.000001 1.000000 1.000000 0.000000
59.666667 0.000001 1.000000 1.000000 0.000000
59.733333 0.000001 1.000000 1.000000 0.000000
59.800000 0.000001 1.000000 1.000000 0.000000
59.866667 0.000001 1.000000 1.000000 0.000000
59.933333 0.000001 1.000000 1.000000 0.000000
60.000000 0.000001 1.000000 1.000000 0.000000
60.066667 0.000001 1.000000 1.000000 0.000000
60.133333 0.000001 1.000000 1.000000 0.000000
60.200000 0.000001 1.000000 1.000000 0.000000
60.266667 0.000001 1.000000 1.000000 0.000001
60.333333 0.000001 1.000000 1.000000 0.000001
60.400000 0.000001 1.000000 1.000000 0.000001
60.466667 0.000001 1.000000 1.000000 0.000001
60.533333 0.000001 1.000000 1.000000 0.000001
60.600000 0.000001 1.000000 1.000000 0.000001
60.666667 0.000001 1.000000 1.000000 0.000001
60.733333 0.000001 1.000000 1.000000 0.000001
60.800000 0.000001 1.000000 1.000000 0.000001
60.866667 0.000001 1.000000 1.000000 0.000001
60.933333 0.000001 1.000000 1.000000 0.000001
61.000000 0.000001 1.000000 1.000000 0.000001
61.066667 0.000001 1.000000 1.000000 0.000001
61.133333 0.000001 1.000000 1.000000 0.000001
61.200000 0.000001 1.000000 1.000000 0.000001
61.266667 0.000001 1.000000 1.000000 0.000001
61.333333 0.000001 1.000000 1.000000 0.000001
61.400000 0.000001 1.000000 1.000000 0.000001
61.466667 0.000001 1.000000 1.000000 0.000001
61.533333 0.000001 1.000000 1.000000 0.000001
61.600000 0.000001 1.000000 1.000000 0.000001
61.666667 0.000001 1.000000 1.000000 0.000001
61.733333 0.000001 1.000000 1.000000 0.000001
61.800000 0.000001 1.000000 1.000000 0.000001
61.866667 0.000001 1.000000 1.000000 0.000001
61.933333 0.000001 1.000000 1.000000 0.000001
62.000000 0.000001 1.000000 1.000000 0.000001
62.066667 0.000001 1.000000 1.000000 0.000001
62.133333 0.000001 1.000000 1.000000 0.000001
62.200000 0.000001 1.000000 1.000000 0.000001
62.266667 0.000001 1.000000 1.000000 0.000001
62.333333 0.000001 1.000000 1.000000 0.000001
62.400000 0.000001 1.000000 1.000000 0.000001
62.466667 0.000001 1.000000 1.000000 0.000001
62.533333 0.000001 1.000000 1.000000 0.000001
62.600000 0.000001 1.000000 1.000000 0.000001
62.666667 0.000001 1.000000 1.000000 0.000001
62.733333 0.000001 1.000000 1.000000 0.000001
62.800000 0.000001 1.000000 1.000000 0.000001
62.866667 0.000001 1.000000 1.000000 0.000001
62.933333 0.000001 1.000000 1.000000 0.000001
63.000000 0.000001 1.000000 1.000000 0.000001
63.066667 0.000001 1.000000 1.000000 0.000001
63.133333 0.000001 1.000000 1.000000 0.000001
63.200000 0.000001 1.000000 1.000000 0.000001
63.266667 0.000001 1.000000 1.000000 0.000001
63.333333 0.000001 1.000000 1.000000 0.000001
63.400000 0.000001 1.000000 1.000000 0.000001
63.466667 0.000001 1.000000 1.000000 0.000001
63.533333 0.000001 1.000000 1.000000 0.000001
63.600000 0.000001 1.000000 1.000000 0.000001
63.666667 0.000001 1.000000 1.000000 0.000001
63.733333 0.000001 1.000000 1.000000 0.000001
63.800000 0.000001 1.000000 1.000000 0.000001
63.866667 0.000001 1.000000 1.000000 0.000001
63.933333 0.000001 1.000000 1.000000 0.000001
64.000000 0.000001 1.000000 1.000000 0.000001
64.066667 0.000001 1.000000 1.000000 0.000001
64.133333 0.000001 1.000000 1.000000 0.000001
64.200000 0.000001 1.000000 1.000000 0.000001
64.266667 0.000001 1.000000 1.000000 0.000001
64.333333 0.000001 1.000000 1.000000 0.000001
64.400000 0.000001 1.000000 1.000000 0.000001
64.466667 0.000001 1.000000 1.000000 0.000001
64.533333 0.000001 1.000000 1.000000 0.000001
64.600000 0.000001 1.000000 1.000000 0.000001
64.666667 0.000001 1.000000 1.000000 0.000001
64.733333 0.000001 1.000000 1.000000 0.000001
64.800000 0.000001 1.000000 1.000000 0.000001
64.866667 0.000001 1.000000 1.000000 0.000001
64.933333 0.000001 1.000000 1.000000 0.000001
65.000000 0.000001 1.000000 1.000000 0.000001
65.066667 0.000001 1.000000 1.000000 0.000001
65.133333 0.000001 1.000000 1.000000 0.000001
65.200000 0.000001 1.000000 1.000000 0.000001
65.266667 0.000001 1.000000 1.000000 0.000001
65.333333 0.000001 1.000000 1.000000 0.000001
65.400000 0.000001 1.000000 1.000000 0.000001
65.466667 0.000001 1.000000 1.000000 0.000001
65.533333 0.000001 1.000000 1.000000 0.000001
65.600000 0.000001 1.000000 1.000000 0.000001
65.666667 0.000001 1.000000 1.000000 0.000001
65.733333 0.000001 1.000000 1.000000 0.000001
65.800000 0.000001 1.000000 1.000000 0.000001
65.866667 0.000001 1.000000 1.000000 0.000001
65.933333 0.000001 1.000000 1.000000 0.000001
66.000000 0.000001 1.000000 1.000000 0.000001
66.066667 0.000001 1.000000 1.000000 0.000001
66.133333 0.000001 1.000000 1.000000 0.000001
66.200000 0.000001 1.000000 1.000000 0.000001
66.266667 0.000001 1.000000 1.000000 0.000001
66.333333 0.000001 1.000000 1.000000 0.000001
66.400000 0.000001 1.000000 1.000000 0.000001
66.466667 0.000001 1.000000 1.000000 0.000001
66.533333 0.000001 1.000000 1.000000 0.000001
66.600000 0.000001 1.000000 1.000000 0.000001
66.666667 0.000001 1.000000 1.000000 0.000001
66.733333 0.000001 1.000000 1.000000 0.000001
66.800000 0.000001 1.000000 1.000000 0.000001
66.866667 0.000001 1.000000 1.000000 0.000001
66.933333 0.000001 1.000000 1.000000 0.000001
67.000000 0.000001 1.000000 1.000000 0.000001
67.066667 0.000001 1.000000 1.000000 0.000001
67.133333 0.000001 1.000000 1.000000 0.000001
67.200000 0.000001 1.000000 1.000000 0.000001
67.266667 0.000001 1.000000 1.000000 0.000001
67.333333 0.000001 1.000000 1.000000 0.000001
67.400000 0.000001 1.000000 1.000000 0.000001
67.466667 0.000001 1.000000 1.000000 0.000001
67.533333 0.000001 1.000000 1.000000 0.000001
67.600000 0.000001 1.000000 1.000000 0.000001
67.666667 0.000001 1.000000 1.000000 0.000001
67.733333 0.000001 1.000000 1.000000 0.000001
67.800000 0.000001 1.000000 1.000000 0.000001
67.866667 0.000001 1.000000 1.000000 0.000001
67.933333 0.000001 1.000000 1.000000 0.000001
68.000000 0.000001 1.000000 1.000000 0.000001
68.066667 0.000001 1.000000 1.000000 0.000000
68.133333 0.000001 1.000000 1.000000 0.000000
68.200000 0.000001 1.000000 1.000000 0.000000
68.266667 0.000001 1.000000 1.000000 0.000000
68.333333 0.000001 1.000000 1.000000 0.000000
68.400000 0.000001 1.000000 1.000000 0.000000
68.466667 0.000001 1.000000 1.000000 0.000000
68.533333 0.000001 1.000000 1.000000 0.000000
68.600000 0.000001 1.000000 1.000000 0.000000
68.666667 0.000001 1.000000 1.000000 0.000000
68.733333 0.000000 1.000000 1.000000 0.000000
68.800000 0.000000 1.000000 1.000000 0.000000
68.866667 0.000000 1.000000 1.000000 0.000000
68.933333 0.000000 1.000000 1.000000 0.000000
69.000000 0.000000 1.000000 1.000000 0.000000
69.066667 0.000000 1.000000 1.000000 0.000000
69.133333 0.000000 1.000000 1.000000 0.000000
69.200000 0.000000 1.000000 1.000000 0.000000
69.266667 0.000000 1.000000 1.000000 0.000000
69.333333 0.000000 1.000000 1.000000 0.000000
69.400000 0.000000 1.000000 1.000000 0.000000
69.466667 0.000000 1.000000 1.000000 0.000000
69.533333 0.000000 1.000000 1.000000 0.000000
69.600000 0.000000 1.000000 1.000000 0.000000
69.666667 0.000000 1.000000 1.000000 0.000000
69.733333 0.000000 1.000000 1.000000 0.000000
69.800000 0.000000 1.000000 1.000000 0.000000
69.866667 0.000000 1.000000 1.000000 0.000000
69.933333 0.000000 1.000000 1.000000 0.000000
70.000000 0.000000 1.000000 1.000000 0.000000
70.066667 0.000000 1.000000 1.000000 0.000000
70.133333 0.000000 1.000000 1.000000 0.000000
70.200000 0.000000 1.000000 1.000000 0.000000
70.266667 0.000000 1.000000 1.000000 0.000000
70.333333 0.000000 1.000000 1.000000 0.000000
70.400000 0.000000 1.000000 1.000000 0.000000
70.466667 0.000000 1.000000 1.000000 0.000000
70.533333 0.000000 1.000000 1.000000 0.000000
70.600000 0.000000 1.000000 1.000000 0.000000
70.666667 0.000000 1.000000 1.000000 0.000000
70.733333 0.000000 1.000000 1.000000 0.000000
70.800000 0.000000 1.000000 1.000000 0.000000
70.866667 0.000000 1.000000 1.000000 0.000000
70.933333 0.000000 1.000000 1.000000 0.000000
71.000000 0.000000 1.000000 1.000000 0.000000
71.066667 0.000000 1.000000 1.000000 0.000000
71.133333 0.000000 1.000000 1.000000 0.000000
71.200000 0.000000 1.000000 1.000000 0.000000
71.266667 0.000000 1.000000 1.000000 0.000000
71.333333 0.000000 1.000000 1.000000 0.000000
71.400000 0.000000 1.000000 1.000000 0.000000
71.466667 0.000000 1.000000 1.000000 0.000000
71.533333 0.000000 1.000000 1.000000 0.000000
71.600000 0.000000 1.000000 1.000000 0.000000
71.666667 0.000000 1.000000 1.000000 0.000000
71.733333 0.000000 1.000000 1.000000 0.000000
71.800000 0.000000 1.000000 1.000000 0.000000
71.866667 0.000000 1.000000 1.000000 0.000000
71.933333 0.000000 1.000000 1.000000 0.000000
72.000000 0.000000 1.000000 1.000000 0.000000
72.066667 0.000000 1.000000 1.000000 0.000000
72.133333 0.000000 1.000000 1.000000 0.000000
72.200000 0.000000 1.000000 1.000000 0.000000
72.266667 0.000000 1.000000 1.000000 0.000000
72.333333 0.000000 1.000000 1.000000 0.000000
72.400000 0.000000 1.000000 1.000000 0.000000
72.466667 0.000000 1.000000 1.000000 0.000000
72.533333 0.000000 1.000000 1.000000 0.000000
72.600000 0.000000 1.000000 1.000000 0.000000
72.666667 0.000000 1.000000 1.000000 0.000000
72.733333 0.000000 1.000000 1.000000 0.000000
72.800000 0.000000 1.000000 1.000000 0.000000
72.866667 0.000000 1.000000 1.000000 0.000000
72.933333 0.000000 1.000000 1.000000 0.000000
73.000000 0.000000 1.000000 1.000000 0.000000
73.066667 0.000000 1.000000 1.000000 0.000000
73.133333 0.000000 1.000000 1.000000 0.000000
73.200000 0.000000 1.000000 1.000000 0.000000
73.266667 0.000001 1.000000 1.000000 0.000000
73.333333 0.000001 1.000000 1.000000 0.000000
73.400000 0.000001 1.000000 1.000000 0.000000
73.466667 0.000001 1.000000 1.000000 0.000000
73.533333 0.000001 1.000000 1.000000 0.000000
73.600000 0.000001 1.000000 1.000000 0.000000
73.666667 0.000001 1.000000 1.000000 0.000000
73.733333 0.000001 1.000000 1.000000 0.000000
73.800000 0.000001 1.000000 1.000000 0.000000
73.866667 0.000001 1.000000 1.000000 0.000000
73.933333 0.000001 1.000000 1.000000 0.000000
74.000000 0.000001 1.000000 1.000000 0.000000
74.066667 0.000001 1.000000 1.000000 0.000000
74.133333 0.000001 1.000000 1.000000 0.000000
74.200000 0.000001 1.000000 1.000000 0.000000
74.266667 0.000001 1.000000 1.000000 0.000000
74.333333 0.000001 1.000000 1.000000 0.000001
74.400000 0.000001 1.000000 1.000000 0.000001
74.466667 0.000001 1.000000 1.000000 0.000001
74.533333 0.000001 1.000000 1.000000 0.000001
74.600000 0.000001 1.000000 1.000000 0.000001
74.666667 0.000001 1.000000 1.000000 0.000001
74.733333 0.000001 1.000000 1.000000 0.000001
74.800000 0.000001 1.000000 1.000000 0.000001
74.866667 0.000001 1.000000 1.000000 0.000001
74.933333 0.000001 1.000000 1.000000 0.000001
75.000000 0.000001 1.000000 1.000000 0.000001
75.066667 0.000001 1.000000 1.000000 0.000001
75.133333 0.000001 1.000000 1.000000 0.000001
75.200000 0.000001 1.000000 1.000000 0.000001
75.266667 0.000001 1.000000 1.000000 0.000001
75.333333 0.000001 1.000000 1.000000 0.000001
75.400000 0.000001 1.000000 1.000000 0.000001
75.466667 0.000001 1.000000 1.000000 0.000001
75.533333 0.000001 1.000000 1.000000 0.000001
75.600000 0.000001 1.000000 1.000000 0.000001
75.666667 0.000001 1.000000 1.000000 0.000001
75.733333 0.000001 1.000000 1.000000 0.000001
75.800000 0.000001 1.000000 1.000000 0.000001
75.866667 0.000001 1.000000 1.000000 0.000001
75.933333 0.000001 1.000000 1.000000 0.000001
76.000000 0.000001 1.000000 1.000000 0.000001
76.066667 0.000001 1.000000 1.000000 0.000001
76.133333 0.000001 1.000000 1.000000 0.000001
76.200000 0.000001 1.000000 1.000000 0.000001
76.266667 0.000001 1.000000 1.000000 0.000001
76.333333 0.000001 1.000000 1.000000 0.000001
76.400000 0.000001 1.000000 1.000000 0.000001
76.466667 0.000001 1.000000 1.000000 0.000001
76.533333 0.000001 1.000000 1.000000 0.000001
76.600000 0.000001 1.000000 1.000000 0.000001
76.666667 0.000001 1.000000 1.000000 0.000001
76.733333 0.000001 1.000000 1.000000 0.000001
76.800000 0.000001 1.000000 1.000000 0.000001
76.866667 0.000001 1.000000 1.000000 0.000001
76.933333 0.000001 1.000000 1.000000 0.000001
77.000000 0.000001 1.000000 1.000000 0.000001
77.066667 0.000001 1.000000 1.000000 0.000001
77.133333 0.000001 1.000000 1.000000 0.000001
77.200000 0.000001 1.000000 1.000000 0.000001
77.266667 0.000001 1.000000 1.000000 0.000001
77.333333 0.000001 1.000000 1.000000 0.000001
77.400000 0.000001 1.000000 1.000000 0.000001
77.466667 0.000001 1.000000 1.000000 0.000001
77.533333 0.000001 1.000000 1.000000 0.000001
77.600000 0.000001 1.000000 1.000000 0.000001
77.666667 0.000001 1.000000 1.000000 0.000001
77.733333 0.000001 1.000000 1.000000 0.000001
77.800000 0.000001 1.000000 1.000000 0.000001
77.866667 0.000001 1.000000 1.000000 0.000001
77.933333 0.000001 1.000000 1.000000 0.000001
78.000000 0.000001 1.000000 1.000000 0.000001
78.066667 0.000001 1.000000 1.000000 0.000001
78.133333 0.000001 1.000000 1.000000 0.000001
78.200000 0.000001 1.000000 1.000000 0.000001
78.266667 0.000001 1.000000 1.000000 0.000001
78.333333 0.000001 1.000000 1.000000 0.000001
78.400000 0.000001 1.000000 1.000000 0.000001
78.466667 0.000001 1.000000 1.000000 0.000001
78.533333 0.000001 1.000000 1.000000 0.000001
78.600000 0.000001 1.000000 1.000000 0.000001
78.666667 0.000001 1.000000 1.000000 0.000001
78.733333 0.000001 1.000000 1.000000 0.000001
78.800000 0.000001 1.000000 1.000000 0.000001
78.866667 0.000001 1.000000 1.000000 0.000001
78.933333 0.000001 1.000000 1.000000 0.000001
79.000000 0.000001 1.000000 1.000000 0.000001
79.066667 0.000001 1.000000 1.000000 0.000001
79.133333 0.000001 1.000000 1.000000 0.000001
79.200000 0.000001 1.000000 1.000000 0.000001
79.266667 0.000001 1.000000 1.000000 0.000001
79.333333 0.000001 1.000000 1.000000 0.000001
79.400000 0.000001 1.000000 1.000000 0.000001
79.466667 0.000001 1.000000 1.000000 0.000001
79.533333 0.000001 1.000000 1.000000 0.000001
79.600000 0.000001 1.000000 1.000000 0.000001
79.666667 0.000001 1.000000 1.000000 0.000001
79.733333 0.000001 1.000000 1.000000 0.000001
79.800000 0.000001 1.000000 1.000000 0.000001
79.866667 0.000001 1.000000 1.000000 0.000001
79.933333 0.000001 1.000000 1.000000 0.000001
80.000000 0.000001 1.000000 1.000000 0.000001
80.066667 0.000001 1.000000 1.000000 0.000001
80.133333 0.000001 1.000000 1.000000 0.000001
80.200000 0.000001 1.000000 1.000000 0.000001
80.266667 0.000001 1.000000 1.000000 0.000001
80.333333 0.000001 1.000000 1.000000 0.000001
80.400000 0.000001 1.000000 1.000000 0.000001
80.466667 0.000001 1.000000 1.000000 0.000001
80.533333 0.000001 1.000000 1.000000 0.000001
80.600000 0.000001 1.000000 1.000000 0.000001
80.666667 0.000001 1.000000 1.000000 0.000001
80.733333 0.000001 1.000000 1.000000 0.000001
80.800000 0.000001 1.000000 1.000000 0.000001
80.866667 0.000001 1.000000 1.000000 0.000001
80.933333 0.000001 1.000000 1.000000 0.000001
81.000000 0.000001 1.000000 1.000000 0.000001
81.066667 0.000001 1.000000 1.000000 0.000001
81.133333 0.000001 1.000000 1.000000 0.000001
81.200000 0.000001 1.000000 1.000000 0.000001
81.266667 0.000001 1.000000 1.000000 0.000001
81.333333 0.000001 1.000000 1.000000 0.000001
81.400000 0.000001 1.000000 1.000000 0.000001
81.466667 0.000001 1.000000 1.000000 0.000001
81.533333 0.000001 1.000000 1.000000 0.000001
81.600000 0.000001 1.000000 1.000000 0.000001
81.666667 0.000001 1.000000 1.000000 0.000001
81.733333 0.000001 1.000000 1.000000 0.000001
81.800000 0.000001 1.000000 1.000000 0.000001
81.866667 0.000001 1.000000 1.000000 0.000001
81.933333 0.000001 1.000000 1.000000 0.000001
82.000000 0.000001 1.000000 1.000000 0.000001
82.066667 0.000001 1.000000 1.000000 0.000001
82.133333 0.000001 1.000000 1.000000 0.000001
82.200000 0.000001 1.000000 1.000000 0.000001
82.266667 0.000001 1.000000 1.000000 0.000001
82.333333 0.000001 1.000000 1.000000 0.000001
82.400000 0.000001 1.000000 1.000000 0.000001
82.466667 0.000001 1.000000 1.000000 0.000000
82.533333 0.000001 1.000000 1.000000 0.000000
82.600000 0.000001 1.000000 1.000000 0.000000
82.666667 0.000001 1.000000 1.000000 0.000000
82.733333 0.000001 1.000000 1.000000 0.000000
82.800000 0.000001 1.000000 1.000000 0.000000
82.866667 0.000001 1.000000 1.000000 0.000000
82.933333 0.000001 1.000000 1.000000 0.000000
83.000000 0.000001 1.000000 1.000000 0.000000
83.066667 0.000001 1.000000 1.000000 0.000000
83.133333 0.000001 1.000000 1.000000 0.000000
83.200000 0.000001 1.000000 1.000000 0.000000
83.266667 0.000001 1.000000 1.000000 0.000000
83.333333 0.000001 1.000000 1.000000 0.000000
83.400000 0.000001 1.000000 1.000000 0.000000
83.466667 0.000001 1.000000 1.000000 0.000000
83.533333 0.000001 1.000000 1.000000 0.000000
83.600000 0.000000 1.000000 1.000000 0.000000
83.666667 0.000000 1.000000 1.000000 0.000000
83.733333 0.000000 1.000000 1.000000 0.000000
83.800000 0.000000 1.000000 1.000000 0.000000
83.866667 0.000000 1.000000 1.000000 0.000000
83.933333 0.000000 1.000000 1.000000 0.000000
84.000000 0.000000 1.000000 1.000000 0.000000
84.066667 0.000000 1.000000 1.000000 0.000000
84.133333 0.000000 1.000000 1.000000 0.000000
84.200000 0.000000 1.000000 1.000000 0.000000
84.266667 0.000000 1.000000 1.000000 0.000000
84.333333 0.000000 1.000000 1.000000 0.000000
84.400000 0.000000 1.000000 1.000000 0.000000
84.466667 0.000000 1.000000 1.000000 0.000000
84.533333 0.000000 1.000000 1.000000 0.000000
84.600000 0.000000 1.000000 1.000000 0.000000
84.666667 0.000000 1.000000 1.000000 0.000000
84.733333 0.000000 1.000000 1.000000 0.000000
84.800000 0.000000 1.000000 1.000000 0.000000
84.866667 0.000000 1.000000 1.000000 0.000000
84.933333 0.000000 1.000000 1.000000 0.000000
85.000000 0.000000 1.000000 1.000000 0.000000
85.066667 0.000000 1.000000 1.000000 0.000000
85.133333 0.000000 1.000000 1.000000 0.000000
85.200000 0.000000 1.000000 1.000000 0.000000
85.266667 0.000000 1.000000 1.000000 0.000000
85.333333 0.000000 1.000000 1.000000 0.000000
85.400000 0.000000 1.000000 1.000000 0.000000
85.466667 0.000000 1.000000 1.000000 0.000000
85.533333 0.000000 1.000000 1.000000 0.000000
85.600000 0.000000 1.000000 1.000000 0.000000
85.666667 0.000000 1.000000 1.000000 0.000000
85.733333 0.000000 1.000000 1.000000 0.000000
85.800000 0.000000 1.000000 1.000000 0.000000
85.866667 0.000000 1.000000 1.000000 0.000000
85.933333 0.000000 1.000000 1.000000 0.000000
86.000000 0.000000 1.000000 1.000000 0.000000
86.066667 0.000000 1.000000 1.000000 0.000000
86.133333 0.000000 1.000000 1.000000 0.000000
86.200000 0.000000 1.000000 1.000000 0.000000
86.266667 0.000000 1.000000 1.000000 0.000000
86.333333 0.000000 1.000000 1.000000 0.000000
86.400000 0.000000 1.000000 1.000000 0.000000
86.466667 0.000000 1.000000 1.000000 0.000000
86.533333 0.000000 1.000000 1.000000 0.000000
86.600000 0.000000 1.000000 1.000000 0.000000
86.666667 0.000000 1.000000 1.000000 0.000000
86.733333 0.000000 1.000000 1.000000 0.000000
86.800000 0.000000 1.000000 1.000000 0.000000
86.866667 0.000000 1.000000 1.000000 0.000000
86.933333 0.000000 1.000000 1.000000 0.000000
87.000000 0.000000 1.000000 1.000000 0.000000
87.066667 0.000000 1.000000 1.000000 0.000000
87.133333 0.000000 1.000000 1.000000 0.000000
87.200000 0.000000 1.000000 1.000000 0.000000
87.266667 0.000000 1.000000 1.000000 0.000000
87.333333 0.000000 1.000000 1.000000 0.000000
87.400000 0.000000 1.000000 1.000000 0.000000
87.466667 0.000000 1.000000 1.000000 0.000000
87.533333 0.000000 1.000000 1.000000 0.000000
87.600000 0.000000 1.000000 1.000000 0.000000
87.666667 0.000000 1.000000 1.000000 0.000000
87.733333 0.000000 1.000000 1.000000 0.000000
87.800000 0.000000 1.000000 1.000000 0.000000
87.866667 0.000000 1.000000 1.000000 0.000000
87.933333 0.000000 1.000000 1.000000 0.000000
88.000000 0.000000 1.000000 1.000000 0.000000
88.066667 0.000000 1.000000 1.000000 0.000000
88.133333 0.000001 1.000000 1.000000 0.000000
88.200000 0.000001 1.000000 1.000000 0.000000
88.266667 0.000001 1.000000 1.000000 0.000000
88.333333 0.000001 1.000000 1.000000 0.000000
88.400000 0.000001 1.000000 1.000000 0.000000
88.466667 0.000001 1.000000 1.000000 0.000000
88.533333 0.000001 1.000000 1.000000 0.000000
88.600000 0.000001 1.000000 1.000000 0.000000
88.666667 0.000001 1.000000 1.000000 0.000000
88.733333 0.000001 1.000000 1.000000 0.000000
88.800000 0.000001 1.000000 1.000000 0.000001
88.866667 0.000001 1.000000 1.000000 0.000001
88.933333 0.000001 1.000000 1.000000 0.000001
89.000000 0.000001 1.000000 1.000000 0.000001
89.066667 0.000001 1.000000 1.000000 0.000001
89.133333 0.000001 1.000000 1.000000 0.000001
89.200000 0.000001 1.000000 1.000000 0.000001
89.266667 0.000001 1.000000 1.000000 0.000001
89.333333 0.000001 1.000000 1.000000 0.000001
89.400000 0.000001 1.000000 1.000000 0.000001
89.466667 0.000001 1.000000 1.000000 0.000001
89.533333 0.000001 1.000000 1.000000 0.000001
89.600000 0.000001 1.000000 1.000000 0.000001
89.666667 0.000001 1.000000 1.000000 0.000001
89.733333 0.000001 1.000000 1.000000 0.000001
89.800000 0.000001 1.000000 1.000000 0.000001
89.866667 0.000001 1.000000 1.000000 0.000001
89.933333 0.000001 1.000000 1.000000 0.000001
90.000000 0.000001 1.000000 1.000000 0.000001
90.066667 0.000001 1.000000 1.000000 0.000001
90.133333 0.000001 1.000000 1.000000 0.000001
90.200000 0.000001 1.000000 1.000000 0.000001
90.266667 0.000001 1.000000 1.000000 0.000001
90.333333 0.000001 1.000000 1.000000 0.000001
90.400000 0.000001 1.000000 1.000000 0.000001
90.466667 0.000001 1.000000 1.000000 0.000001
90.533333 0.000001 1.000000 1.000000 0.000001
90.600000 0.000001 1.000000 1.000000 0.000001
90.666667 0.000001 1.000000 1.000000 0.000001
90.733333 0.000001 1.000000 1.000000 0.000001
90.800000 0.000001 1.000000 1.000000 0.000001
90.866667 0.000001 1.000000 1.000000 0.000001
90.933333 0.000001 1.000000 1.000000 0.000001
91.000000 0.000001 1.000000 1.000000 0.000001
91.066667 0.000001 1.000000 1.000000 0.000001
91.133333 0.000001 1.000000 1.000000 0.000001
91.200000 0.000001 1.000000 1.000000 0.000001
91.266667 0.000001 1.000000 1.000000 0.000001
91.333333 0.000001 1.000000 1.000000 0.000001
91.400000 0.000001 1.000000 1.000000 0.000001
91.466667 0.000001 1.000000 1.000000 0.000001
91.533333 0.000001 1.000000 1.000000 0.000001
91.600000 0.000001 1.000000 1.000000 0.000001
91.666667 0.000001 1.000000 1.000000 0.000001
91.733333 0.000001 1.000000 1.000000 0.000001
91.800000 0.000001 1.000000 1.000000 0.000001
91.866667 0.000001 1.000000 1.000000 0.000001
91.933333 0.000001 1.000000 1.000000 0.000001
92.000000 0.000001 1.000000 1.000000 0.000001
92.066667 0.000001 1.000000 1.000000 0.000001
92.133333 0.000001 1.000000 1.000000 0.000001
92.200000 0.000001 1.000000 1.000000 0.000001
92.266667 0.000001 1.000000 1.000000 0.000001
92.333333 0.000001 1.000000 1.000000 0.000001
92.400000 0.000001 1.000000 1.000000 0.000001
92.466667 0.000001 1.000000 1.000000 0.000001
92.533333 0.000001 1.000000 1.000000 0.000001
92.600000 0.000001 1.000000 1.000000 0.000001
92.666667 0.000001 1.000000 1.000000 0.000001
92.733333 0.000001 1.000000 1.000000 0.000001
92.800000 0.000001 1.000000 1.000000 0.000001
92.866667 0.000001 1.000000 1.000000 0.000001
92.933333 0.000001 1.000000 1.000000 0.000001
93.000000 0.000001 1.000000 1.000000 0.000001
93.066667 0.000001 1.000000 1.000000 0.000001
93.133333 0.000001 1.000000 1.000000 0.000001
93.200000 0.000001 1.000000 1.000000 0.000001
93.266667 0.000001 1.000000 1.000000 0.000001
93.333333 0.000001 1.000000 1.000000 0.000001
93.400000 0.000001 1.000000 1.000000 0.000001
93.466667 0.000001 1.000000 1.000000 0.000001
93.533333 0.000001 1.000000 1.000000 0.000001
93.600000 0.000001 1.000000 1.000000 0.000001
93.666667 0.000001 1.000000 1.000000 0.000001
93.733333 0.000001 1.000000 1.000000 0.000001
93.800000 0.000001 1.000000 1.000000 0.000001
93.866667 0.000001 1.000000 1.000000 0.000001
93.933333 0.000001 1.000000 1.000000 0.000001
94.000000 0.000001 1.000000 1.000000 0.000001
94.066667 0.000001 1.000000 1.000000 0.000001
94.133333 0.000001 1.000000 1.000000 0.000001
94.200000 0.000001 1.000000 1.000000 0.000001
94.266667 0.000001 1.000000 1.000000 0.000001
94.333333 0.000001 1.000000 1.000000 0.000001
94.400000 0.000001 1.000000 1.000000 0.000001
94.466667 0.000001 1.000000 1.000000 0.000001
94.533333 0.000001 1.000000 1.000000 0.000001
94.600000 0.000001 1.000000 1.000000 0.000001
94.666667 0.000001 1.000000 1.000000 0.000001
94.733333 0.000001 1.000000 1.000000 0.000001
94.800000 0.000001 1.000000 1.000000 0.000001
94.866667 0.000001 1.000000 1.000000 0.000001
94.933333 0.000001 1.000000 1.000000 0.000001
95.000000 0.000001 1.000000 1.000000 0.000001
95.066667 0.000001 1.000000 1.000000 0.000001
95.133333 0.000001 1.000000 1.000000 0.000001
95.200000 0.000001 1.000000 1.000000 0.000001
95.266667 0.000001 1.000000 1.000000 0.000001
95.333333 0.000001 1.000000 1.000000 0.000001
95.400000 0.000001 1.000000 1.000000 0.000001
95.466667 0.000001 1.000000 1.000000 0.000001
95.533333 0.000001 1.000000 1.000000 0.000001
95.600000 0.000001 1.000000 1.000000 0.000001
95.666667 0.000001 1.000000 1.000000 0.000001
95.733333 0.000001 1.000000 1.000000 0.000001
95.800000 0.000001 1.000000 1.000000 0.000001
95.866667 0.000001 1.000000 1.000000 0.000001
95.933333 0.000001 1.000000 1.000000 0.000001
96.000000 0.000001 1.000000 1.000000 0.000001
96.066667 0.000001 1.000000 1.000000 0.000001
96.133333 0.000001 1.000000 1.000000 0.000001
96.200000 0.000001 1.000000 1.000000 0.000001
96.266667 0.000001 1.000000 1.000000 0.000001
96.333333 0.000001 1.000000 1.000000 0.000001
96.400000 0.000001 1.000000 1.000000 0.000001
96.466667 0.000001 1.000000 1.000000 0.000000
96.533333 0.000001 1.000000 1.000000 0.000000
96.600000 0.000001 1.000000 1.000000 0.000000
96.666667 0.000001 1.000000 1.000000 0.000000
96.733333 0.000001 1.000000 1.000000 0.000000
96.800000 0.000001 1.000000 1.000000 0.000000
96.866667 0.000001 1.000000 1.000000 0.000000
96.933333 0.000001 1.000000 1.000000 0.000000
97.000000 0.000001 1.000000 1.000000 0.000000
97.066667 0.000001 1.000000 1.000000 0.000000
97.133333 0.000001 1.000000 1.000000 0.000000
97.200000 0.000001 1.000000 1.000000 0.000000
97.266667 0.000001 1.000000 1.000000 0.000000
97.333333 0.000001 1.000000 1.000000 0.000000
97.400000 0.000001 1.000000 1.000000 0.000000
97.466667 0.000001 1.000000 1.000000 0.000000
97.533333 0.000001 1.000000 1.000000 0.000000
97.600000 0.000001 1.000000 1.000000 0.000000
97.666667 0.000001 1.000000 1.000000 0.000000
97.733333 0.000001 1.000000 1.000000 0.000000
97.800000 0.000001 1.000000 1.000000 0.000000
97.866667 0.000001 1.000000 1.000000 0.000000
97.933333 0.000001 1.000000 1.000000 0.000000
98.000000 0.000001 1.000000 1.000000 0.000000
98.066667 0.000001 1.000000 1.000000 0.000000
98.133333 0.000000 1.000000 1.000000 0.000000
98.200000 0.000000 1.000000 1.000000 0.000000
98.266667 0.000000 1.000000 1.000000 0.000000
98.333333 0.000000 1.000000 1.000000 0.000000
98.400000 0.000000 1.000000 1.000000 0.000000
98.466667 0.000000 1.000000 1.000000 0.000000
98.533333 0.000000 1.000000 1.000000 0.000000
98.600000 0.000000 1.000000 1.000000 0.000000
98.666667 0.000000 1.000000 1.000000 0.000000
98.733333 0.000000 1.000000 1.000000 0.000000
98.800000 0.000000 1.000000 1.000000 0.000000
98.866667 0.000000 1.000000 1.000000 0.000000
98.933333 0.000000 1.000000 1.000000 0.000000
99.000000 0.000000 1.000000 1.000000 0.000000
99.066667 0.000000 1.000000 1.000000 0.000000
99.133333 0.000000 1.000000 1.000000 0.000000
99.200000 0.000000 1.000000 1.000000 0.000000
99.266667 0.000000 1.000000 1.000000 0.000000
99.333333 0.000000 1.000000 1.000000 0.000000
99.400000 0.000000 1.000000 1.000000 0.000000
99.466667 0.000000 1.000000 1.000000 0.000000
99.533333 0.000000 1.000000 1.000000 0.000000
99.600000 0.000000 1.000000 1.000000 0.000000
99.666667 0.000000 1.000000 1.000000 0.000000
99.733333 0.000000 1.000000 1.000000 0.000000
99.800000 0.000000 1.000000 1.000000 0.000000
99.866667 0.000000 1.000000 1.000000 0.000000
